20010102,0.0
20010103,0.0
20010104,0.0
20010105,0.0
20010106,0.10274095249
20010107,0.0221334299803
20010108,0.00691194804344
20010109,0.000115776828193
20010110,0.0
20010111,0.0111379431772
20010112,0.000196783437954
20010113,0.043867152701
20010114,0.00454851242912
20010115,7.467513546e-05
20010116,1.41448292959e-07
20010117,0.0
20010118,0.0
20010119,0.0053767244721
20010120,9.49951288711e-05
20010121,0.0210850732733
20010122,0.00635242223018
20010123,0.000105651841483
20010124,0.00309556052861
20010125,5.46918797733e-05
20010126,0.0
20010127,0.0280678448912
20010128,0.0015920233593
20010129,1.93661683707e-05
20010130,0.0329946342111
20010131,0.0183279481785
20010201,0.000313515961738
20010202,0.0
20010203,0.0
20010204,0.0168460414931
20010205,0.000297633247332
20010206,0.0
20010207,0.184805339832
20010208,0.0119321312156
20010209,0.302540432949
20010210,0.211125598733
20010211,0.00951346654677
20010212,0.0319708792083
20010213,0.00152214707253
20010214,1.694567716e-05
20010215,0.0
20010216,0.080530249599
20010217,0.00142279596191
20010218,0.0
20010219,0.0
20010220,0.0
20010221,0.0
20010222,0.000637902870665
20010223,0.00171236542159
20010224,3.00546907006e-05
20010225,0.0
20010226,0.00662349344691
20010227,0.0138204199937
20010228,0.0473412052432
20010301,0.000832139535232
20010302,0.0
20010303,0.0
20010304,0.0273511687729
20010305,0.000483236194093
20010306,0.141322216409
20010307,0.300044706735
20010308,0.436540482846
20010309,4.80790088121
20010310,1.02268678582
20010311,1.31246816498
20010312,1.46108306208
20010313,0.243142607692
20010314,0.104058449449
20010315,0.240997904216
20010316,0.3356409648
20010317,0.172411860997
20010318,1.89433874928
20010319,0.369057029565
20010320,0.0352391047727
20010321,0.391123704909
20010322,0.90121577661
20010323,0.596439511609
20010324,2.19564792585
20010325,0.705808782775
20010326,0.416903901267
20010327,2.58566852926
20010328,0.045632132344
20010329,0.604660942263
20010330,0.852996501741
20010331,0.196642741192
20010401,0.0262290049941
20010402,0.0115780070283
20010403,0.000197373354835
20010404,0.0
20010405,0.0
20010406,0.0
20010407,0.00355196852514
20010408,6.27556077887e-05
20010409,0.0688438179598
20010410,0.00126719992142
20010411,0.050517433153
20010412,0.212200171998
20010413,0.202118221027
20010414,0.871088103691
20010415,0.290583946177
20010416,0.0121638203747
20010417,0.00124071011902
20010418,1.96417549899e-05
20010419,0.0
20010420,0.00785018795417
20010421,0.339996564749
20010422,0.976703011389
20010423,0.743415502661
20010424,0.0128897115537
20010425,0.000647838085093
20010426,1.14277419269e-05
20010427,0.0
20010428,0.0192711645031
20010429,0.623243730892
20010430,5.12675249264
20010501,0.186732000739
20010502,0.0155469284521
20010503,0.62137333425
20010504,6.55658392173
20010505,1.91045500763
20010506,2.99209698643
20010507,0.0548981182288
20010508,0.609108359929
20010509,0.360471703861
20010510,0.286773062537
20010511,0.791965689008
20010512,0.304428511834
20010513,0.18500253124
20010514,0.427234463284
20010515,2.88242419442
20010516,2.22668051678
20010517,0.691467581915
20010518,0.0681875396359
20010519,0.00119108657228
20010520,0.139540232457
20010521,0.0491259020855
20010522,0.00449754980583
20010523,0.0264647592423
20010524,0.000634243574931
20010525,0.00240433042598
20010526,0.821621951558
20010527,0.271236222286
20010528,0.139027267621
20010529,0.822103424471
20010530,0.277454879524
20010531,0.0709341201972
20010601,0.853678077193
20010602,0.0238284103298
20010603,0.291056374993
20010604,0.0173203583193
20010605,0.0804272672017
20010606,0.361872646035
20010607,0.0572081559617
20010608,0.275180511203
20010609,0.425905838269
20010610,0.370556203599
20010611,0.150086921185
20010612,0.167947301176
20010613,0.190169826537
20010614,0.0440076440519
20010615,0.257995752666
20010616,0.0411925024753
20010617,1.13267164951
20010618,1.08649564463
20010619,0.264445063008
20010620,0.156071450376
20010621,0.10806657604
20010622,1.2881736263
20010623,0.141854066582
20010624,0.0436513877572
20010625,0.312512612434
20010626,0.0867630650117
20010627,2.45879700809
20010628,0.0523641591401
20010629,0.0519649441295
20010630,0.074069805933
20010701,0.587797649614
20010702,2.04430237902
20010703,0.0908736571557
20010704,0.101271226786
20010705,0.100394061225
20010706,0.456874642052
20010707,1.33358256059
20010708,0.926172128807
20010709,0.768985872621
20010710,0.100494320937
20010711,0.709313576525
20010712,0.0531353251928
20010713,0.224512652985
20010714,0.0499990839154
20010715,0.817896472307
20010716,0.445329032594
20010717,0.589919566932
20010718,0.082972914158
20010719,0.452617258604
20010720,3.01946991139
20010721,1.67060924206
20010722,0.19633631541
20010723,0.351282349412
20010724,0.339855357312
20010725,3.27718890634
20010726,1.16948409055
20010727,0.654070868565
20010728,5.45931919018
20010729,3.0516792434
20010730,0.367801983451
20010731,0.519947474634
20010801,7.29684592282
20010802,3.96973324675
20010803,0.186279655612
20010804,1.02683304476
20010805,2.7289517898
20010806,0.258445617857
20010807,0.889109015375
20010808,4.95976624285
20010809,3.6964257687
20010810,0.271018564522
20010811,0.350446843168
20010812,0.0268972133833
20010813,0.490836474175
20010814,2.17010862044
20010815,0.531614635335
20010816,0.302106906514
20010817,0.246243626033
20010818,0.433472410318
20010819,0.665461437779
20010820,0.168821081072
20010821,3.37515150103
20010822,0.0736732707083
20010823,1.0809887948
20010824,4.58012757078
20010825,0.136653831586
20010826,0.646784874261
20010827,0.202903294428
20010828,0.990383097142
20010829,1.96495054131
20010830,0.714729609881
20010831,2.3226457334
20010901,1.22992084714
20010902,0.236391477829
20010903,0.174790014503
20010904,0.00916283705995
20010905,0.377821505387
20010906,0.679452101952
20010907,0.348962989275
20010908,4.11170471744
20010909,2.40980810825
20010910,2.41058780325
20010911,2.9403573383
20010912,0.051335974794
20010913,0.000396211235974
20010914,0.0611003419147
20010915,3.38516912654
20010916,0.138819678696
20010917,0.908649622728
20010918,0.0519471393719
20010919,0.272970459701
20010920,0.00565694180413
20010921,0.0103335864458
20010922,0.000234041315207
20010923,0.0688254069178
20010924,1.81258221541
20010925,0.587117456696
20010926,0.00986105930955
20010927,9.43157344418e-07
20010928,0.000332483686795
20010929,0.000325818071918
20010930,0.000218146658044
20011001,0.00913528316166
20011002,0.354989692533
20011003,0.0124560339989
20011004,0.000109310620933
20011005,0.0
20011006,0.00251353761467
20011007,0.00584393673213
20011008,0.113161926347
20011009,0.0166882298986
20011010,0.000259553273461
20011011,0.0144888338639
20011012,0.000255986438911
20011013,1.12725055949e-05
20011014,1.99160784768e-07
20011015,0.0
20011016,0.00589789775002
20011017,0.0305968965125
20011018,0.00108838731907
20011019,0.00293504294755
20011020,5.16842965777e-05
20011021,1.18965491065
20011022,0.059972766099
20011023,0.011238398304
20011024,0.000186398629893
20011025,0.0368053913954
20011026,0.219187312004
20011027,0.00491819650172
20011028,0.00559832784458
20011029,9.85804085426e-05
20011030,0.0009040511319
20011031,0.0276814625796
20011101,0.00048878952622
20011102,0.00167726446045
20011103,0.00262346926273
20011104,0.00301715414528
20011105,0.000664231757429
20011106,0.00251270667779
20011107,4.42031582287e-05
20011108,0.00868897649982
20011109,0.0076601999781
20011110,0.00580417065642
20011111,0.000100203956689
20011112,0.00028149979833
20011113,0.0360503630175
20011114,0.00141308166705
20011115,1.3714440839e-05
20011116,0.00452765831377
20011117,0.0089143301834
20011118,0.120390566719
20011119,0.0480058191426
20011120,0.00769869415551
20011121,0.0667965245708
20011122,0.00117800046043
20011123,0.0
20011124,0.00186379349022
20011125,0.91359117314
20011126,0.0167218045025
20011127,1.02685752918e-05
20011128,0.000838271691346
20011129,0.000617153784757
20011130,0.00422564359943
20011201,0.000801660538626
20011202,0.0327870813415
20011203,0.00133883029864
20011204,1.34236833633e-05
20011205,0.000571739967559
20011206,0.0305610931869
20011207,0.11560168683
20011208,0.51857985832
20011209,0.0198626704729
20011210,0.00468771463432
20011211,0.000374507056869
20011212,0.0049969234338
20011213,0.000367497481801
20011214,4.93471276575e-06
20011215,0.0340253063778
20011216,0.000601153889194
20011217,0.0
20011218,0.0
20011219,0.0
20011220,0.0
20011221,0.0
20011222,0.0
20011223,0.0
20011224,0.0
20011225,0.000283301408673
20011226,5.00532545909e-06
20011227,0.0
20011228,0.026790972448
20011229,0.00519349908806
20011230,8.33950551684e-05
20011231,0.0
20020101,0.273352894625
20020102,0.750061748602
20020103,1.33535093215
20020104,0.0327607501489
20020105,0.0142066775954
20020106,0.0682069559191
20020107,0.00859022369293
20020108,0.000130557151669
20020109,0.0458593290066
20020110,0.00103504321106
20020111,3.97187154875e-06
20020112,1.27221702963
20020113,0.545484064823
20020114,0.0492510288227
20020115,0.0010078406723
20020116,0.000741430450947
20020117,0.0159228312795
20020118,0.000281092337558
20020119,0.0
20020120,0.0
20020121,0.0
20020122,0.0
20020123,0.0
20020124,0.0
20020125,0.0
20020126,0.0
20020127,0.0
20020128,0.0
20020129,0.0
20020130,0.000264675567264
20020131,0.000635678801747
20020201,1.11484583976e-05
20020202,0.00857412844766
20020203,0.370497102453
20020204,0.006543208582
20020205,0.00966979766477
20020206,0.000228964459559
20020207,1.02685475089e-06
20020208,0.0
20020209,0.00909407950914
20020210,0.000160672788697
20020211,0.00388197614786
20020212,0.00690802496918
20020213,0.00405253064609
20020214,6.94645288456e-05
20020215,0.154686342314
20020216,0.0471411759278
20020217,1.04090727916
20020218,2.41458922139
20020219,0.0503540888784
20020220,0.0141761985773
20020221,0.000247959974075
20020222,0.000937380777825
20020223,1.65615065522e-05
20020224,0.0
20020225,0.0
20020226,0.00170125304005
20020227,0.00548618210584
20020228,0.00291581840122
20020301,0.00111988435886
20020302,0.772581895297
20020303,7.91350843484
20020304,9.12966937309
20020305,0.733081588026
20020306,0.0114579778038
20020307,0.00519145955288
20020308,0.0283693980573
20020309,0.355162233202
20020310,0.00626612377604
20020311,0.257948671214
20020312,0.0469954332249
20020313,0.000785545438481
20020314,9.90828052068e-06
20020315,0.170632989572
20020316,0.309314362247
20020317,0.116113642599
20020318,2.41202295464
20020319,0.555047616294
20020320,0.0360703388659
20020321,1.65176128712
20020322,3.83626838997
20020323,0.111446920525
20020324,0.0206548630827
20020325,0.00168984809162
20020326,2.3652175968e-05
20020327,0.0120173145019
20020328,0.039167519468
20020329,0.235936189693
20020330,0.00682102872912
20020331,0.0598328595837
20020401,0.117997848694
20020402,0.865511748809
20020403,0.101644322472
20020404,2.0518437717
20020405,1.3173066648
20020406,0.358513762417
20020407,1.36116265875
20020408,0.159441252508
20020409,0.0611854935875
20020410,1.87900715136
20020411,0.206149156961
20020412,6.14883521881
20020413,6.32918021734
20020414,1.05032818121
20020415,0.378411958974
20020416,0.00643731303441
20020417,0.013889402321
20020418,0.0161944542343
20020419,2.13896677582
20020420,7.47518830242
20020421,0.254787275444
20020422,0.0360753004654
20020423,0.000598857998199
20020424,0.0
20020425,0.0
20020426,0.135396585694
20020427,0.00239216539457
20020428,9.28903064099e-05
20020429,1.64117132912e-06
20020430,0.0144772697533
20020501,0.112036886664
20020502,0.0103162056916
20020503,0.022897561802
20020504,0.585978631658
20020505,0.738214081922
20020506,0.036553331666
20020507,0.00316782130464
20020508,0.02550336508
20020509,0.0164415334221
20020510,0.00274181559929
20020511,0.0456935155171
20020512,0.248318432771
20020513,0.0333378007887
20020514,0.00051174560562
20020515,0.0845871501364
20020516,0.126738032805
20020517,0.428461186316
20020518,0.297857549053
20020519,0.667675980265
20020520,4.05355901468
20020521,0.290699965272
20020522,0.581024259667
20020523,2.93895399697
20020524,0.104081647736
20020525,0.0546688870797
20020526,0.0173659629813
20020527,0.000290042723147
20020528,0.0
20020529,0.119602561829
20020530,0.24570875921
20020531,0.00687784828161
20020601,0.0105731547817
20020602,0.172290949075
20020603,0.0801474174249
20020604,0.251106390743
20020605,0.250463291693
20020606,0.387415175388
20020607,0.0984838679787
20020608,3.9677296348
20020609,0.226029412807
20020610,0.284058441158
20020611,0.0963513091944
20020612,0.281719400339
20020613,0.170390166764
20020614,0.215589806406
20020615,0.222284551019
20020616,0.178122544706
20020617,0.0109760060486
20020618,0.0326337903618
20020619,0.399042987258
20020620,0.0668809569024
20020621,0.17371418257
20020622,0.688885794129
20020623,0.0497740053231
20020624,0.0179734347333
20020625,0.00241414971553
20020626,0.12848029464
20020627,0.202922595834
20020628,0.018032355352
20020629,0.0130357216374
20020630,0.0267917648588
20020701,0.0696289220167
20020702,0.0367575132064
20020703,0.0129814932819
20020704,0.0912809920318
20020705,0.0943143459458
20020706,0.00843556863791
20020707,0.00430032205338
20020708,0.115733193467
20020709,0.0094795473504
20020710,0.264357613578
20020711,0.456090974997
20020712,2.24626025232
20020713,0.982557309892
20020714,0.0610911574673
20020715,0.225996251641
20020716,0.95195360406
20020717,0.0305972944717
20020718,0.274941262551
20020719,0.324381387171
20020720,0.393322114695
20020721,0.169679589518
20020722,0.142966057073
20020723,0.241855193347
20020724,4.19088062153
20020725,12.8556421074
20020726,0.239957676938
20020727,4.23497109875
20020728,0.928926302219
20020729,0.0878019298351
20020730,1.34596477722
20020731,0.317563661134
20020801,0.139747167831
20020802,1.16226529212
20020803,2.09012881966
20020804,0.374054991063
20020805,0.333813460661
20020806,0.128965976469
20020807,2.00037501021
20020808,0.397927342328
20020809,0.823135269981
20020810,0.563873456808
20020811,0.070762959512
20020812,2.63432666223
20020813,0.0574955082909
20020814,1.63986587311
20020815,0.494959395529
20020816,0.11731605484
20020817,3.07409643978
20020818,1.2369778812
20020819,4.78244324173
20020820,0.492163631824
20020821,2.41766826691
20020822,0.272405991891
20020823,2.00590516371
20020824,0.117342998026
20020825,0.0112181618579
20020826,0.01323796421
20020827,0.368359263587
20020828,0.781785049788
20020829,0.0790754325703
20020830,0.215704347029
20020831,3.31841303576
20020901,1.11446162974
20020902,3.08020442418
20020903,0.367723007486
20020904,0.209597065913
20020905,0.0496849546616
20020906,0.179568035602
20020907,5.78862107367
20020908,0.192752434603
20020909,0.140450997
20020910,0.00245320533789
20020911,0.825068479272
20020912,1.3498042315
20020913,0.333490035506
20020914,3.54922124708
20020915,2.12483508348
20020916,0.0576503755537
20020917,0.162380972335
20020918,0.0155012236977
20020919,0.262251680888
20020920,0.239100994273
20020921,0.0762095172742
20020922,0.0970526623508
20020923,0.07822823973
20020924,0.744781124582
20020925,0.731722636153
20020926,0.0236044162497
20020927,0.0480481554317
20020928,0.0430596870796
20020929,0.368304500298
20020930,0.00649396974997
20021001,0.00241788820491
20021002,0.0179084547333
20021003,0.00328686929462
20021004,0.008004790614
20021005,0.387082364496
20021006,0.247009316286
20021007,0.103862155909
20021008,0.00953245695183
20021009,0.00492330630808
20021010,8.45580296087e-05
20021011,0.00408308394633
20021012,0.00235524900641
20021013,4.03376315284e-05
20021014,0.0
20021015,0.0
20021016,0.0294828227403
20021017,0.000520897858592
20021018,0.00299637709223
20021019,0.000456693231173
20021020,7.13346057325e-06
20021021,0.00277189201211
20021022,0.12826494083
20021023,0.0155727782221
20021024,0.00241532506047
20021025,0.255619351115
20021026,0.00771752832444
20021027,0.00904184156545
20021028,0.0379930782002
20021029,0.156242195003
20021030,0.0401228217471
20021031,0.00184680052013
20021101,0.00454284045744
20021102,0.0117689239827
20021103,0.000206520026977
20021104,0.0836998329686
20021105,0.1919935285
20021106,0.602630581458
20021107,0.0336718123373
20021108,0.000689819671821
20021109,4.98186141384e-06
20021110,0.0
20021111,0.0195972729366
20021112,0.000346241603081
20021113,0.00170435061792
20021114,0.00466048863165
20021115,8.18087789576e-05
20021116,0.000267848420444
20021117,0.000804806231499
20021118,0.000985178653729
20021119,0.000373470212206
20021120,6.29530137844e-06
20021121,0.0
20021122,0.000365007171978
20021123,6.44889017987e-06
20021124,0.0
20021125,0.000311633138598
20021126,0.00994440121843
20021127,0.000175598856478
20021128,0.00163047441437
20021129,0.00030238591689
20021130,4.83354870207e-06
20021201,0.0
20021202,0.0
20021203,0.0753267783702
20021204,0.049171304809
20021205,0.367826400617
20021206,0.0194997586277
20021207,0.152629978177
20021208,0.00269257940212
20021209,0.0
20021210,0.183029745068
20021211,0.419749593906
20021212,0.0296976024673
20021213,0.00180688464899
20021214,0.0237593793683
20021215,0.907389224858
20021216,0.0496724440221
20021217,0.00216824988578
20021218,0.000423848034217
20021219,0.0512334236823
20021220,0.000905060673728
20021221,0.689227850561
20021222,1.73015231253
20021223,0.0376524317547
20021224,0.0983534717927
20021225,3.04301351098
20021226,0.326462190855
20021227,0.421368461843
20021228,0.177814196556
20021229,0.111611933141
20021230,0.304761220222
20021231,0.028913078376
20030101,0.00766112585087
20030102,0.00190306845077
20030103,0.000377056189762
20030104,6.10767833173e-06
20030105,0.0213219560429
20030106,0.000376713011033
20030107,0.0
20030108,0.0
20030109,0.0
20030110,0.0
20030111,0.00072917644999
20030112,1.28829737833e-05
20030113,0.0
20030114,0.0
20030115,0.0
20030116,0.0278515820618
20030117,0.00285750788198
20030118,4.17920540661e-05
20030119,0.0594013731478
20030120,0.00414719012735
20030121,0.0223338926203
20030122,0.209620100974
20030123,0.0539992896201
20030124,0.300233557742
20030125,0.166539249538
20030126,0.0191672411453
20030127,0.517851731907
20030128,0.0274705665089
20030129,0.000337064153158
20030130,0.00782484183169
20030131,0.000446237095964
20030201,5.44157715496e-06
20030202,0.0
20030203,0.0
20030204,0.0
20030205,0.0
20030206,0.0
20030207,0.0
20030208,0.0
20030209,0.0
20030210,0.0
20030211,0.0
20030212,0.0
20030213,0.0
20030214,0.00391272972288
20030215,6.91295051953e-05
20030216,0.0
20030217,0.0
20030218,0.0
20030219,0.0
20030220,0.0217912042999
20030221,0.000385003604771
20030222,0.0469816989621
20030223,0.0644642114266
20030224,0.865751145214
20030225,1.80701675562
20030226,12.4326931885
20030227,1.07137732868
20030228,0.242128794403
20030301,0.184728493353
20030302,0.00323553584334
20030303,7.53752343448e-07
20030304,0.0
20030305,0.0
20030306,0.0
20030307,0.0112944077435
20030308,0.000199547862917
20030309,0.0
20030310,0.0
20030311,0.0
20030312,0.0873244067522
20030313,0.0015428341823
20030314,0.0
20030315,6.03462214014e-05
20030316,0.00037151096834
20030317,0.0661760559382
20030318,1.48408135776
20030319,2.21345293261
20030320,8.83042901897
20030321,0.198923635873
20030322,1.74169019618
20030323,1.88226532003
20030324,0.226511664446
20030325,0.00342401993877
20030326,0.0
20030327,0.25463373908
20030328,0.00449882924258
20030329,0.0387410147369
20030330,0.000685355778606
20030331,1.05022736048
20030401,3.0232243509
20030402,1.33461421554
20030403,0.024439211651
20030404,0.0278410543302
20030405,0.000491330361815
20030406,0.0
20030407,0.0
20030408,0.0
20030409,0.0
20030410,0.0
20030411,0.0
20030412,0.348350882214
20030413,2.20939060598
20030414,9.00594332612
20030415,11.0731735112
20030416,0.930134111119
20030417,7.5726780615
20030418,0.952500606738
20030419,2.18007158007
20030420,0.581456680835
20030421,2.22235323589
20030422,0.479388413588
20030423,21.7185887667
20030424,1.4328756214
20030425,0.406635585315
20030426,0.142327214056
20030427,0.0471327334944
20030428,0.107786434716
20030429,2.24099495608
20030430,0.94870099518
20030501,0.0161455069567
20030502,0.0597352171584
20030503,0.00134968089058
20030504,0.0463802542069
20030505,0.0190027645458
20030506,0.101415434851
20030507,0.0964705721708
20030508,0.0246293971459
20030509,0.00624246133139
20030510,2.21275066403
20030511,0.116347581672
20030512,0.0712904900001
20030513,0.00196426648898
20030514,0.000126405623015
20030515,0.834056547587
20030516,0.28802127405
20030517,0.175956968468
20030518,0.0106387716576
20030519,0.00718779744139
20030520,0.00861541154507
20030521,0.000150014057488
20030522,0.00102125227868
20030523,0.0179979601916
20030524,0.000317666328959
20030525,0.00689941258673
20030526,0.0121854243314
20030527,2.90429166519
20030528,0.0649122673897
20030529,0.00740003235439
20030530,0.00845573765665
20030531,0.00350966518533
20030601,0.0679744588847
20030602,0.215198906412
20030603,0.137809540999
20030604,0.208179773597
20030605,0.569943197618
20030606,1.04229182148
20030607,2.80134549331
20030608,0.35971865472
20030609,0.416236426034
20030610,0.0183223663552
20030611,0.702462064738
20030612,0.357127529615
20030613,0.10704881875
20030614,0.324949867557
20030615,0.640391133748
20030616,0.204847566842
20030617,0.0626493289578
20030618,0.098365051376
20030619,0.203377584022
20030620,0.792408658224
20030621,0.267547855033
20030622,0.682710333073
20030623,1.06275935887
20030624,0.221908873577
20030625,0.464440387882
20030626,0.0889119882084
20030627,0.414856576382
20030628,0.654580470845
20030629,0.343615163324
20030630,0.155868038134
20030701,3.14434755251
20030702,1.03979130228
20030703,0.754441099632
20030704,2.46658382539
20030705,0.0456375836911
20030706,0.322447641281
20030707,1.54364409954
20030708,4.9524308152
20030709,0.0902407868547
20030710,0.00900111753305
20030711,2.63069556392
20030712,3.84625092143
20030713,0.214606699789
20030714,1.74293200083
20030715,0.0311895897128
20030716,1.23076450286
20030717,0.606711519512
20030718,0.166628351596
20030719,1.3520906716
20030720,0.0530017988356
20030721,2.37416313259
20030722,2.76034267983
20030723,0.403220838192
20030724,1.1375319219
20030725,0.38056304421
20030726,0.326199784669
20030727,7.21910487096
20030728,0.634727426129
20030729,4.43105299802
20030730,2.22876600463
20030731,0.0793897311428
20030801,0.623990922804
20030802,1.13010265403
20030803,5.214019259
20030804,0.162643803866
20030805,0.37797964364
20030806,21.1174618401
20030807,0.695121187993
20030808,4.80829276065
20030809,1.47861528847
20030810,0.929900544437
20030811,0.601999277014
20030812,0.74207562875
20030813,2.67085767566
20030814,3.39414898017
20030815,5.18882164976
20030816,1.03967005255
20030817,31.3846625343
20030818,1.08342312983
20030819,1.41853741381
20030820,0.642828206302
20030821,2.9690604328
20030822,2.50322693023
20030823,0.650422341593
20030824,0.613792763951
20030825,3.89176801767
20030826,0.288948763216
20030827,1.8476156496
20030828,0.15328045743
20030829,1.52588802306
20030830,0.221649024595
20030831,0.336863217571
20030901,0.457653757724
20030902,0.0363482605927
20030903,0.222533163863
20030904,0.483040251893
20030905,0.166597106643
20030906,3.69949975962
20030907,1.99360790695
20030908,5.61392116721
20030909,1.10658654931
20030910,7.64959989826
20030911,0.746579271475
20030912,0.0543828024199
20030913,0.0527089716393
20030914,1.60151992985
20030915,0.587608410677
20030916,0.303706422249
20030917,0.191536316692
20030918,0.0352278523637
20030919,0.142883230634
20030920,0.102343234303
20030921,0.186263504212
20030922,0.760407211598
20030923,0.986002199614
20030924,3.23316820671
20030925,0.86437892486
20030926,0.148164587091
20030927,0.774442643877
20030928,1.63801897015
20030929,2.42461014117
20030930,0.468893913989
20031001,0.0492714095324
20031002,0.00101392071685
20031003,4.88611325935e-06
20031004,0.0
20031005,0.0
20031006,0.0
20031007,0.0
20031008,0.0
20031009,0.206917711281
20031010,0.0580882281652
20031011,0.000961703735434
20031012,0.0
20031013,0.000173818870933
20031014,1.96464807448e-05
20031015,0.167923519606
20031016,0.00296684139057
20031017,0.0
20031018,0.332324163386
20031019,0.255028613785
20031020,0.0046030981479
20031021,0.025166863796
20031022,0.197454168722
20031023,0.23832116964
20031024,0.0724930877356
20031025,1.49806186397
20031026,1.30455446181
20031027,0.083223390534
20031028,0.00107141293315
20031029,2.4767298898
20031030,0.0911582028625
20031031,0.875654359287
20031101,0.114912932106
20031102,0.0017571872674
20031103,0.0230746650517
20031104,0.000407679625974
20031105,0.333717623677
20031106,0.00589607089133
20031107,0.0
20031108,0.0
20031109,0.38820558112
20031110,0.0510451934893
20031111,0.420554315948
20031112,0.0341166568985
20031113,0.375469311597
20031114,0.147813011969
20031115,0.00831822063056
20031116,1.28447406044
20031117,0.223526321527
20031118,0.00354830820179
20031119,1.28213093232
20031120,0.575631072175
20031121,0.286569405669
20031122,0.00846015662655
20031123,0.00365551381335
20031124,6.34707649884e-05
20031125,0.0
20031126,0.131917728103
20031127,0.030409672503
20031128,0.0761404880929
20031129,2.26249681543
20031130,0.356405579917
20031201,0.87691019848
20031202,0.186619378028
20031203,0.00302517752449
20031204,0.0
20031205,0.364608494506
20031206,1.36520223767
20031207,3.48098671126
20031208,2.60494212255
20031209,0.117156912012
20031210,0.00127583593584
20031211,0.0
20031212,0.0
20031213,0.0
20031214,0.0
20031215,0.0
20031216,0.0
20031217,0.0
20031218,0.0
20031219,0.0
20031220,0.0
20031221,0.0
20031222,0.0
20031223,0.0
20031224,0.0
20031225,0.0
20031226,0.0
20031227,0.0
20031228,0.0
20031229,0.0
20031230,0.0
20031231,0.0
20040101,0.0
20040102,0.0
20040103,0.0
20040104,0.0
20040105,0.0
20040106,0.0
20040107,0.00545447889304
20040108,9.63688940825e-05
20040109,0.0
20040110,0.0
20040111,0.0
20040112,0.531833181124
20040113,0.00939634614344
20040114,3.33839127198
20040115,1.34540723406
20040116,0.319602528912
20040117,0.00801954403664
20040118,4.90179684557e-05
20040119,0.0306286227921
20040120,0.313508830315
20040121,0.0874560788237
20040122,0.00144746670683
20040123,1.6816199266
20040124,0.333551521008
20040125,0.141196657786
20040126,0.00665749977684
20040127,0.00266432685818
20040128,4.57438576923e-05
20040129,0.384252609349
20040130,2.07906588944
20040131,0.0557508538241
20040201,0.201023783886
20040202,12.2261324055
20040203,1.08123884033
20040204,1.37432103462
20040205,0.365301323795
20040206,0.140980005584
20040207,3.11533279082
20040208,1.02217762208
20040209,3.1384440631
20040210,0.0558943568881
20040211,1.31929424306e-05
20040212,0.0
20040213,0.0
20040214,0.0
20040215,0.0
20040216,0.0
20040217,0.00200491114644
20040218,3.54224556615e-05
20040219,0.0
20040220,0.0
20040221,0.0
20040222,0.0
20040223,8.19211238775e-05
20040224,1.447369505e-06
20040225,0.0
20040226,0.175977289333
20040227,0.35526962837
20040228,0.210589147097
20040229,0.00361072825048
20040301,0.0
20040302,0.0
20040303,0.0
20040304,0.0
20040305,0.0
20040306,0.0
20040307,0.0
20040308,0.0
20040309,0.0
20040310,0.0
20040311,0.161241510576
20040312,0.00874419216743
20040313,0.000104159013288
20040314,0.0309023939675
20040315,0.000545978685866
20040316,0.294051634389
20040317,3.38614193709
20040318,5.90889204505
20040319,0.353308114726
20040320,0.00889130948315
20040321,7.90626634631e-05
20040322,0.0
20040323,0.0
20040324,0.0
20040325,0.0
20040326,0.00151377414528
20040327,0.553847670573
20040328,0.904790746068
20040329,2.18504934705
20040330,3.41330767375
20040331,4.42605720487
20040401,2.7819592518
20040402,0.723231231419
20040403,0.0305419694937
20040404,0.00562877038257
20040405,6.16504382951
20040406,4.10563133689
20040407,2.36811907927
20040408,1.60885036451
20040409,2.83448065348
20040410,1.52624069016
20040411,10.3501818906
20040412,2.09533094117
20040413,1.97354624106
20040414,2.06979007712
20040415,3.11507946214
20040416,0.750518136416
20040417,0.265973735302
20040418,1.22233175939
20040419,8.98077071096
20040420,0.231367101898
20040421,5.60033416563
20040422,0.106212012001
20040423,0.490049980084
20040424,0.27568459765
20040425,2.85944364171
20040426,0.421069335609
20040427,0.0395718721646
20040428,0.363225434084
20040429,0.147219232317
20040430,0.0111702305061
20040501,0.944667843395
20040502,0.0178873276334
20040503,1.01772664868
20040504,0.440313711502
20040505,1.73162500655
20040506,0.117723695121
20040507,0.0104092582621
20040508,0.000156670242294
20040509,0.0767317873539
20040510,0.00135568522928
20040511,0.0
20040512,0.0220735649761
20040513,0.0142868867095
20040514,0.000245528180067
20040515,0.0
20040516,0.0523153635121
20040517,0.00424279650805
20040518,0.0635537587541
20040519,0.0101351081211
20040520,0.00546773550807
20040521,0.0180100653227
20040522,0.00212877639285
20040523,0.00439528022532
20040524,0.668214388497
20040525,0.0542549812859
20040526,0.222290085876
20040527,1.12368518947
20040528,0.607055796568
20040529,0.0213556414279
20040530,0.113414133659
20040531,0.292250787354
20040601,0.0568009055079
20040602,0.523063455281
20040603,0.195947953512
20040604,0.00329898732507
20040605,0.0097553894728
20040606,0.0417003874352
20040607,0.4410402537
20040608,0.0704108585358
20040609,0.0811914266902
20040610,0.075035214735
20040611,1.40507289459
20040612,0.0248016273736
20040613,1.13449408575e-06
20040614,0.154394571545
20040615,0.00400399259123
20040616,0.0929324334286
20040617,0.0835397800593
20040618,0.507987142312
20040619,0.110633982903
20040620,0.306353897912
20040621,0.517591138869
20040622,0.323488148434
20040623,0.146251946937
20040624,0.282765175728
20040625,0.0086053486123
20040626,0.173427633599
20040627,1.4446482
20040628,0.0861539188435
20040629,1.57459633996
20040630,0.0908459421264
20040701,0.00678504893901
20040702,0.0444266774671
20040703,2.21386131343
20040704,0.0839896859155
20040705,0.0105502640665
20040706,0.21545036856
20040707,0.0317299636137
20040708,3.5594230339
20040709,0.24380217749
20040710,0.00866823883523
20040711,0.125584461519
20040712,2.38698540435
20040713,0.325845130898
20040714,0.800801498991
20040715,0.345231022928
20040716,6.32552320432
20040717,0.179497273453
20040718,0.627070780925
20040719,0.723722568627
20040720,0.158749529453
20040721,2.67913161864
20040722,0.186941376156
20040723,0.0666501119921
20040724,0.616036727499
20040725,17.251836755
20040726,5.95019281252
20040727,2.07854700208
20040728,0.229955487693
20040729,0.548099714549
20040730,0.683268289267
20040731,0.815249510662
20040801,0.0670504829797
20040802,0.431496104156
20040803,1.59631409439
20040804,0.430909120964
20040805,0.371047011177
20040806,0.987719824293
20040807,3.1495206734
20040808,0.816818312961
20040809,1.24883968156
20040810,7.15775873521
20040811,1.04027821359
20040812,0.624290235773
20040813,2.4991539365
20040814,1.4884568065
20040815,0.277123030999
20040816,1.1581574526
20040817,0.348915558972
20040818,0.880785187011
20040819,0.515479992699
20040820,1.20321195709
20040821,6.40171632803
20040822,0.933130637825
20040823,0.502513865433
20040824,1.57472693096
20040825,6.41012674329
20040826,0.650528812351
20040827,2.22559719409
20040828,0.0461673665001
20040829,1.34665052456
20040830,0.703616525905
20040831,0.297543890271
20040901,0.611529273478
20040902,0.910918521638
20040903,1.15361642055
20040904,0.979495046479
20040905,0.244848812968
20040906,0.596049820911
20040907,0.0354213295649
20040908,5.57418328146
20040909,4.46456808663
20040910,1.40538239231
20040911,1.42478425426
20040912,0.752188752738
20040913,10.6640234564
20040914,2.932546489
20040915,4.02696827646
20040916,0.182682277623
20040917,1.29132745146
20040918,0.748415600139
20040919,1.67682517357
20040920,0.875236344248
20040921,3.82033266039
20040922,0.212045565898
20040923,0.261298429128
20040924,3.98514860233
20040925,0.0707458499084
20040926,2.14181262919
20040927,0.257446151226
20040928,0.797931832227
20040929,0.527666464281
20040930,2.99201565754
20041001,0.0527053167824
20041002,1.0963386101e-05
20041003,0.15878728157
20041004,2.02073938265
20041005,4.78135984393
20041006,0.138078925916
20041007,0.185504946832
20041008,0.0360940173119
20041009,0.00416353800247
20041010,0.00612266944013
20041011,0.0229268375562
20041012,0.102679640298
20041013,0.633024864474
20041014,0.0732769697863
20041015,0.00109760972523
20041016,0.0
20041017,0.0
20041018,0.0
20041019,0.0279184348961
20041020,0.000493258598103
20041021,0.0
20041022,0.0289688943993
20041023,0.000511817943178
20041024,0.315088928945
20041025,1.40170205132
20041026,0.521179472937
20041027,0.0593356777143
20041028,0.000893345713966
20041029,0.0265975786638
20041030,0.0894827583946
20041031,3.58890398086
20041101,0.432663997739
20041102,0.0187122811785
20041103,3.91971111715
20041104,0.0695220617744
20041105,4.82368075389e-06
20041106,0.0
20041107,0.0
20041108,0.0
20041109,0.0
20041110,0.0
20041111,0.0
20041112,0.0
20041113,0.0
20041114,0.0
20041115,0.0
20041116,0.0
20041117,0.0
20041118,0.0
20041119,0.0
20041120,0.0
20041121,0.0
20041122,0.00248636293534
20041123,0.602618735317
20041124,6.97423125411
20041125,0.123031539075
20041126,0.0
20041127,0.0
20041128,0.0
20041129,0.0
20041130,0.0
20041201,0.0
20041202,0.0
20041203,0.0
20041204,0.0
20041205,0.0
20041206,0.0
20041207,0.0592818469609
20041208,0.00108833654599
20041209,0.00193937876929
20041210,0.21635187611
20041211,0.0079401225594
20041212,7.27607244248e-05
20041213,0.0
20041214,0.0
20041215,0.0
20041216,0.0
20041217,0.0
20041218,0.0
20041219,0.0
20041220,0.0
20041221,0.0
20041222,0.0
20041223,0.00047822266762
20041224,0.000216967877204
20041225,0.148574935678
20041226,0.00303136449042
20041227,0.0101694933016
20041228,0.000179546117344
20041229,0.0
20041230,0.0
20041231,0.0
20050101,0.0
20050102,0.0
20050103,0.0
20050104,0.0
20050105,0.0
20050106,0.0
20050107,0.0
20050108,0.0
20050109,0.0
20050110,0.0
20050111,0.0
20050112,0.0
20050113,0.0
20050114,0.845202265468
20050115,0.042244878206
20050116,1.00770906553
20050117,0.0177955229099
20050118,0.0203562240481
20050119,0.0482801931952
20050120,0.300886859274
20050121,0.0809059614294
20050122,0.00133577551218
20050123,0.0
20050124,0.0
20050125,0.0529322197271
20050126,1.24143679995
20050127,0.808056689937
20050128,0.013889393598
20050129,0.0
20050130,0.00434051285665
20050131,7.66875197315e-05
20050201,0.0
20050202,0.0
20050203,0.0
20050204,0.0
20050205,0.0
20050206,0.0
20050207,0.0
20050208,0.0
20050209,0.0
20050210,0.0
20050211,0.0
20050212,0.0
20050213,0.0
20050214,0.0281740530213
20050215,0.000497774878591
20050216,0.000478403469169
20050217,8.45236085699e-06
20050218,0.0
20050219,0.0
20050220,0.0
20050221,0.0
20050222,0.0
20050223,0.0
20050224,0.0
20050225,0.0
20050226,0.0249884358691
20050227,0.24218093228
20050228,0.0843413188926
20050301,4.83139009222
20050302,0.970762841385
20050303,0.0156435964769
20050304,0.459147849456
20050305,0.0112327371603
20050306,2.41243970751
20050307,0.184279850074
20050308,0.186578147233
20050309,0.0226770814255
20050310,0.0857895273842
20050311,0.00155098364289
20050312,0.00832701594099
20050313,2.27047412789
20050314,1.74316738436
20050315,1.50036525009
20050316,0.0626161552087
20050317,3.04791564031
20050318,8.92545712304
20050319,5.10791081967
20050320,27.5400244784
20050321,0.549792547511
20050322,5.99954481493
20050323,0.289909517638
20050324,0.00324965896319
20050325,0.0
20050326,0.0
20050327,0.0
20050328,0.0197978392393
20050329,0.000349785156033
20050330,0.0
20050331,0.0
20050401,0.0
20050402,0.0
20050403,0.0
20050404,0.0
20050405,0.0
20050406,0.0
20050407,0.0
20050408,0.0
20050409,0.0
20050410,0.0
20050411,0.0
20050412,0.0
20050413,0.0
20050414,1.7365630224
20050415,0.543328067997
20050416,7.40904713527
20050417,0.199631288701
20050418,6.24146185258
20050419,1.28986908611
20050420,6.49903936887
20050421,0.58539201809
20050422,1.65169430305
20050423,0.257905401634
20050424,4.61666535253
20050425,1.24124180933
20050426,0.845081067096
20050427,14.9637237754
20050428,3.16529037308
20050429,0.532892952888
20050430,0.0399583033584
20050501,2.06058816088
20050502,1.59150573283
20050503,4.52731062314
20050504,2.22650064259
20050505,4.94526181874
20050506,5.82376535028
20050507,0.47246187679
20050508,1.10847678062
20050509,0.265576977466
20050510,3.05937094805
20050511,1.75269684005
20050512,0.268370877629
20050513,1.62960589164
20050514,3.04050495151
20050515,0.237990356752
20050516,0.0038769318028
20050517,0.00401611802601
20050518,1.11460016529
20050519,1.79274236923
20050520,1.00877310716
20050521,20.7314323092
20050522,0.960260748108
20050523,0.0321322140979
20050524,0.789145056012
20050525,2.45234305823
20050526,0.837038083639
20050527,0.736168387105
20050528,0.0188269604131
20050529,0.00422170723622
20050530,0.137748341373
20050531,0.134309609956
20050601,0.882155319079
20050602,0.168218713426
20050603,0.0746150433825
20050604,0.341246404986
20050605,0.0212296971773
20050606,0.000832827500155
20050607,9.96234612705e-06
20050608,0.357585454199
20050609,0.258437114398
20050610,0.0914055821215
20050611,0.0221638070703
20050612,0.0380098133827
20050613,0.0218837089505
20050614,0.00216756641929
20050615,0.264021332178
20050616,0.496515860757
20050617,0.0967774333682
20050618,0.00756834192477
20050619,0.0300657199601
20050620,0.0525380025544
20050621,0.0826839099607
20050622,0.479197885946
20050623,0.553731220608
20050624,0.288805548145
20050625,0.0198979343757
20050626,0.0496522204026
20050627,0.475179029826
20050628,0.898470480007
20050629,0.696538568873
20050630,1.22034242422
20050701,0.207415208795
20050702,0.0192405191154
20050703,0.00335680787088
20050704,0.553481356008
20050705,0.427954076933
20050706,0.836313297886
20050707,14.2490013711
20050708,13.3399586797
20050709,0.907954439106
20050710,1.53855214737
20050711,0.834848354861
20050712,0.3830134053
20050713,1.76800196628
20050714,0.127521631126
20050715,0.340512782337
20050716,0.169412576592
20050717,0.154915443574
20050718,8.57605463244
20050719,5.16694088115
20050720,2.11543359305
20050721,6.20243094495
20050722,0.249409015662
20050723,2.4738348718
20050724,1.25160990944
20050725,16.1010785092
20050726,0.33941088268
20050727,6.77450800178
20050728,2.18332337235
20050729,2.03580949386
20050730,0.361316677669
20050731,0.296937206643
20050801,0.239389728842
20050802,0.864894458364
20050803,0.0152444556784
20050804,0.787148750469
20050805,0.583000391945
20050806,0.609151250546
20050807,0.0121318485258
20050808,0.533329839044
20050809,0.634322088639
20050810,6.55115309367
20050811,1.4846465546
20050812,1.08119030884
20050813,1.36735026167
20050814,1.50280695083
20050815,0.423715996191
20050816,1.23135798658
20050817,3.5218367043
20050818,0.574285243289
20050819,0.0865605366903
20050820,2.88024633169
20050821,3.85092825642
20050822,0.663943291942
20050823,8.13231619071
20050824,0.546372602212
20050825,1.9321088649
20050826,4.2857781371
20050827,1.97462822338
20050828,0.98873772987
20050829,3.03812165317
20050830,1.72884515841
20050831,0.276535823669
20050901,0.0413121905252
20050902,4.53607234711
20050903,2.99308168133
20050904,0.0928285223813
20050905,0.206564497807
20050906,2.90102409515
20050907,0.317956357109
20050908,0.18430911358
20050909,0.130588660615
20050910,0.239685871197
20050911,1.32549826914
20050912,0.56022414322
20050913,0.0990580817821
20050914,0.333683581621
20050915,2.08419275232
20050916,0.343249337138
20050917,0.917830804915
20050918,0.599068441125
20050919,0.939410699808
20050920,2.82679298524
20050921,0.530172024457
20050922,0.558647190265
20050923,0.201517032572
20050924,0.811769095743
20050925,0.223865798602
20050926,0.393485555215
20050927,2.93399115649
20050928,2.30384705784
20050929,1.39349424974
20050930,0.544255141575
20051001,0.2619668469
20051002,2.3251563373
20051003,0.602175042711
20051004,0.350430219254
20051005,0.00601617455541
20051006,0.027138341187
20051007,0.462696400387
20051008,4.52302848322
20051009,0.751122633238
20051010,0.193372211967
20051011,1.26032886281
20051012,0.0473226425908
20051013,0.0128885527051
20051014,0.000219874143748
20051015,0.00403134585051
20051016,0.178232908227
20051017,0.00314773285552
20051018,0.00687298003157
20051019,0.0735181080647
20051020,0.00129676121425
20051021,0.0178429055871
20051022,0.0440314173912
20051023,0.235822946293
20051024,0.147056688657
20051025,0.0585972549619
20051026,0.00424613725791
20051027,0.753060980311
20051028,0.237430504242
20051029,0.00395983302198
20051030,0.0423919881951
20051031,0.528468013599
20051101,0.0367969633475
20051102,0.105170918507
20051103,0.607080001599
20051104,0.0106931177716
20051105,0.0489171603156
20051106,0.17242085147
20051107,0.671945073399
20051108,0.036427997333
20051109,0.0409176788574
20051110,0.678183647242
20051111,0.161016693923
20051112,0.0438146768325
20051113,0.0344989337104
20051114,0.161666369637
20051115,0.114901200369
20051116,2.6661241448
20051117,4.86385977704
20051118,1.20219610927
20051119,0.714190319245
20051120,0.0626335066059
20051121,0.055495154647
20051122,0.196244902878
20051123,0.0441004108412
20051124,0.679413839807
20051125,0.0480207307427
20051126,0.0267695717391
20051127,0.000461713840733
20051128,0.0
20051129,0.162180806816
20051130,0.0274226528014
20051201,0.257495297448
20051202,0.680787430197
20051203,0.0603384801582
20051204,0.00852197485737
20051205,0.0550405657519
20051206,0.0257567745436
20051207,0.0182426197407
20051208,0.107667456266
20051209,0.309305996672
20051210,0.0788909623849
20051211,0.0046125250674
20051212,0.112866025599
20051213,0.0416382521455
20051214,0.233865630515
20051215,0.908635476376
20051216,0.0584417093
20051217,0.0188171237501
20051218,0.000319203683734
20051219,0.0
20051220,0.0
20051221,0.00906807250151
20051222,0.000160213279663
20051223,0.0
20051224,0.0399306250986
20051225,0.10626403399
20051226,0.00186499190447
20051227,0.0302881948624
20051228,0.000535127125143
20051229,0.00148163581648
20051230,2.61773173603e-05
20051231,0.0
20060101,0.000916753279347
20060102,0.000764551411988
20060103,0.00187972151671
20060104,0.00608081252775
20060105,0.000106852203644
20060106,0.0
20060107,0.0
20060108,0.0180846841065
20060109,1.03728741808
20060110,0.145019878988
20060111,0.00286610524556
20060112,0.00291548196426
20060113,1.08520961493
20060114,0.227548354374
20060115,0.0482773064434
20060116,0.000787910725068
20060117,0.000735788863833
20060118,1.29998093582e-05
20060119,0.277869413223
20060120,0.00490935431147
20060121,0.0270430784947
20060122,5.05132314508
20060123,0.0892375515908
20060124,0.0
20060125,0.483188260844
20060126,0.139235718329
20060127,0.00268081606147
20060128,0.0102764180502
20060129,0.892660752355
20060130,0.13624846971
20060131,0.0597883798373
20060201,0.690012147345
20060202,0.155270902762
20060203,0.00252823114794
20060204,0.000966149961236
20060205,1.70697921563e-05
20060206,0.0
20060207,0.0237025347568
20060208,0.000418772742093
20060209,0.0
20060210,0.0
20060211,0.794976449245
20060212,0.0404606739328
20060213,0.149083629762
20060214,0.0915260602851
20060215,0.540633595945
20060216,2.3023826318
20060217,0.0405098711967
20060218,0.0
20060219,3.49778263379
20060220,6.00943997216
20060221,0.484510961844
20060222,0.0159233102306
20060223,0.00458107551117
20060224,0.223325715938
20060225,0.0891816606372
20060226,1.09531012214
20060227,0.0223775153548
20060228,5.39285030306e-05
20060301,0.0
20060302,0.000764647304479
20060303,1.3509664076e-05
20060304,0.0276681238789
20060305,0.000913964401825
20060306,0.115996649214
20060307,0.109011480075
20060308,0.00274766395432
20060309,0.0176643692611
20060310,0.125076567154
20060311,6.76789544839
20060312,1.2140152863
20060313,1.01284385801
20060314,3.14315247014
20060315,0.250024579066
20060316,0.564785079839
20060317,0.0817419364586
20060318,0.425334364001
20060319,5.66056315546
20060320,0.701107437116
20060321,5.35823584584
20060322,0.168649216369
20060323,0.588898250994
20060324,1.74388997643
20060325,0.597944776614
20060326,1.94845135101
20060327,0.372502042817
20060328,0.13020827089
20060329,6.11544621813
20060330,3.00636287044
20060331,2.30859335498
20060401,4.57074964528
20060402,4.19857940251
20060403,4.50199156406
20060404,3.03688730672
20060405,3.6379688363
20060406,2.44924549046
20060407,1.61449923729
20060408,18.0046226992
20060409,9.32079948372
20060410,1.42272401505
20060411,0.045580218727
20060412,0.00342579265074
20060413,5.32675379466e-05
20060414,0.0
20060415,0.0
20060416,0.124874613381
20060417,0.00463656538543
20060418,0.300883801825
20060419,0.103482343194
20060420,4.93301918033
20060421,0.909475493636
20060422,1.77771628004
20060423,0.0618894188517
20060424,0.0324193236899
20060425,5.69914512559
20060426,1.40551988032
20060427,0.668422608014
20060428,2.76304813822
20060429,2.21799275186
20060430,0.0589481070712
20060501,0.490361752332
20060502,1.07354710409
20060503,0.0665692989267
20060504,0.558437147564
20060505,8.36408709624
20060506,0.88753933022
20060507,0.491254006921
20060508,0.0266104015719
20060509,2.30209533663
20060510,0.294033231937
20060511,0.101753198171
20060512,0.00171867085967
20060513,0.001016148687
20060514,0.202326810611
20060515,0.0598012509762
20060516,0.116799047768
20060517,0.933720145833
20060518,0.0711110346022
20060519,0.110727566205
20060520,0.0063185116372
20060521,0.233315005037
20060522,0.0945721643784
20060523,0.703318983951
20060524,1.94801312579
20060525,0.912784424809
20060526,0.101368707578
20060527,0.329936990438
20060528,0.0863013758788
20060529,0.00296740755018
20060530,1.52183432185
20060531,0.133934098934
20060601,0.543748122464
20060602,0.14568536146
20060603,0.449779923787
20060604,0.106522295004
20060605,0.00942750305259
20060606,0.128048499773
20060607,0.0344368603674
20060608,0.22007950297
20060609,0.688663976691
20060610,8.03603928445
20060611,2.79645715097
20060612,0.0645784353661
20060613,2.0562332995
20060614,0.259166818561
20060615,0.0104424929087
20060616,0.0781025542972
20060617,0.7207362533
20060618,0.391100761088
20060619,1.81100024049
20060620,0.0778783783028
20060621,0.388494023928
20060622,0.448567147216
20060623,0.017283266051
20060624,0.453124766987
20060625,0.356723115526
20060626,1.34021600153
20060627,0.216291873795
20060628,0.280629453896
20060629,1.69303638605
20060630,0.374090011006
20060701,0.841731935173
20060702,0.0905306500768
20060703,2.24280034472
20060704,1.47257911143
20060705,1.61067452564
20060706,3.16622969462
20060707,6.27184464943
20060708,2.21140171826
20060709,3.22317457648
20060710,0.612370427544
20060711,5.11878692843
20060712,0.789880772225
20060713,1.10398862232
20060714,3.79248684997
20060715,2.38066070122
20060716,0.0583690955923
20060717,0.0781164457767
20060718,1.25542615687
20060719,1.60072497143
20060720,0.817205950133
20060721,2.27210935574
20060722,1.23527967235
20060723,1.85966950319
20060724,7.33978870779
20060725,1.00707526455
20060726,10.3970078053
20060727,1.96295398566
20060728,1.21915331574
20060729,5.99046250463
20060730,0.754431375835
20060731,1.10554922759
20060801,2.79907919962
20060802,0.926186412516
20060803,1.49273975221
20060804,1.81382587199
20060805,1.17566571512
20060806,2.0269963541
20060807,2.12779813602
20060808,4.08141621844
20060809,3.9504122003
20060810,0.94503362207
20060811,6.24394176829
20060812,3.61308840578
20060813,10.2606856228
20060814,2.50708421347
20060815,1.57434035164
20060816,5.71875503175
20060817,0.939437575574
20060818,6.05189196725
20060819,0.443402734762
20060820,2.6312370026
20060821,0.157523953307
20060822,4.13712600667
20060823,4.08015278655
20060824,3.44501289788
20060825,1.57170092216
20060826,4.30797752946
20060827,0.81787677085
20060828,0.598877860571
20060829,0.31329823855
20060830,1.36996420926
20060831,6.67517539804
20060901,2.37049663707
20060902,4.01161930692
20060903,6.3450519796
20060904,2.22883580424
20060905,1.22658639337
20060906,0.471239745266
20060907,2.45563077335
20060908,2.21396891992
20060909,5.84871899208
20060910,0.295093214726
20060911,2.56029969858
20060912,2.04459904699
20060913,1.37521631083
20060914,1.50924757565
20060915,0.484527974376
20060916,1.57747972341
20060917,0.253177460274
20060918,1.22725653439
20060919,0.47455478357
20060920,0.019323895093
20060921,0.0159284818405
20060922,0.147020645419
20060923,0.347071413779
20060924,1.67943880088
20060925,0.499599885905
20060926,0.0913463552947
20060927,0.120285098657
20060928,0.344719948924
20060929,1.85451133785
20060930,0.147914409122
20061001,0.592092389938
20061002,0.0251225567235
20061003,0.166301131389
20061004,0.00293359465884
20061005,0.209905779679
20061006,0.0250096536238
20061007,0.218143714371
20061008,0.349575274209
20061009,0.163053558098
20061010,0.00944278240653
20061011,0.0119622734951
20061012,0.0664559950922
20061013,0.0920978295679
20061014,0.82962616482
20061015,3.15099622071
20061016,0.635680334567
20061017,0.0102520761004
20061018,0.111912950202
20061019,0.801855495367
20061020,0.0151225284744
20061021,1.74983050779e-05
20061022,2.09678631127
20061023,0.286640987517
20061024,0.00440981067776
20061025,0.12117786165
20061026,1.91759183004
20061027,3.57670237849
20061028,1.38613962427
20061029,12.7315394369
20061030,0.310222234377
20061031,0.990589053773
20061101,0.0911802849608
20061102,0.00130221650066
20061103,0.0551424352398
20061104,0.0415027548586
20061105,0.0542721706603
20061106,0.0878474405771
20061107,0.00153535721779
20061108,0.0
20061109,0.0273071398789
20061110,0.109914666441
20061111,0.0584594766158
20061112,0.00170396562514
20061113,1.2460659803e-05
20061114,0.000663183028713
20061115,0.339835706117
20061116,0.0980483182588
20061117,0.00162622555484
20061118,0.0012636537356
20061119,1.29096716592
20061120,0.0575626623125
20061121,0.000614036143721
20061122,0.000331250274775
20061123,5.8524773442e-06
20061124,0.0156264771794
20061125,0.000276086151139
20061126,0.127240188204
20061127,0.407053998449
20061128,0.00730223459141
20061129,2.65347770889e-06
20061130,0.0
20061201,10.1922273924
20061202,7.7201081137
20061203,2.4494924582
20061204,0.499153524902
20061205,1.15915455304
20061206,0.573542937144
20061207,0.619427820007
20061208,0.030840476246
20061209,0.000620404927966
20061210,0.229933142825
20061211,0.485659246603
20061212,0.00850877905402
20061213,0.0
20061214,0.0425553147924
20061215,0.00577173508291
20061216,8.86903666632e-05
20061217,0.0820244170764
20061218,0.00144919436828
20061219,0.0
20061220,0.0
20061221,0.0
20061222,0.0441401958593
20061223,0.999307289902
20061224,0.0176418269609
20061225,0.0066999659217
20061226,0.000118373934779
20061227,0.0
20061228,0.0
20061229,0.0
20061230,0.139235181315
20061231,0.40926656423
20070101,0.125320521306
20070102,0.00208715743207
20070103,0.0879834265827
20070104,0.220379622639
20070105,0.00386616839546
20070106,0.0
20070107,0.0
20070108,0.0
20070109,0.0
20070110,0.0
20070111,0.0
20070112,0.0
20070113,0.0
20070114,0.18251796372
20070115,0.0161727387787
20070116,0.0541302374322
20070117,0.106712153239
20070118,0.0492223083851
20070119,0.000836638943965
20070120,0.0103128769494
20070121,0.339965660617
20070122,0.0501751464072
20070123,0.000780422383559
20070124,0.19943937995
20070125,0.41861817314
20070126,0.00733382572886
20070127,0.00856769720718
20070128,0.0401876138783
20070129,0.00174592463857
20070130,0.443968245766
20070131,0.194789014574
20070201,0.322599196992
20070202,0.248338828837
20070203,0.98704352851
20070204,2.58052231915
20070205,0.912531949015
20070206,6.42276128867
20070207,0.301611623402
20070208,0.00333055564048
20070209,0.0012545490562
20070210,2.2164609094e-05
20070211,0.0
20070212,0.0
20070213,0.000293476214541
20070214,0.0522412205098
20070215,0.0414216654255
20070216,0.725315963341
20070217,0.0716288623976
20070218,0.456367805938
20070219,2.00152001973
20070220,1.98969843445
20070221,0.0346484694954
20070222,0.000532173435801
20070223,0.00109627927542
20070224,0.18733289551
20070225,0.0161503233385
20070226,0.305378365562
20070227,0.0053913689305
20070228,0.0
20070301,0.00174371934294
20070302,0.0405036319317
20070303,0.000715067529005
20070304,0.0
20070305,0.0
20070306,0.0
20070307,0.0
20070308,0.0
20070309,0.0
20070310,0.0
20070311,0.100697477233
20070312,0.00177910745275
20070313,0.0
20070314,0.0
20070315,0.0
20070316,0.0
20070317,0.0293809572341
20070318,0.160382622749
20070319,9.93952988693
20070320,5.15191330745
20070321,0.245741744457
20070322,1.46726331445
20070323,0.338941403289
20070324,1.65562690035
20070325,0.116541956538
20070326,0.768650458736
20070327,0.0537054047944
20070328,0.181860208233
20070329,1.1300785203
20070330,0.632288855584
20070331,1.98471009933
20070401,0.203689321723
20070402,0.0100373138039
20070403,0.000124641680088
20070404,0.0294827283332
20070405,1.33648530216
20070406,0.697912749293
20070407,4.42799800373
20070408,0.119276473537
20070409,0.916046505964
20070410,0.529105223974
20070411,1.58124088301
20070412,16.2948192666
20070413,0.952567187078
20070414,4.24361414122
20070415,2.82944288042
20070416,2.19617347984
20070417,1.67359017555
20070418,0.169922058619
20070419,0.0258078633238
20070420,0.0227011627147
20070421,0.0379482322748
20070422,0.000663505741547
20070423,0.0
20070424,0.023046063215
20070425,2.02853284809
20070426,1.049781782
20070427,0.572444119867
20070428,0.138846197611
20070429,0.0194926819253
20070430,0.0268480600962
20070501,0.00266530711705
20070502,3.88044700071e-05
20070503,0.000576867229129
20070504,0.0559803600156
20070505,0.000988872277668
20070506,0.0
20070507,0.297812251279
20070508,0.681578193955
20070509,0.774810268476
20070510,1.13395358981
20070511,0.0370204548834
20070512,0.0382471588207
20070513,0.57921931164
20070514,0.725234162593
20070515,1.16132934158
20070516,1.59924891201
20070517,0.991114992919
20070518,0.913095985281
20070519,0.370562298428
20070520,1.05232105503
20070521,0.525712222168
20070522,0.00896167321021
20070523,0.00725509294201
20070524,0.272607844971
20070525,0.25209196596
20070526,0.0753300885759
20070527,0.619389871485
20070528,7.15827265045
20070529,0.553378341255
20070530,0.211690159238
20070531,0.532816433735
20070601,1.2507463636
20070602,1.33597837141
20070603,0.189346837605
20070604,0.325391129908
20070605,0.3052520872
20070606,0.00605562606585
20070607,0.883761971592
20070608,1.13927015278
20070609,0.0198525822975
20070610,0.458269402592
20070611,0.502212949229
20070612,2.16077701293
20070613,0.52731269328
20070614,0.0101384102835
20070615,0.365565972094
20070616,0.208569460143
20070617,0.688013291967
20070618,0.0715558420479
20070619,0.0308944572508
20070620,0.0474997120433
20070621,0.0293998692071
20070622,1.05521647437
20070623,1.42578172772
20070624,4.10361944398
20070625,1.86667963028
20070626,1.4079400953
20070627,0.477396501137
20070628,2.20048277341
20070629,2.79556546951
20070630,1.69987007846
20070701,1.31258399267
20070702,7.06332452436
20070703,1.14442814477
20070704,0.615175166368
20070705,3.2776363782
20070706,1.17872305201
20070707,1.06274284699
20070708,1.33666421743
20070709,1.06625662528
20070710,11.1308773435
20070711,0.479436070006
20070712,4.7155128035
20070713,5.89993924415
20070714,4.17861184859
20070715,0.240882213257
20070716,1.28180853222
20070717,0.146044382308
20070718,9.53365936777
20070719,0.255031315839
20070720,4.26589975845
20070721,9.28002858287
20070722,0.798392923966
20070723,1.98491849029
20070724,0.487572467264
20070725,4.4438491836
20070726,0.323592046963
20070727,8.25335541674
20070728,0.341318889575
20070729,5.5121129843
20070730,6.58660057399
20070731,1.17742338901
20070801,2.30075102098
20070802,3.17599425771
20070803,0.734966807143
20070804,4.17942146367
20070805,0.688410074784
20070806,0.417249027281
20070807,3.66510986067
20070808,5.48339223885
20070809,0.872831091595
20070810,3.32197014052
20070811,0.155776456581
20070812,14.0779737895
20070813,0.772179159911
20070814,0.382050483585
20070815,4.88725521958
20070816,3.25159692496
20070817,1.62068200371
20070818,1.24658525699
20070819,0.0284549467548
20070820,6.94674053928
20070821,3.62674845894
20070822,1.11359059095
20070823,4.69662145586
20070824,2.13383675144
20070825,2.13273636874
20070826,1.67475334751
20070827,0.502325912195
20070828,22.1666622226
20070829,6.78617799593
20070830,1.0373915555
20070831,1.6027734907
20070901,0.213722650703
20070902,11.7933297291
20070903,2.57299445402
20070904,7.14132732479
20070905,2.38471763396
20070906,8.85074320864
20070907,1.7993919775
20070908,1.1418471862
20070909,8.47490537155
20070910,0.667634194953
20070911,0.87123562457
20070912,0.622226214444
20070913,3.98117241625
20070914,0.913576158354
20070915,1.77487801869
20070916,6.96266661716
20070917,0.182233024345
20070918,2.64314050213
20070919,0.430387115517
20070920,0.512467830957
20070921,1.25867240923
20070922,0.224412848349
20070923,0.352814535701
20070924,0.178502422878
20070925,0.0178593328563
20070926,0.80666770159
20070927,0.169105813994
20070928,0.714322291646
20070929,2.98041814147
20070930,1.05074456697
20071001,0.597837507172
20071002,1.47482370306
20071003,0.929924774894
20071004,1.15073502375
20071005,0.0301417985464
20071006,0.0134928259675
20071007,0.0231352861713
20071008,0.405056709705
20071009,0.244435719588
20071010,0.397439461359
20071011,0.042543308274
20071012,0.0315339278525
20071013,3.30602046545
20071014,0.142196242449
20071015,0.578300187162
20071016,1.90482616743
20071017,7.25620261825
20071018,1.56562658233
20071019,0.490057063101
20071020,0.0275913914203
20071021,0.000342438507117
20071022,0.0
20071023,0.0
20071024,0.00629501127631
20071025,0.0240009447598
20071026,0.000422079941763
20071027,0.0
20071028,0.0
20071029,0.0
20071030,0.0
20071031,0.000894286175927
20071101,0.120927501078
20071102,0.0266852673976
20071103,0.15338299219
20071104,0.0419444055975
20071105,0.000693323732582
20071106,1.09381756879
20071107,1.5968071919
20071108,0.0428787816691
20071109,1.74963847903
20071110,0.0309076556239
20071111,0.0809245160751
20071112,2.15012828522
20071113,0.7441024302
20071114,0.12989417046
20071115,0.0124661397028
20071116,0.429803517192
20071117,0.406935437064
20071118,0.330612198506
20071119,0.00571654809509
20071120,0.116869505339
20071121,0.00206483216899
20071122,0.0
20071123,0.127687783273
20071124,0.0214847029318
20071125,0.0024749005654
20071126,0.0951173029281
20071127,0.122323249583
20071128,0.0343696957152
20071129,0.00335060546161
20071130,0.0101362011467
20071201,0.00602951345613
20071202,0.0489831870251
20071203,0.004451167116
20071204,0.00773074930301
20071205,0.000135465799977
20071206,0.0
20071207,0.0
20071208,0.0
20071209,0.0
20071210,0.65727786398
20071211,0.265043767614
20071212,0.461819134978
20071213,0.157705916458
20071214,0.00781061060174
20071215,0.00853603448014
20071216,0.00322079610154
20071217,0.731618223102
20071218,0.0375331199535
20071219,0.058526117214
20071220,0.0010263489515
20071221,0.104438052365
20071222,0.015230109626
20071223,0.059866382647
20071224,0.144789373218
20071225,0.0615985518984
20071226,0.430681369089
20071227,0.0211701224246
20071228,0.0879209874231
20071229,0.00154913554279
20071230,0.0
20071231,0.00615247174423
20080101,0.000108700933356
20080102,0.0265057934133
20080103,0.583665778241
20080104,0.0616938818107
20080105,0.0707389590909
20080106,0.00123376332727
20080107,0.00748969410426
20080108,0.0165390888891
20080109,0.00639026610045
20080110,0.000107780809057
20080111,0.0
20080112,0.0
20080113,0.0196819042031
20080114,0.0302494852793
20080115,0.269028672511
20080116,2.36533333513
20080117,1.94026240455
20080118,0.0504335197961
20080119,0.043122936128
20080120,0.000756616981388
20080121,0.33358153622
20080122,0.0122124847765
20080123,0.000111639926895
20080124,0.00289736853148
20080125,0.126912012089
20080126,0.0743178689352
20080127,0.0093586556025
20080128,0.952117011191
20080129,0.0230108746727
20080130,0.0439324572148
20080131,0.0635433062065
20080201,0.129170405824
20080202,0.00226256913526
20080203,0.0
20080204,0.0
20080205,0.0
20080206,0.0
20080207,0.0797419266131
20080208,0.00474756360419
20080209,0.349013268215
20080210,2.94259227162
20080211,0.0704219628812
20080212,0.00667092174344
20080213,0.00469663884949
20080214,0.0952483113638
20080215,2.74457238331
20080216,0.113334594701
20080217,0.00114617741168
20080218,0.0
20080219,0.0
20080220,0.0111255914156
20080221,0.000196565216983
20080222,0.0
20080223,0.0
20080224,0.0
20080225,0.0
20080226,0.0
20080227,0.000650673471849
20080228,1.14959965359e-05
20080229,0.0
20080301,0.0601953713767
20080302,0.00106352247935
20080303,0.0
20080304,0.0
20080305,0.0104325098093
20080306,0.00331238720769
20080307,0.00108668637471
20080308,1.82229683574e-05
20080309,0.00525146586499
20080310,0.00123292540852
20080311,2.0143871273e-05
20080312,0.0
20080313,0.0
20080314,0.0577233081964
20080315,0.0550921073043
20080316,0.000955340271085
20080317,0.00317069417628
20080318,0.0332411796391
20080319,0.000586310224988
20080320,0.0
20080321,0.0
20080322,0.013801668132
20080323,0.00024384573746
20080324,0.0
20080325,0.0
20080326,0.0
20080327,0.0
20080328,0.0
20080329,0.087741435246
20080330,0.00155020227258
20080331,0.0
20080401,0.0380052262349
20080402,0.262247462961
20080403,0.0754934449514
20080404,0.653200742114
20080405,0.333079392452
20080406,0.00568128717886
20080407,0.0395220360331
20080408,0.0976169482399
20080409,0.228022843628
20080410,28.4966374711
20080411,1.93345062897
20080412,1.88069251401
20080413,0.315435773374
20080414,0.305100337146
20080415,0.00530223408573
20080416,0.0
20080417,0.171006287153
20080418,0.00302131258049
20080419,0.0
20080420,0.00268937133635
20080421,0.00568985939955
20080422,0.188519457295
20080423,0.151732745131
20080424,0.0443288283314
20080425,0.0160053471981
20080426,0.000269761096454
20080427,0.0
20080428,0.0
20080429,0.0
20080430,0.0670847493271
20080501,0.551879745904
20080502,0.0173405171099
20080503,0.565220446746
20080504,0.00999293421534
20080505,1.1211437914
20080506,0.762893527137
20080507,6.4238142831
20080508,0.824275938267
20080509,0.56113455477
20080510,0.00989565752509
20080511,0.111074374465
20080512,1.64638673545
20080513,0.651735812456
20080514,0.102260179371
20080515,0.00190253280492
20080516,0.205433875616
20080517,0.00439470849638
20080518,1.35198897142e-05
20080519,0.000341338374967
20080520,0.219553096674
20080521,0.0430664542766
20080522,0.000692359201929
20080523,5.25707219345e-08
20080524,0.00976073451927
20080525,0.36078596202
20080526,0.0136520452076
20080527,0.00388457713711
20080528,0.88592879801
20080529,0.467503742933
20080530,3.55261507606
20080531,0.581882580978
20080601,2.6902385576
20080602,0.17380517967
20080603,0.461711777925
20080604,0.404138706791
20080605,0.261934839965
20080606,0.0111162113461
20080607,0.143429917574
20080608,0.0375779663557
20080609,0.00347606125782
20080610,0.0275130982316
20080611,0.552364643707
20080612,0.358493157507
20080613,0.0490069046792
20080614,0.000756985427054
20080615,0.00436037348125
20080616,0.238189775421
20080617,0.423111698227
20080618,0.00986289491246
20080619,3.10878588904
20080620,0.657638295594
20080621,0.102665593628
20080622,0.106643798788
20080623,0.173377687028
20080624,0.0214789176041
20080625,0.0765212536605
20080626,5.35486629149
20080627,0.342882397757
20080628,0.00438687712977
20080629,0.109530091063
20080630,0.0349093244519
20080701,0.120880624816
20080702,0.0724782822538
20080703,0.0323707577342
20080704,0.0496069890957
20080705,0.328803403132
20080706,0.0310280324397
20080707,0.96163816121
20080708,0.280848803732
20080709,0.767551672253
20080710,1.77853599559
20080711,5.07592730198
20080712,3.24810807162
20080713,0.0775126773682
20080714,0.426624580696
20080715,1.35592521492
20080716,0.0269863905772
20080717,0.0260397674259
20080718,3.68929449447
20080719,9.9106975495
20080720,1.18116013385
20080721,0.770650617481
20080722,0.0368289124152
20080723,3.47889313363
20080724,0.197187698663
20080725,2.58551324698
20080726,2.19530719827
20080727,1.80970385042
20080728,0.187089946181
20080729,0.469966878914
20080730,6.08286107053
20080731,1.33555235242
20080801,0.0358340409566
20080802,0.522738653554
20080803,1.21554598044
20080804,0.640717712789
20080805,1.65904483083
20080806,5.23871899834
20080807,11.5609476681
20080808,0.842620471785
20080809,1.98692222853
20080810,8.25113959334
20080811,1.76830544624
20080812,0.900275832642
20080813,0.061020960516
20080814,0.767422601553
20080815,2.15724153001
20080816,4.71884101327
20080817,3.49898951652
20080818,2.01951382231
20080819,2.93170024378
20080820,3.42790432645
20080821,0.60795866339
20080822,0.0165101025852
20080823,2.35577794666
20080824,2.10899167521
20080825,1.14056718894
20080826,1.01967368108
20080827,8.24177345237
20080828,0.550820553324
20080829,6.40303589109
20080830,0.389507789795
20080831,2.4413302719
20080901,5.4439900219
20080902,3.88290012636
20080903,4.18915813448
20080904,0.283172131072
20080905,3.74552400776
20080906,0.646774431467
20080907,1.55458898902
20080908,10.4534076507
20080909,3.64644666003
20080910,0.643475606082
20080911,0.0922494156145
20080912,0.629228392552
20080913,1.39977617546
20080914,0.397448262308
20080915,0.67014316838
20080916,0.214785901926
20080917,0.00368112919562
20080918,1.20169605251
20080919,1.09365936324
20080920,0.0440433890456
20080921,0.749099796185
20080922,0.688971533144
20080923,0.0759239773383
20080924,0.172878644659
20080925,1.22907955515
20080926,1.15020905907
20080927,0.118547935478
20080928,0.0368931661916
20080929,0.00268374116893
20080930,0.0536653902008
20081001,0.689066136684
20081002,0.054320922958
20081003,0.0658131530915
20081004,2.82196815775
20081005,0.374057266088
20081006,0.00572825932
20081007,0.0676453725559
20081008,0.0345837182153
20081009,0.0439691704586
20081010,1.79705083668
20081011,0.233308317918
20081012,1.49949025386
20081013,0.026429838573
20081014,0.414888183059
20081015,0.00733017976807
20081016,0.00446173918952
20081017,0.0267078942557
20081018,0.243609908502
20081019,0.00429574972052
20081020,0.0
20081021,0.00295349543988
20081022,0.336873043806
20081023,0.184528781439
20081024,0.234431578848
20081025,1.35429415389
20081026,2.23711751357
20081027,3.31276329194
20081028,0.077588113556
20081029,0.680436433521
20081030,2.01503692546
20081031,3.26209396722
20081101,8.21524250446
20081102,2.45743332999
20081103,3.88789001359
20081104,2.31926289609
20081105,4.01460751819
20081106,1.34653479418
20081107,1.10930186168
20081108,0.396252084789
20081109,0.026943119049
20081110,0.000358329112845
20081111,0.000333360127301
20081112,5.88975710948e-06
20081113,0.0139186339667
20081114,0.00485957099586
20081115,8.15134110971e-05
20081116,0.0
20081117,0.0
20081118,0.0
20081119,0.0
20081120,0.0
20081121,0.0
20081122,0.0
20081123,0.0
20081124,0.0
20081125,0.0
20081126,0.0
20081127,0.0232766583068
20081128,0.302334461
20081129,0.00533433179512
20081130,0.0016606370504
20081201,2.93398774433e-05
20081202,0.0352327096763
20081203,0.00526978921207
20081204,0.244763175654
20081205,0.00474232889285
20081206,7.40886771798e-06
20081207,0.0
20081208,0.0
20081209,0.0153521519355
20081210,0.0374271920646
20081211,0.0351555861061
20081212,0.000609525062868
20081213,0.00720473819865
20081214,0.000127292179799
20081215,0.0
20081216,0.0
20081217,0.0
20081218,0.0
20081219,0.0
20081220,0.0
20081221,0.0
20081222,0.0
20081223,0.00344591986837
20081224,6.08819680689e-05
20081225,0.0
20081226,0.0
20081227,0.0
20081228,0.0942210890157
20081229,0.00166468356952
20081230,0.0
20081231,0.00778206487953
20090101,0.052067414274
20090102,0.136537338343
20090103,0.00274383117342
20090104,6.1434717039e-06
20090105,0.0
20090106,0.21106739372
20090107,0.00372910557215
20090108,0.0
20090109,0.0
20090110,0.0
20090111,0.093192764236
20090112,0.00164651503201
20090113,0.0
20090114,0.0
20090115,0.0
20090116,0.0
20090117,0.0
20090118,1.89656172758e-06
20090119,3.35081515697e-08
20090120,2.64165011321
20090121,0.0496213004628
20090122,0.127685379456
20090123,0.434120750479
20090124,0.0145223306003
20090125,0.441372210025
20090126,5.26502672677
20090127,0.0
20090128,0.0
20090130,0.0
20090131,0.0
20090202,0.0
20090204,0.0
20090207,0.0
20090208,0.0
20090209,0.0
20090210,0.0
20090213,0.0
20090214,0.0
20090215,0.0
20090216,0.0
20090217,0.0
20090218,0.0
20090220,0.0
20090221,0.0
20090222,0.0
20090223,0.0
20090224,0.0
20090225,0.0
20090228,0.0
20090301,0.0
20090302,0.0
20090303,0.0
20090305,0.0
20090306,0.0
20090308,0.0
20090309,0.0
20090310,0.0
20090312,0.0
20090313,0.0
20090314,0.0
20090315,0.0
20090316,0.0
20090317,0.0
20090318,0.0153257721465
20090319,0.0211115054133
20090320,0.0034414651132
20090321,0.00287284351569
20090322,0.00562965067547
20090323,0.0669356807406
20090324,0.0389024606734
20090325,0.381550485868
20090326,0.276482827662
20090327,2.22783846354
20090328,3.19569148898
20090329,7.56090063184
20090330,8.18929047095
20090331,0.659885654779
20090401,5.23443400136
20090402,0.123986922375
20090403,0.141791646334
20090404,0.402553838829
20090405,1.80928302027
20090406,0.633585147204
20090407,3.30550523081
20090408,0.177984053522
20090409,0.0729331471871
20090410,0.00141345219579
20090411,0.07316209598
20090412,0.21955039979
20090413,0.200399687254
20090414,0.0863100717866
20090415,0.0353773484109
20090416,0.00822170327839
20090417,0.287844334316
20090418,0.0287911687749
20090419,0.000418868511545
20090420,0.21781259881
20090421,0.274209062511
20090422,0.00477669207945
20090423,0.00324643933466
20090424,0.295370382057
20090425,1.10824148216
20090426,0.135368086498
20090427,0.00504490254264
20090428,0.0441175067158
20090429,0.789020496927
20090430,0.0412101748031
20090501,0.0152330618322
20090502,0.149205321024
20090503,0.0893915940245
20090504,0.00153286342059
20090505,0.0586730316676
20090506,0.123095296376
20090507,0.00215651388413
20090508,0.0210725139869
20090509,0.0539396038634
20090510,0.0034147096831
20090511,0.00165924247985
20090512,0.0885918716211
20090513,0.371102070377
20090514,2.41113885535
20090515,0.12363648038
20090516,0.564787276771
20090517,0.111287697688
20090518,1.4166893747
20090519,0.153121504209
20090520,0.267699303061
20090521,0.00468967537501
20090522,0.019416970067
20090523,0.0262720739839
20090524,0.0304924042777
20090525,0.0508844720311
20090526,0.0247131423371
20090527,0.0795149882071
20090528,0.00139742165601
20090529,0.0
20090530,0.0
20090531,0.0173053632036
20090601,0.00300256010304
20090602,0.0248570904665
20090603,0.00434776374415
20090604,0.102741618342
20090605,0.171687578591
20090606,0.0967927110954
20090607,0.239199750231
20090608,0.296355711872
20090609,0.014235138038
20090610,0.000160306014303
20090611,0.0100540816877
20090612,0.211857099518
20090613,0.109729554847
20090614,0.768052082655
20090615,1.13876586015
20090616,0.763809980728
20090617,1.29258051358
20090618,1.05209895164
20090619,0.973974895014
20090620,2.68606993529
20090621,0.343160985178
20090622,2.54919205708
20090623,0.254715548426
20090624,0.154407004324
20090625,0.137690959571
20090626,0.614178968643
20090627,0.225105074198
20090628,0.00403082161571
20090629,1.48917036411
20090630,0.192245216016
20090701,1.2625970012
20090702,0.17669017665
20090703,1.23496436851
20090704,1.9660214938
20090705,0.279357728256
20090706,1.48638159531
20090707,3.45565810869
20090708,0.180125891927
20090709,0.711025621711
20090710,0.152817188785
20090711,0.515884671479
20090712,0.177732839351
20090713,2.89832904315
20090714,0.960822951381
20090715,3.61230015997
20090716,1.35535142487
20090717,3.15728286914
20090718,0.200176074769
20090719,1.30173487956
20090720,0.731303612477
20090721,1.69681805857
20090722,0.0555532727859
20090723,0.145009448468
20090724,4.25974201476
20090725,10.0995511301
20090726,6.01925512877
20090727,0.599661292327
20090728,1.23998100205
20090729,2.8448341292
20090730,0.0907637079588
20090731,0.705315104161
20090801,0.667592026357
20090802,0.450177223576
20090803,7.97491808273
20090804,0.283796773026
20090805,4.69860338042
20090806,1.41721376445
20090807,0.373295798479
20090808,0.0156049275474
20090809,0.252826141847
20090810,0.442914225502
20090811,0.431294357889
20090812,5.97492812898
20090813,4.25332886186
20090814,4.27884264335
20090815,1.56749305351
20090816,1.16245801105
20090817,0.726146368926
20090818,1.24377274418
20090819,1.12277515619
20090820,0.659719967186
20090821,13.2828554283
20090822,1.26548092636
20090823,1.75013058162
20090824,5.13539048926
20090825,1.04124146124
20090826,6.7191507411
20090827,7.34815763065
20090828,0.741743987498
20090829,3.5878561827
20090830,4.32286469431
20090831,5.56542761787
20090901,5.14176025418
20090902,1.77251278815
20090903,0.205644374053
20090904,0.434474070452
20090905,2.3851675059
20090906,0.592368012518
20090907,0.361029962896
20090908,0.237712446846
20090909,4.74518112109
20090910,0.352189545707
20090911,0.449796204327
20090912,0.0133479720064
20090913,0.0396255678917
20090914,0.0286427446149
20090915,1.13628314285
20090916,0.020066950142
20090917,0.117649166204
20090918,0.158538851258
20090919,0.244633262643
20090920,0.00427330287527
20090921,0.000531486407264
20090922,9.39021539072e-06
20090923,0.293772523111
20090924,0.0449222188271
20090925,0.0227695332969
20090926,3.29896125475
20090927,0.4165308204
20090928,0.0398639123389
20090929,0.00595333290867
20090930,0.0243433912407
20091001,0.00116847859717
20091002,0.526586967638
20091003,1.29979457009
20091004,0.298810844225
20091005,0.00708731026571
20091006,3.90600147607e-05
20091007,0.0
20091008,0.504846984063
20091009,6.8459669981
20091010,3.51132107268
20091011,3.27573227116
20091012,28.8829226496
20091013,3.64450312038
20091014,1.52009824454
20091015,0.0258781940549
20091016,0.0482218090541
20091017,0.309225813751
20091018,1.18755212693
20091019,3.57990523714
20091020,0.0755235429023
20091021,0.000223380448964
20091022,0.0
20091023,0.000998225177229
20091024,0.0926688634167
20091025,0.00163694750889
20091026,0.0293228596178
20091027,0.0434064193362
20091028,0.0172201732793
20091029,0.00721052511279
20091030,0.0315102490254
20091031,0.420656536908
20091101,0.00742229613167
20091102,0.0
20091103,0.0
20091104,0.0332378441273
20091105,0.0036622053091
20091106,0.00403727993837
20091107,0.00126453083422
20091108,0.0239197753592
20091109,0.000422238069994
20091110,0.0
20091111,0.0
20091112,0.00878886898366
20091113,0.000155280369016
20091114,0.0
20091115,0.0
20091116,0.0543589609102
20091117,0.000960405614611
20091118,0.0
20091119,0.0
20091120,0.0
20091121,0.0
20091122,0.0
20091123,0.0
20091124,0.0
20091125,0.0
20091126,0.0
20091127,0.0
20091128,0.000949336729303
20091129,1.02830225949
20091130,7.37254237159
20091201,0.313734557998
20091202,0.00386962033965
20091203,1.09946125907e-05
20091204,0.154145745254
20091205,0.00272342329198
20091206,0.0
20091207,0.0
20091208,0.0
20091209,0.0
20091210,0.0
20091211,0.822706355774
20091212,9.4857205381
20091213,1.29862229518
20091214,0.579764866248
20091215,0.101806114784
20091216,0.0329337013231
20091217,0.000553175580665
20091218,0.0
20091219,0.0358913248921
20091220,0.035485649093
20091221,0.000615751423593
20091222,0.0
20091223,0.161653250417
20091224,0.199483715096
20091225,0.0475597098534
20091226,0.00740291532221
20091227,0.66525685177
20091228,0.0838288373346
20091229,0.00270574254868
20091230,0.000409607054092
20091231,9.0050427057e-05
20100101,1.47103613812e-06
20100102,0.0196702060438
20100103,0.00174152850401
20100104,2.46289407302e-05
20100105,0.0
20100106,0.0
20100107,0.0
20100108,0.0
20100109,0.0
20100110,0.0
20100111,0.0
20100112,0.0
20100113,0.0
20100114,0.0
20100115,0.0
20100116,0.0
20100117,0.00953610114453
20100118,0.589554181233
20100119,0.0477137620883
20100120,0.000659021035363
20100121,0.0
20100122,0.0580051822631
20100123,0.0544587655735
20100124,0.00162766090365
20100125,0.0150694713367
20100126,0.000266031597057
20100127,0.0
20100128,0.0
20100129,0.0
20100130,0.0
20100131,0.0
20100201,0.0
20100202,0.0
20100203,0.0
20100204,0.0
20100205,0.0483055960051
20100206,0.018418450505
20100207,0.762379254227
20100208,6.79759937883
20100209,5.26341421763
20100210,0.678573590302
20100211,14.1379784974
20100212,0.728281725836
20100213,0.79446360376
20100214,0.318617341017
20100215,0.0364233054954
20100216,0.0174831390925
20100217,0.325208464247
20100218,0.0464471474756
20100219,0.0207146746252
20100220,0.370404106149
20100221,0.00653800089483
20100222,0.0
20100223,0.0
20100224,0.0941860203963
20100225,0.00198283157695
20100226,4.31076882985
20100227,0.964322940826
20100228,2.50718258592
20100301,2.34490210407
20100302,0.474035205264
20100303,12.4572871989
20100304,4.19905851628
20100305,2.44846608133
20100306,0.860108048054
20100307,1.69460962118
20100308,0.152604810597
20100309,0.00410546151891
20100310,3.41648143204e-05
20100311,0.0
20100312,0.0
20100313,0.0
20100314,0.0
20100315,0.0
20100316,0.0
20100317,0.0
20100318,0.524472019037
20100319,8.96254793457
20100320,0.87439898037
20100321,0.969991132935
20100322,0.0196297928561
20100323,4.79807027896e-05
20100324,0.00200984676928
20100325,3.55096522114e-05
20100326,0.080513414924
20100327,1.16866723029
20100328,2.54439237677
20100329,0.823073256475
20100330,2.60228615789
20100331,0.364944246509
20100401,0.887543118949
20100402,0.994492681206
20100403,2.40655566447
20100404,1.04988886687
20100405,0.0674877498227
20100406,0.0008778143296
20100407,0.594499440861
20100408,0.756467425763
20100409,0.0131795742281
20100410,0.00038648128639
20100411,0.01432955709
20100412,0.867386696204
20100413,2.71846616073
20100414,1.04233436509
20100415,2.24611378529
20100416,1.42292566877
20100417,0.128941852938
20100418,0.822309885167
20100419,0.620949739206
20100420,0.32761916512
20100421,0.00667114667885
20100422,0.419829561017
20100423,4.19670583731
20100424,1.79832879547
20100425,1.02170459776
20100426,0.995541139331
20100427,0.114029300264
20100428,0.0340956758245
20100429,1.25424209374
20100430,0.0798103508681
20100501,0.442734363844
20100502,3.5118049652
20100503,0.702113236383
20100504,4.57440921661
20100505,0.368895162818
20100506,11.1807742197
20100507,5.89512392617
20100508,1.01203880258
20100509,0.0222906964507
20100510,16.7608084448
20100511,3.04385213064
20100512,1.51508415236
20100513,0.0881280368342
20100514,3.21201408754
20100515,0.59608817498
20100516,1.83566533465
20100517,3.76367832276
20100518,0.0768045725665
20100519,0.289398244623
20100520,0.0453706468445
20100521,0.00419879664561
20100522,0.0580096667426
20100523,0.0130014700583
20100524,0.68394704863
20100525,0.318616046419
20100526,0.554705346547
20100527,0.261159767849
20100528,0.179449752986
20100529,1.27358506384
20100530,0.219279774683
20100531,0.129599259849
20100601,0.00851129188814
20100602,0.000111006966807
20100603,0.0184188314914
20100604,0.0456506497103
20100605,0.875021192141
20100606,0.0494263351622
20100607,0.784510399078
20100608,0.0514669900287
20100609,0.361615074646
20100610,0.138005593328
20100611,0.431503458339
20100612,0.0415763802945
20100613,0.0769432325207
20100614,0.060853601303
20100615,0.103506768429
20100616,0.0495338652478
20100617,0.0690770591208
20100618,0.0114511481809
20100619,0.63455019641
20100620,0.0926060976054
20100621,0.816216570782
20100622,1.03800241005
20100623,0.0767558689367
20100624,0.400363567597
20100625,0.75835283285
20100626,0.136028413379
20100627,1.58290970645
20100628,0.0290551865269
20100629,0.141757239854
20100630,0.611011749415
20100701,1.49368851358
20100702,0.127322264036
20100703,0.0115761844073
20100704,0.192653705932
20100705,0.542402032133
20100706,0.396693436088
20100707,0.0647566906603
20100708,0.158315460962
20100709,0.160646388047
20100710,1.19402373854
20100711,1.09390789014
20100712,5.04670170613
20100713,1.16584892631
20100714,6.53420442171
20100715,0.881607836843
20100716,2.95526176297
20100717,2.79671977079
20100718,10.8669662349
20100719,8.06461145107
20100720,5.7740162223
20100721,13.0823089903
20100722,3.88596297814
20100723,1.48641249041
20100724,6.31007082607
20100725,8.07961364636
20100726,1.90804123842
20100727,0.340175478635
20100728,8.86113363807
20100729,1.65688694525
20100730,2.83990006573
20100731,0.413815705731
20100801,5.73414129013
20100802,2.25639207872
20100803,0.232741219494
20100804,5.69680757531
20100805,6.3046390218
20100806,0.904024049071
20100807,0.700313843348
20100808,0.0817031761246
20100809,0.946574296619
20100810,4.67294665865
20100811,1.85042816848
20100812,6.68206643663
20100813,6.55199942374
20100814,3.16034508982
20100815,0.307520247397
20100816,5.4406905609
20100817,0.513379770261
20100818,1.41877203201
20100819,5.78048779397
20100820,3.21042952703
20100821,5.61020212934
20100822,0.845188996952
20100823,1.34698589424
20100824,1.01923471459
20100825,13.486697478
20100826,4.23097682407
20100827,1.88310501985
20100828,5.68940791851
20100829,5.14199628207
20100830,4.26125110813
20100831,0.891509419819
20100901,8.26868914366
20100902,5.53399442655
20100903,0.967495479834
20100904,6.38026631165
20100905,2.92844792708
20100906,0.483735682283
20100907,1.22374428854
20100908,0.406083587482
20100909,0.785411533436
20100910,0.220849896069
20100911,0.889032663038
20100912,1.34640488552
20100913,4.09654072922
20100914,0.913362456443
20100915,0.748012488559
20100916,3.71635766092
20100917,4.13584557398
20100918,0.752155919267
20100919,0.551381778953
20100920,0.429206819581
20100921,0.489995735821
20100922,8.20806921883
20100923,1.78628671043
20100924,0.0620927689249
20100925,0.0636820669373
20100926,0.134560024513
20100927,0.0079622333235
20100928,0.00893876141249
20100929,0.738116328075
20100930,1.75402447348
20101001,2.66601659482
20101002,0.0520636582725
20101003,0.0289261635311
20101004,0.0855750753913
20101005,0.121555725831
20101006,0.0569115485216
20101007,0.00697324434618
20101008,0.0232657179443
20101009,0.161438095014
20101010,0.00334437301045
20101011,0.000960349828869
20101012,0.000298232807322
20101013,0.0363445791567
20101014,0.000642042566777
20101015,0.000583923331394
20101016,0.0126614373937
20101017,0.00720912859022
20101018,0.00537207623843
20101019,9.78647797547e-05
20101020,0.000915191032016
20101021,0.970988616435
20101022,0.76379248314
20101023,0.0374800542797
20101024,0.190455450905
20101025,0.0723082194846
20101026,0.00807873097796
20101027,0.0139241460194
20101028,0.165493504279
20101029,0.028426578223
20101030,0.00351357662218
20101031,0.020458224045
20101101,0.0271402070281
20101102,0.256182146231
20101103,0.00572352937938
20101104,0.0356504118191
20101105,0.000629489612419
20101106,0.0
20101107,0.0
20101108,0.0
20101109,0.0028133418735
20101110,0.011269971457
20101111,0.00246361193912
20101112,4.0024279772e-05
20101113,0.0
20101114,0.993571218075
20101115,0.0209424931558
20101116,0.00298039480771
20101117,0.00035761793974
20101118,5.4066852481e-06
20101119,0.0921815669566
20101120,0.0335453744126
20101121,0.0185230104481
20101122,0.0545770771591
20101123,0.00544066868261
20101124,0.5643232384
20101125,3.15565526873
20101126,0.168124249601
20101127,0.00199059372198
20101128,3.77259157964e-08
20101129,0.0
20101130,0.0
20101201,0.0
20101202,0.0
20101203,0.0
20101204,0.00774227549057
20101205,0.000136789314493
20101206,0.0740633675145
20101207,0.0104585354061
20101208,0.491488841998
20101209,0.00868069213291
20101210,0.00968753783804
20101211,0.251313270258
20101212,0.0162186557882
20101213,0.0303770561045
20101214,0.00053301935575
20101215,0.0
20101216,0.0
20101217,0.121735009285
20101218,0.00215079531714
20101219,0.080816991859
20101220,0.00650540976752
20101221,0.0350508039885
20101222,0.00441389803097
20101223,6.70708566393e-05
20101224,0.00817497021301
20101225,0.021613113202
20101226,0.0100679191624
20101227,0.00753251114051
20101228,0.136381391453
20101229,0.00568783123577
20101230,0.174569917281
20101231,0.00488830220428
20110101,0.0268445570731
20110102,0.0463021292145
20110103,0.00080968920036
20110104,0.0
20110105,0.0108917907233
20110106,0.000548395844481
20110107,0.00091902528439
20110108,1.61260794607e-05
20110109,0.0772707176225
20110110,0.0262685810382
20110111,0.00785361777161
20110112,0.00013098283541
20110113,3.80164980734e-06
20110114,0.000603951039834
20110115,0.00486597868172
20110116,0.00162324050821
20110117,0.0137611501073
20110118,0.000242649926962
20110119,0.034596887432
20110120,0.0373529466595
20110121,0.777844419009
20110122,0.0259438203153
20110123,0.000276552380691
20110124,0.000118409721208
20110125,0.000268621795115
20110126,0.00136388713967
20110127,0.00069140359072
20110128,0.00708872661846
20110129,0.0245023641521
20110130,0.0199071012624
20110131,0.129835455978
20110201,0.0776224613645
20110202,0.00430627440443
20110203,0.132929578329
20110204,0.00243934037698
20110205,0.00989775901923
20110206,0.013783834935
20110207,0.121649938095
20110208,0.0287827638261
20110209,0.000470631102094
20110210,0.0334072838578
20110211,0.0190005719932
20110212,0.0110923700159
20110213,0.0228288750295
20110214,0.143802700202
20110215,0.00305685244404
20110216,0.0198109504724
20110217,0.0211314799297
20110218,0.000367166530949
20110219,0.0449241388013
20110220,0.0205339608533
20110221,0.000707093542837
20110222,0.00889056112085
20110223,0.0603186645674
20110224,0.025025074476
20110225,0.0127922941539
20110226,0.0216731107504
20110227,0.159410822789
20110228,0.00280974851213
20110301,0.00253829814302
20110302,0.0162070930785
20110303,0.0486007760763
20110304,0.00875155740341
20110305,0.000139539416602
20110306,0.444405446835
20110307,5.21738374493
20110308,1.73451437376
20110309,0.113940618817
20110310,0.0155478117012
20110311,0.00389117605673
20110312,0.138013496921
20110313,0.530555811698
20110314,3.17749834967
20110315,1.94093317105
20110316,7.76177690183
20110317,3.10162206753
20110318,0.0713694889921
20110319,0.445300182715
20110320,0.0284097484707
20110321,0.000363042059197
20110322,0.000596419985429
20110323,1.05374541803e-05
20110324,0.00557304888248
20110325,0.00102701805067
20110326,1.64055497241e-05
20110327,0.0
20110328,0.0149221797628
20110329,0.0013476774521
20110330,1.91525570875e-05
20110331,0.0204246927144
20110401,0.0239977006176
20110402,0.00041761201218
20110403,0.0420275589089
20110404,0.0171059613901
20110405,0.00108318934683
20110406,0.0100519757996
20110407,0.510487206444
20110408,0.958594271775
20110409,0.93968286962
20110410,0.0313587389759
20110411,0.00204198187587
20110412,0.0441138846575
20110413,0.852178570936
20110414,1.03744325943
20110415,0.165005300084
20110416,0.033720203405
20110417,0.0154686126918
20110418,0.024761733481
20110419,0.0187915316223
20110420,0.104882949611
20110421,0.0018920024355
20110422,0.0873995408883
20110423,0.0100881166802
20110424,0.221043309787
20110425,0.0623000932649
20110426,0.132520447655
20110427,1.8201627374
20110428,0.145775724348
20110429,1.83214645561
20110430,0.181372630221
20110501,0.00265435513379
20110502,3.58585023279
20110503,0.569435293332
20110504,0.450979364125
20110505,0.0111389013728
20110506,0.0240863539035
20110507,0.00309681669926
20110508,0.00923540968988
20110509,0.0106922175451
20110510,0.0741834276336
20110511,0.0204994782754
20110512,0.00384529000623
20110513,6.19471174029e-05
20110514,0.00282754085154
20110515,0.000125030711418
20110516,0.0125937691715
20110517,0.322381792599
20110518,22.7043167459
20110519,3.77273417226
20110520,0.269345332577
20110521,0.222260719439
20110522,0.407463803596
20110523,3.62630856937
20110524,3.43512949644
20110525,0.260055758279
20110526,0.819121459522
20110527,4.91439058354
20110528,0.788096643949
20110529,0.534939277479
20110530,1.53254842566
20110531,0.536401577586
20110601,0.0235633332641
20110602,0.0677120455728
20110603,0.029470331
20110604,0.04474327354
20110605,0.0148112112231
20110606,0.255103375837
20110607,0.215572212156
20110608,0.0971262729755
20110609,0.0553972790165
20110610,0.291100742052
20110611,0.232931120523
20110612,0.174726344807
20110613,0.637859992163
20110614,0.870392058748
20110615,1.74544329659
20110616,0.0407063187001
20110617,0.00253927984678
20110618,0.00192049572155
20110619,0.0132724293366
20110620,0.00405608492102
20110621,0.0301727753452
20110622,0.330823407493
20110623,0.156777806954
20110624,0.167316704027
20110625,0.407801242166
20110626,0.504117487164
20110627,0.295054780345
20110628,0.27736191174
20110629,1.3684262503
20110630,0.210759954191
20110701,1.44551307097
20110702,0.102224757232
20110703,0.673016536233
20110704,0.342635800506
20110705,0.054206075011
20110706,1.57353617938
20110707,0.158530461907
20110708,1.26051758338
20110709,0.0400335204786
20110710,0.00778611404579
20110711,0.0688717242546
20110712,0.0578262520391
20110713,0.274459696759
20110714,2.8482051149
20110715,0.547028405496
20110716,0.0426524658889
20110717,0.15846641957
20110718,2.03780985295
20110719,2.30566053087
20110720,1.50127741426
20110721,0.471490395892
20110722,2.5653358448
20110723,1.69413381049
20110724,3.1762382253
20110725,7.88029452761
20110726,0.153328558244
20110727,1.71485467791
20110728,0.262985737453
20110729,1.22033983699
20110730,4.51675651961
20110731,4.43205850404
20110801,1.32875275878
20110802,1.72602157176
20110803,0.558453999915
20110804,2.06767989971
20110805,6.51125085966
20110806,1.03644984083
20110807,2.28460327965
20110808,0.350599433061
20110809,0.882496528808
20110810,12.1545438713
20110811,2.86447130672
20110812,1.17685847445
20110813,0.0296669425175
20110814,1.4563918689
20110815,0.845400122806
20110816,4.60348141772
20110817,4.04567466134
20110818,0.913215058044
20110819,2.20422529404
20110820,0.655684530849
20110821,1.27890389353
20110822,0.322130929875
20110823,0.201116175725
20110824,0.0154363857276
20110825,0.394048640527
20110826,2.83843221675
20110827,2.98155189949
20110828,0.220265386995
20110829,0.970747731481
20110830,10.4836966116
20110831,0.603518370899
20110901,1.91556160514
20110902,2.79896952103
20110903,4.80947593996
20110904,1.68746640426
20110905,0.293623663146
20110906,0.375405430016
20110907,0.10132410416
20110908,0.307977722837
20110909,1.63544702707
20110910,0.508976960941
20110911,1.44418142615
20110912,0.601912573458
20110913,0.0276730148235
20110914,0.0824110065964
20110915,0.734435904143
20110916,0.40232093683
20110917,0.202419088814
20110918,0.10647927433
20110919,2.4970032251
20110920,0.622472331819
20110921,1.13678223618
20110922,0.124678079984
20110923,0.31576621271
20110924,6.98621871866
20110925,3.01509313785
20110926,0.938888523419
20110927,2.06594747676
20110928,0.0992352431251
20110929,0.0180811817895
20110930,0.000299786284249
20111001,0.0115569842518
20111002,2.40220327721e-06
20111003,0.0172257546825
20111004,0.00030434123526
20111005,0.619048964963
20111006,0.317418504497
20111007,0.0152350227631
20111008,0.000220682230905
20111009,8.33589208696e-07
20111010,0.000307550389768
20111011,5.433754877e-06
20111012,0.0
20111013,0.0088150765854
20111014,0.0165585349653
20111015,0.00691967905429
20111016,0.110697397582
20111017,0.0120559551038
20111018,0.0136707054287
20111019,0.00811317699753
20111020,0.000139130703224
20111021,0.00227601642065
20111022,0.0085192932499
20111023,0.000149807115648
20111024,0.0
20111025,0.108103307974
20111026,0.00190995239744
20111027,0.00269656069733
20111028,0.11426168593
20111029,0.0602425221046
20111030,0.00102870334882
20111031,0.00434440824179
20111101,0.0552033127489
20111102,0.0316084720027
20111103,0.00333960498933
20111104,0.136773793309
20111105,0.0192278988206
20111106,0.110563766816
20111107,0.640898038068
20111108,0.0314548973126
20111109,0.315768311409
20111110,0.539881016078
20111111,0.0211455274759
20111112,0.00223751579008
20111113,3.5878186257e-05
20111114,0.00329009356907
20111115,0.0277066714003
20111116,0.000488490177041
20111117,0.0113169311646
20111118,0.000648267690847
20111119,0.0451612102752
20111120,0.00426889148521
20111121,0.000632880769298
20111122,1.00981201328e-05
20111123,0.00794778006013
20111124,0.0569457484141
20111125,0.115434037165
20111126,0.0628705638362
20111127,0.0141764373012
20111128,0.168819077135
20111129,0.0228006640744
20111130,0.094262556859
20111201,0.00717403957633
20111202,0.0146767056751
20111203,0.000294439501987
20111204,0.00102464740355
20111205,0.00251367346921
20111206,0.000693095122979
20111207,0.000295003776932
20111208,5.00949020731e-06
20111209,0.0
20111210,0.0
20111211,0.00602957531468
20111212,0.0119858567461
20111213,0.000209882103329
20111214,0.0
20111215,0.0471201170451
20111216,0.0711573094352
20111217,0.0022066124676
20111218,0.00308291839811
20111219,0.000373396928998
20111220,5.64009406608e-06
20111221,0.0205982495627
20111222,0.24121671441
20111223,0.00608135314024
20111224,0.00545495880952
20111225,0.00702742805493
20111226,0.000122466782948
20111227,0.0120058016365
20111228,0.0164419995972
20111229,0.00334103017333
20111230,5.39626034818e-05
20111231,0.0014452529065
20120101,0.024575586208
20120102,0.000433746530616
20120103,0.0
20120104,0.0
20120105,0.01243811948
20120106,0.000219754740828
20120107,0.0163579818761
20120108,0.0498958976282
20120109,0.0116802858007
20120110,0.00708813878827
20120111,0.000121859698493
20120112,0.0
20120113,0.0
20120114,0.0
20120115,0.0
20120116,0.0
20120117,0.00663841101732
20120118,0.00127693734288
20120119,2.04885418865e-05
20120120,0.0
20120121,0.00865621732814
20120122,0.000152936729974
20120123,0.0
20120124,0.0123643287383
20120125,0.0232034843569
20120126,0.000406095946689
20120127,1.86931466484e-06
20120128,3.3026772165e-08
20120129,0.0
20120130,0.00735622745532
20120131,0.000129968695876
20120201,0.0291783766624
20120202,0.000515519067465
20120203,0.0
20120204,0.0
20120205,0.0
20120206,0.0
20120207,0.0
20120208,0.0305329600693
20120209,0.0290536869974
20120210,0.00050378507546
20120211,0.00547767706862
20120212,0.000732089087998
20120213,0.00164070879006
20120214,2.87894684329e-05
20120215,0.0
20120216,0.0
20120217,0.0
20120218,0.0
20120219,0.0
20120220,0.0
20120221,0.0
20120222,0.0
20120223,0.00675595383385
20120224,0.000119363133747
20120225,0.0
20120226,0.0269742210657
20120227,0.0608140364363
20120228,0.0219106158894
20120229,0.0203349789473
20120301,0.00337152946529
20120302,0.0180944643243
20120303,0.000318747858424
20120304,0.00181463772327
20120305,0.0212087035639
20120306,0.000539559367913
20120307,2.92250404741e-06
20120308,0.061632223071
20120309,0.0574966761792
20120310,0.0137760490177
20120311,0.000225785259487
20120312,0.0122574099169
20120313,0.00539941170628
20120314,9.15697610486e-05
20120315,0.00067838890662
20120316,1.19856702888e-05
20120317,0.00143959353545
20120318,0.00430050410968
20120319,0.000353777109964
