20010102,0.0
20010103,0.0
20010104,5.69296140881e-05
20010105,0.00903232003084
20010106,0.199958072436
20010107,0.0115245364278
20010108,0.0155563591649
20010109,0.00246407364478
20010110,0.240189067293
20010111,0.0416313951028
20010112,0.0699955742888
20010113,0.0049646827047
20010114,0.00502092704232
20010115,8.75416043396e-05
20010116,0.0
20010117,0.0
20010118,0.0
20010119,0.00622749953816
20010120,0.0019400196745
20010121,0.655496556785
20010122,1.5648600507
20010123,0.100916206883
20010124,0.0227511793034
20010125,0.00811038290411
20010126,0.0140295599912
20010127,0.00136932315665
20010128,0.00710964688858
20010129,0.00282774452377
20010130,9.3969640187e-05
20010131,0.000125832915119
20010201,0.00320481945653
20010202,5.65832165459e-05
20010203,0.0
20010204,0.00121458459036
20010205,2.14590905566e-05
20010206,0.000925012174583
20010207,0.221980160499
20010208,0.0265094937729
20010209,0.487782915983
20010210,0.130987622108
20010211,0.0264210665605
20010212,0.0774228900409
20010213,0.108155148974
20010214,0.0627717885335
20010215,0.00108059039266
20010216,8.62997649658e-08
20010217,0.0
20010218,0.0
20010219,0.0108951564827
20010220,0.00358329345327
20010221,5.99081196104e-05
20010222,0.00211296429488
20010223,0.00284015240586
20010224,0.000207130870328
20010225,0.0112072596709
20010226,0.000197958917632
20010227,0.0
20010228,0.00218155801385
20010301,3.85434296185e-05
20010302,0.000297357860171
20010303,0.00310666748113
20010304,5.4795295156e-05
20010305,0.0
20010306,0.0232827580832
20010307,0.541848417978
20010308,0.0602939847729
20010309,0.0668798511186
20010310,0.00147171312786
20010311,0.04438120067
20010312,0.413187313019
20010313,0.17935947055
20010314,0.010512935762
20010315,0.00355400979024
20010316,0.127514683826
20010317,0.0636821809536
20010318,0.0313861165156
20010319,0.034685121245
20010320,0.16762293699
20010321,0.629307011511
20010322,0.0310056565563
20010323,0.00169456019093
20010324,0.128703035111
20010325,0.921924615802
20010326,0.875583988757
20010327,0.765573318623
20010328,0.0997459961517
20010329,0.0148002289238
20010330,0.159281121507
20010331,1.51922881949
20010401,1.45479623476
20010402,0.439707594226
20010403,0.0134011600513
20010404,0.0811942126968
20010405,0.179484226282
20010406,0.160891989036
20010407,0.419764213052
20010408,0.697499770867
20010409,0.0759067352386
20010410,0.00388341128664
20010411,0.0844585684744
20010412,0.0695272001649
20010413,0.357513556224
20010414,0.224326694844
20010415,0.531126879389
20010416,4.82161410432
20010417,0.172097476068
20010418,0.0354493340424
20010419,0.0292548008854
20010420,0.0634231921278
20010421,0.307013245919
20010422,0.835363302787
20010423,2.00875628116
20010424,5.42410885795
20010425,1.16250455501
20010426,0.38565785697
20010427,0.221855943227
20010428,0.505914663492
20010429,0.392140924832
20010430,0.170592093656
20010501,0.0307921649763
20010502,0.0503900638819
20010503,0.0750394686725
20010504,0.532386729823
20010505,0.242274257339
20010506,0.2242979855
20010507,0.0746016542505
20010508,0.0288161490614
20010509,0.426581424996
20010510,0.179728103358
20010511,0.0436278010503
20010512,0.109694723299
20010513,0.279462498518
20010514,0.412435244816
20010515,0.834090748447
20010516,0.0147131757098
20010517,0.0238574356901
20010518,0.00361830763477
20010519,0.000524743703617
20010520,2.58424485069e-05
20010521,0.00024268398073
20010522,0.158862963465
20010523,0.843844655359
20010524,0.287672237156
20010525,0.00627723826582
20010526,0.0276004655598
20010527,0.0593756841008
20010528,0.0338096491521
20010529,0.169066461324
20010530,0.0159857916736
20010531,0.00449870074729
20010601,0.573984778125
20010602,0.0152186869405
20010603,0.0220981415675
20010604,0.00878949085143
20010605,0.0390749084663
20010606,1.16738745093
20010607,0.0368515565069
20010608,0.00498626308278
20010609,0.0275402367543
20010610,0.0164767819709
20010611,0.0381135814417
20010612,0.0679379733324
20010613,0.0975479641209
20010614,0.0361558046699
20010615,0.0803218731846
20010616,0.00157507952811
20010617,0.000141020394677
20010618,0.0337668225883
20010619,0.0118947813656
20010620,0.0558619643252
20010621,0.00166418538705
20010622,0.0529656071939
20010623,0.0206931265202
20010624,0.0193574321968
20010625,0.052132622294
20010626,0.0389572582616
20010627,0.661480274711
20010628,0.0915860823424
20010629,0.0035056344717
20010630,0.012893927072
20010701,0.154900127455
20010702,0.0152523200391
20010703,0.0288656311705
20010704,0.000514360355032
20010705,0.00107905735596
20010706,0.00244593563662
20010707,0.0133519257607
20010708,0.00589410722663
20010709,0.22958971497
20010710,0.00864302231388
20010711,0.0644617171581
20010712,0.00437483979074
20010713,0.00981392898369
20010714,0.0712877789516
20010715,0.0223157296661
20010716,0.0200470147123
20010717,0.0633239632089
20010718,0.00432585769356
20010719,0.00752416680577
20010720,0.19617344673
20010721,0.615096119722
20010722,0.0157809974754
20010723,0.0163715740409
20010724,0.0114879087164
20010725,0.0246828766549
20010726,0.194960429666
20010727,0.0352946699962
20010728,0.0173115549605
20010729,0.00530379018488
20010730,0.00953537380691
20010731,0.0596911842053
20010801,0.41860787581
20010802,0.905584992329
20010803,0.0160139182457
20010804,0.000192836602845
20010805,0.078784880556
20010806,0.0747716436724
20010807,0.0278277923267
20010808,0.107525104581
20010809,0.289960251663
20010810,0.00851721736969
20010811,0.00464736426838
20010812,0.0202589251797
20010813,0.151505202702
20010814,0.0118363502916
20010815,0.000375610830131
20010816,0.0711091420759
20010817,0.0332213958244
20010818,0.062073364999
20010819,0.0289487238945
20010820,0.0235123040858
20010821,0.0611777026554
20010822,0.00193250153018
20010823,0.0127830204385
20010824,0.247844540338
20010825,0.0959518758445
20010826,0.0296950739085
20010827,0.0460153608495
20010828,0.0134391635029
20010829,0.0344641125903
20010830,0.0422278844049
20010831,0.0750878992537
20010901,0.0361373439175
20010902,0.0591500249856
20010903,0.0302007429271
20010904,0.00104338190527
20010905,0.00870300826812
20010906,0.0208411691917
20010907,0.00483078632363
20010908,0.00678573467778
20010909,0.0202205537845
20010910,0.164248432218
20010911,0.0735555984801
20010912,0.00124840913174
20010913,0.000386689426113
20010914,0.00841691319373
20010915,0.135451399165
20010916,0.264085406043
20010917,0.0765204525738
20010918,0.00136506933164
20010919,0.0327385537887
20010920,0.0688427118432
20010921,0.00418117742114
20010922,0.00609396629933
20010923,0.0633401345448
20010924,0.0370432307582
20010925,0.149284183724
20010926,0.0103479608362
20010927,0.00683516748479
20010928,0.0229151221673
20010929,0.0122407921562
20010930,0.000896977032218
20011001,0.0715713731761
20011002,0.1809569375
20011003,0.0226773416989
20011004,0.100616859278
20011005,0.00308887239717
20011006,0.00045893361479
20011007,8.55154923386e-05
20011008,0.0245957654028
20011009,0.0263486188128
20011010,0.00163159452067
20011011,0.0901497834836
20011012,0.0128479508124
20011013,0.000199019766299
20011014,0.00148781534597
20011015,0.0970749815956
20011016,0.0610518527807
20011017,0.106526042394
20011018,0.00949627199792
20011019,0.20162536999
20011020,0.16207539731
20011021,3.91737238294
20011022,0.607841387624
20011023,0.2750639569
20011024,0.138583099858
20011025,0.589700897302
20011026,0.503676305134
20011027,0.27054333582
20011028,0.737386610965
20011029,0.127365741129
20011030,0.0173876998615
20011031,0.0139241104099
20011101,0.153490747777
20011102,0.709177301277
20011103,0.611208416586
20011104,0.463473510349
20011105,0.791311663364
20011106,0.0371092127634
20011107,0.00187819839954
20011108,0.12267672028
20011109,0.149821549133
20011110,0.22700031998
20011111,0.162208133248
20011112,0.005595230059
20011113,0.0694394890107
20011114,0.0442086521862
20011115,0.108974149372
20011116,0.263403580621
20011117,0.00555432056973
20011118,0.00117656945831
20011119,0.0403431064649
20011120,0.0380063929352
20011121,0.423797377708
20011122,0.408546072798
20011123,0.0323617530255
20011124,0.00794184875055
20011125,0.552870418186
20011126,0.154845640201
20011127,0.158863736564
20011128,1.37925343453
20011129,0.311988480291
20011130,0.024433629682
20011201,0.00389837206461
20011202,0.017467494636
20011203,0.00413393320762
20011204,6.76047658107e-05
20011205,0.0295302308631
20011206,0.000521735530787
20011207,0.0461153447566
20011208,0.107925908599
20011209,0.0368980622635
20011210,0.0746845517694
20011211,0.142063804764
20011212,0.251762899042
20011213,0.159369316113
20011214,0.615080766555
20011215,0.229466117162
20011216,0.0149963615168
20011217,0.000196702002845
20011218,0.00589640391113
20011219,0.000935079466522
20011220,0.000470750917331
20011221,0.0041264752555
20011222,7.27635636565e-05
20011223,0.00308865310887
20011224,5.45698446262e-05
20011225,0.0
20011226,0.0
20011227,0.0
20011228,0.0
20011229,0.00105904409338
20011230,0.000123654286012
20011231,0.011778376702
20020101,0.000268971174848
20020102,0.000853705544048
20020103,0.276040043204
20020104,0.0261041825956
20020105,0.936926593002
20020106,0.0935021756298
20020107,0.0286544654587
20020108,0.000539173206618
20020109,0.000816802083603
20020110,3.38872089143e-05
20020111,0.0140823133571
20020112,0.148426049192
20020113,0.0115342708192
20020114,0.0953291703613
20020115,0.236437235987
20020116,0.182032971053
20020117,0.0517879093623
20020118,0.00211976682511
20020119,0.139247331256
20020120,0.0182455636743
20020121,0.00539795478387
20020122,9.0442655874e-05
20020123,0.00602469907347
20020124,0.0327029351362
20020125,0.540279559823
20020126,0.00968476819196
20020127,0.0569856621659
20020128,0.132544503321
20020129,0.00232398825979
20020130,3.65339882305e-05
20020131,0.000105563817191
20020201,0.000299165262971
20020202,0.000960684284157
20020203,0.0225585423462
20020204,0.000398262602686
20020205,0.0
20020206,0.0
20020207,0.0
20020208,0.0
20020209,0.0122013338523
20020210,0.000300178903305
20020211,0.000292024202024
20020212,5.13302831818e-06
20020213,0.00194510992078
20020214,0.00014017152509
20020215,0.00108148650733
20020216,0.000759372037247
20020217,0.0167466945397
20020218,0.431533466814
20020219,0.118605691103
20020220,0.00482181396936
20020221,0.000771097260819
20020222,1.27305829036e-05
20020223,0.0143159371102
20020224,0.00514882047191
20020225,8.64998033958e-05
20020226,0.000933938330663
20020227,0.00155875481488
20020228,0.00151876688623
20020301,0.000377408683808
20020302,0.0170101277473
20020303,0.162822028444
20020304,2.20908564094
20020305,0.29928340685
20020306,0.0220512748421
20020307,0.000308344200412
20020308,0.0586799688818
20020309,0.00740781132326
20020310,0.0866069017822
20020311,0.198677348525
20020312,0.207152942903
20020313,0.0473857200783
20020314,0.00171955971971
20020315,0.0078403225908
20020316,0.00987902868758
20020317,0.0391566069012
20020318,0.0186038583256
20020319,0.156964578145
20020320,0.679600253975
20020321,0.734789317403
20020322,0.0540598702109
20020323,0.115657669342
20020324,0.00631235088604
20020325,0.00649325826595
20020326,0.00495816348454
20020327,0.04524016541
20020328,0.00245622244534
20020329,0.33115169582
20020330,0.167415176767
20020331,0.270214570621
20020401,1.341324087
20020402,0.876560572505
20020403,0.524151047708
20020404,0.0114944811264
20020405,0.0710852074323
20020406,0.340795772629
20020407,0.539934652397
20020408,0.0766604019891
20020409,0.00940790494218
20020410,0.000593391962513
20020411,0.184502689732
20020412,0.862879501257
20020413,7.68100532629
20020414,1.23199897085
20020415,3.24493920753
20020416,0.640730108066
20020417,4.398993948
20020418,4.3844320398
20020419,0.102730912074
20020420,2.69336730811
20020421,0.813133927755
20020422,1.85522534268
20020423,1.68590283549
20020424,0.17780557087
20020425,0.413860408282
20020426,0.385488234509
20020427,2.59768955197
20020428,4.32231687629
20020429,1.34276948837
20020430,0.497977014565
20020501,0.47374998333
20020502,0.619899614465
20020503,0.195216731019
20020504,0.607178571889
20020505,0.726811359064
20020506,0.258188931481
20020507,1.09000189696
20020508,1.00764292867
20020509,0.453756522389
20020510,0.494043109858
20020511,0.116941387483
20020512,0.0273209820201
20020513,0.366361391649
20020514,0.0628120156947
20020515,0.010989668373
20020516,0.00221861502619
20020517,0.015397728898
20020518,0.0123388135846
20020519,0.00134984116508
20020520,0.508632536799
20020521,0.133709880529
20020522,0.0696159867015
20020523,0.0827305404778
20020524,0.0699958625047
20020525,0.0501383358187
20020526,0.00285499609015
20020527,0.00749992587757
20020528,0.000182395391666
20020529,0.0114448990716
20020530,0.142635552791
20020531,0.00251649035427
20020601,0.0561023137123
20020602,0.545066157138
20020603,0.0556570829207
20020604,0.314428381213
20020605,0.171331247539
20020606,0.0292221895994
20020607,0.00784622353999
20020608,0.00621853435298
20020609,0.0315116305166
20020610,0.154487705049
20020611,0.0110633778139
20020612,0.0495503628121
20020613,0.00557455528402
20020614,0.0441277883506
20020615,0.070181283563
20020616,0.113804654707
20020617,0.350317972065
20020618,0.0692241590136
20020619,0.0300670065645
20020620,0.104081594696
20020621,0.0722067044576
20020622,0.0201709585943
20020623,0.013196927952
20020624,0.00335434647074
20020625,0.00667724586376
20020626,0.000252003734444
20020627,0.0239066425466
20020628,0.0299811531328
20020629,0.0150650190401
20020630,0.002759759554
20020701,0.000423230806002
20020702,0.00201334701005
20020703,0.00992128290221
20020704,0.0162016846488
20020705,0.219401649774
20020706,0.0120726349432
20020707,0.000144898994419
20020708,0.00468994486686
20020709,0.243169428876
20020710,0.00906591894153
20020711,0.0143405915851
20020712,0.293008343014
20020713,0.15839640877
20020714,0.00447612950988
20020715,3.12542624776e-05
20020716,0.000875777882981
20020717,0.000420739688701
20020718,0.0206292109895
20020719,0.313859654665
20020720,0.513982695937
20020721,0.0108917813294
20020722,0.0323926109686
20020723,0.00841667127259
20020724,0.123478128536
20020725,0.106066910306
20020726,0.0125304455451
20020727,0.226671270097
20020728,0.200809035654
20020729,0.00709237304338
20020730,0.0238695734825
20020731,0.00385984546779
20020801,0.000353827124926
20020802,0.0187154738958
20020803,0.00955813574015
20020804,0.00582779092404
20020805,0.00126945159403
20020806,0.0107900929316
20020807,0.293863673871
20020808,0.0442555305471
20020809,0.00585690924003
20020810,0.0192043644884
20020811,0.0119214454026
20020812,0.0299209716585
20020813,0.000525023163105
20020814,0.00435135157293
20020815,0.0458527874694
20020816,0.0135434869562
20020817,0.0523149633564
20020818,0.0334258515236
20020819,0.0177627133063
20020820,0.0177515534419
20020821,0.296568887894
20020822,0.0339499051278
20020823,0.0886294757055
20020824,0.0195463962624
20020825,0.0933018147727
20020826,0.00191749640868
20020827,0.00468929693655
20020828,0.0241109441711
20020829,0.0974896863261
20020830,0.076767438114
20020831,0.0081168275918
20020901,0.125763616721
20020902,0.0534469324461
20020903,0.00112818462708
20020904,0.0311247118065
20020905,0.000549836898206
20020906,0.00623743101315
20020907,0.0997686104945
20020908,2.09475306738
20020909,0.0497366000634
20020910,0.000723744113279
20020911,0.00247224572424
20020912,0.379433805765
20020913,0.215631149111
20020914,0.840875822849
20020915,0.0224200849415
20020916,0.00615269685521
20020917,0.00507668832363
20020918,0.110224280587
20020919,0.020327136656
20020920,0.0177855284779
20020921,0.0231597743115
20020922,0.00312638276367
20020923,0.0538949874883
20020924,0.0582597735728
20020925,0.106166505793
20020926,0.0148541326092
20020927,0.189897747133
20020928,0.117937808853
20020929,0.0818522988608
20020930,0.00153134717832
20021001,0.0134568160825
20021002,0.185615244274
20021003,0.330038830648
20021004,0.10479083248
20021005,0.262028294677
20021006,3.87568801993
20021007,1.67520442994
20021008,0.0954226466257
20021009,0.0741252160749
20021010,0.00640423579575
20021011,0.0496280122104
20021012,0.0193191730366
20021013,0.00367917111101
20021014,0.0475487539824
20021015,0.000919515598865
20021016,0.0348285366285
20021017,0.264302592697
20021018,0.14356498144
20021019,0.155713980456
20021020,0.0475049765713
20021021,0.407830641712
20021022,1.63577015116
20021023,1.23077354001
20021024,0.950389453981
20021025,0.109035507453
20021026,0.0436021444164
20021027,0.119059844112
20021028,1.36187376389
20021029,0.434731541444
20021030,0.572991465797
20021031,0.0794987771898
20021101,0.416616679822
20021102,0.0795044414658
20021103,0.0643265856874
20021104,0.795955847035
20021105,2.65647322899
20021106,13.6679460659
20021107,1.65341050419
20021108,0.167950911892
20021109,0.00440353741289
20021110,0.000148076616391
20021111,0.00229988113488
20021112,0.000563321934429
20021113,0.00240986923519
20021114,0.00227542794277
20021115,0.00168247052963
20021116,0.0351921212585
20021117,0.069126757399
20021118,0.00164394175189
20021119,0.000364691184386
20021120,0.0238206288149
20021121,0.181816753312
20021122,0.673635274643
20021123,0.0168454038933
20021124,0.000935127535222
20021125,0.000237667882224
20021126,3.93475261636e-06
20021127,0.0
20021128,0.00311463579596
20021129,0.272813564927
20021130,0.0804117539018
20021201,0.00951494247896
20021202,0.0029870896348
20021203,0.160535751661
20021204,1.22026996402
20021205,0.509645189765
20021206,0.00901478738715
20021207,0.013422260559
20021208,0.0429914941267
20021209,0.0833928580528
20021210,0.790385034093
20021211,1.17770162485
20021212,0.0872664509564
20021213,0.0654219454859
20021214,0.641230776222
20021215,0.569712641933
20021216,0.0267301243978
20021217,0.0357659161826
20021218,0.00967098463525
20021219,0.0171833731927
20021220,0.0629892491975
20021221,4.20518476934
20021222,1.31614162962
20021223,0.145605401001
20021224,0.134586869758
20021225,1.31669281334
20021226,0.33191418323
20021227,0.384579613878
20021228,0.0988968987368
20021229,0.0852459621925
20021230,0.140667356029
20021231,0.00908055112799
20030101,0.0039142397326
20030102,0.0085221140116
20030103,0.000317534447262
20030104,7.91388818651e-05
20030105,0.000560485525724
20030106,0.0696725577362
20030107,0.00123078949595
20030108,0.0
20030109,0.0
20030110,0.0
20030111,0.0
20030112,0.0
20030113,0.0
20030114,0.0
20030115,0.000365119993053
20030116,6.45088423942e-06
20030117,0.000375030305556
20030118,0.0263378621371
20030119,0.106967561499
20030120,0.637377783886
20030121,0.0573339050633
20030122,0.0393293345825
20030123,0.00105425490309
20030124,0.106000696553
20030125,0.00784213105234
20030126,0.00237807877102
20030127,0.00590049164634
20030128,0.024750116376
20030129,0.000435451894899
20030130,0.0
20030131,8.14766514467e-05
20030201,0.000342877950268
20030202,6.03248163001e-06
20030203,0.0
20030204,0.0
20030205,0.0
20030206,0.00513256476525
20030207,0.0481719472909
20030208,0.000849492344522
20030209,0.0
20030210,0.0132413272018
20030211,0.00260129661882
20030212,0.0407393323864
20030213,0.401662887057
20030214,0.139487884322
20030215,0.0425461983119
20030216,0.036265571362
20030217,0.0357881261895
20030218,0.000621200378648
20030219,0.00239422522195
20030220,0.00103912728432
20030221,1.76117740534e-05
20030222,0.000296758529969
20030223,0.00060216790296
20030224,0.00238339114214
20030225,0.077966094384
20030226,0.0842729766511
20030227,0.00154656324908
20030228,0.053386510225
20030301,0.0898150391786
20030302,0.00167217052548
20030303,1.80206179242e-06
20030304,0.0
20030305,0.0
20030306,0.0
20030307,0.00213745794709
20030308,3.77642732748e-05
20030309,0.0
20030310,0.0
20030311,0.0
20030312,0.00113875692265
20030313,0.0485874338693
20030314,0.000919451935839
20030315,1.2002485776
20030316,0.0228318577865
20030317,0.00103431733501
20030318,0.721365216375
20030319,0.411664167922
20030320,0.0724271247509
20030321,0.00168447461643
20030322,0.0598682516733
20030323,0.771084322642
20030324,0.978158104321
20030325,0.0373328184403
20030326,0.886639921606
20030327,0.0910027275966
20030328,0.256880814866
20030329,0.0305630974756
20030330,0.115103163328
20030331,0.551148093672
20030401,0.0286680476194
20030402,0.00347023742918
20030403,0.268203289815
20030404,0.0383303340592
20030405,0.00116788507641
20030406,1.01479467692e-05
20030407,8.29147072517e-05
20030408,0.00351263008339
20030409,6.20347175902e-05
20030410,0.0134106978206
20030411,0.00979871639293
20030412,0.416949823592
20030413,0.322202172886
20030414,0.0610714043875
20030415,1.64892379446
20030416,11.3488006261
20030417,2.85711754125
20030418,0.23449315031
20030419,2.15436904074
20030420,1.20834773133
20030421,0.554614221656
20030422,3.48688375519
20030423,3.54032726742
20030424,6.1764929136
20030425,0.354802968135
20030426,1.2100809092
20030427,1.99815280024
20030428,1.3379925037
20030429,9.58085101444
20030430,0.717871005605
20030501,5.73889326471
20030502,0.180199124029
20030503,0.186033334219
20030504,1.3343743181
20030505,0.360307036361
20030506,0.312091590608
20030507,0.109875319065
20030508,0.367649340473
20030509,0.0816310886084
20030510,0.3926652834
20030511,0.122962584859
20030512,1.2243519093
20030513,0.0443206618382
20030514,0.204020134919
20030515,1.0247802302
20030516,0.381255783926
20030517,0.0514574149202
20030518,0.147577933542
20030519,0.00268064361709
20030520,0.00908372372415
20030521,0.00043369418732
20030522,0.063699711965
20030523,0.0916014007235
20030524,0.11321486197
20030525,0.303060957623
20030526,1.86499802128
20030527,3.17120442724
20030528,0.134807738161
20030529,0.0563131623231
20030530,1.84587680943
20030531,0.518362768395
20030601,0.0237037203174
20030602,0.686692913647
20030603,0.922408724945
20030604,0.0581172447961
20030605,0.0255582834014
20030606,0.0259615943564
20030607,0.522796922446
20030608,0.280209262805
20030609,0.281839463773
20030610,0.0668520379406
20030611,0.274490255717
20030612,0.124106361865
20030613,0.213897553366
20030614,0.0130231371224
20030615,0.170396257617
20030616,0.283213710734
20030617,0.0391968845552
20030618,0.238114782827
20030619,0.405173787933
20030620,0.0713435088466
20030621,0.00813093110967
20030622,0.0140236120845
20030623,0.17847724816
20030624,0.0483485141255
20030625,0.0300913917959
20030626,0.0219926175052
20030627,0.0115914744801
20030628,0.150768352481
20030629,0.0281444421627
20030630,0.000675464334676
20030701,0.00628148926661
20030702,0.00108661031218
20030703,0.11489161813
20030704,0.183461301302
20030705,0.00998220943876
20030706,0.0360006278941
20030707,0.0650027450786
20030708,0.129369720105
20030709,0.00228945675674
20030710,0.297528133719
20030711,0.768211598059
20030712,0.0428074828468
20030713,0.00583599199766
20030714,0.110220364496
20030715,0.0211589839527
20030716,0.0514907360508
20030717,0.0211355790436
20030718,0.0104911817058
20030719,0.10634176367
20030720,0.00387321246303
20030721,0.517373335999
20030722,0.064801664638
20030723,0.00248788796089
20030724,0.056045131736
20030725,0.0318081172757
20030726,0.100097220783
20030727,0.0488434631858
20030728,0.0628633775695
20030729,0.0410923051384
20030730,0.165750553113
20030731,0.100019941373
20030801,0.104457556962
20030802,0.0147842582926
20030803,0.876800088102
20030804,0.159715533669
20030805,0.002671468939
20030806,0.00396918928688
20030807,0.00237565826725
20030808,0.00457801190479
20030809,0.0180037412459
20030810,0.150159173228
20030811,0.00542870148399
20030812,0.0235254999069
20030813,0.100725321852
20030814,0.3236620272
20030815,0.0324584637392
20030816,0.235476448404
20030817,1.47633558809
20030818,0.167564911884
20030819,0.0232229088179
20030820,0.00814934566459
20030821,0.259627615091
20030822,0.13488922638
20030823,0.0161666921788
20030824,0.0644012194439
20030825,0.123501065496
20030826,0.106742838935
20030827,0.512950171167
20030828,0.284965203035
20030829,0.0119739136797
20030830,0.0106910540743
20030831,0.00533060135994
20030901,0.00171133363544
20030902,0.000343871418369
20030903,0.00928320840741
20030904,0.154158868388
20030905,0.0104941194737
20030906,0.106988306703
20030907,0.315593704402
20030908,0.316555893439
20030909,0.024967093201
20030910,0.0104388557615
20030911,0.00162573456876
20030912,0.000900781730722
20030913,0.00184233393499
20030914,1.81366201484
20030915,0.0805425593074
20030916,0.0421947726253
20030917,0.0374256867315
20030918,0.0188883789198
20030919,0.0115772397467
20030920,0.00398419017839
20030921,0.000217187946237
20030922,0.0145095030571
20030923,0.0190592333507
20030924,0.131974216191
20030925,0.35453271025
20030926,0.0583800024259
20030927,0.00268342421753
20030928,0.000755305786264
20030929,0.00470633520921
20030930,0.00586530239852
20031001,0.0178053508928
20031002,0.00443557558286
20031003,0.00034466176286
20031004,0.0290850998817
20031005,0.00146665188812
20031006,0.00882440823234
20031007,0.000155610827775
20031008,0.0836740256608
20031009,0.124400725513
20031010,0.134739757243
20031011,0.00426234976792
20031012,0.0341914121213
20031013,0.399357934812
20031014,0.270096732248
20031015,0.322180809084
20031016,0.0975856555892
20031017,0.37023519306
20031018,0.166254915813
20031019,0.296925994157
20031020,0.0916701940024
20031021,0.371749249867
20031022,0.17732140335
20031023,0.338139248718
20031024,0.14037270046
20031025,1.2274190527
20031026,0.217019242354
20031027,0.0102484240548
20031028,0.279636154866
20031029,1.254936548
20031030,0.263500798469
20031031,0.146626680603
20031101,0.0935757704019
20031102,0.0522263298275
20031103,0.203817004909
20031104,0.0241823201091
20031105,1.27694753699
20031106,1.00947054065
20031107,0.344569976389
20031108,0.869693942619
20031109,1.02519985378
20031110,0.265742359198
20031111,0.0568864732894
20031112,0.236764296058
20031113,0.324648589643
20031114,0.240706036756
20031115,0.528721398037
20031116,0.106175711504
20031117,0.0274864524928
20031118,1.87245524356
20031119,1.2918064521
20031120,0.36512865993
20031121,0.13374458315
20031122,0.019985760938
20031123,0.825727539212
20031124,0.107345637468
20031125,0.0559619667093
20031126,0.0818613080888
20031127,0.588792706204
20031128,0.112520882364
20031129,0.969014052682
20031130,0.220614464921
20031201,0.315237580329
20031202,0.29479531841
20031203,0.0414067349218
20031204,0.0194608709896
20031205,0.672703787534
20031206,9.10747566937
20031207,0.851723946184
20031208,4.21360850414
20031209,2.21348832559
20031210,0.357317140962
20031211,0.00605242353223
20031212,0.0223534563115
20031213,0.000394810257542
20031214,0.0
20031215,0.0
20031216,0.0
20031217,0.0
20031218,0.0
20031219,0.00159280308744
20031220,0.00599621797815
20031221,0.000105443046756
20031222,0.00446652949964
20031223,7.89139597794e-05
20031224,0.0
20031225,0.0
20031226,0.0
20031227,0.0
20031228,0.0
20031229,0.0
20031230,0.0
20031231,0.158615149495
20040101,0.0144103499503
20040102,0.00356321796396
20040103,0.0497793075327
20040104,0.000878960236328
20040105,0.114757848433
20040106,0.499019221414
20040107,0.64234058806
20040108,0.0131426672589
20040109,0.0111521615493
20040110,0.00253051041278
20040111,0.00856463788052
20040112,0.0127536279531
20040113,0.239330763806
20040114,0.169090246726
20040115,0.996232609696
20040116,1.82821705297
20040117,0.0782037174137
20040118,0.0643452894133
20040119,0.00170197919111
20040120,0.00386439551676
20040121,0.0455815326006
20040122,0.00514821989493
20040123,0.11747940768
20040124,3.40499759189
20040125,3.51244889417
20040126,0.0846913356993
20040127,0.0237488776076
20040128,0.129708459098
20040129,0.115504892089
20040130,1.32658176993
20040131,0.132267712946
20040201,0.1377063967
20040202,2.38759091951
20040203,0.657461977224
20040204,0.401918933884
20040205,0.0147024969539
20040206,0.0565698849312
20040207,0.0707076815193
20040208,0.161469285521
20040209,0.576726420957
20040210,0.0203771069082
20040211,0.121879540715
20040212,0.0451853138525
20040213,0.00675514097493
20040214,0.00139105734983
20040215,0.0278532694205
20040216,0.00212169450164
20040217,0.0249871305167
20040218,0.0262994990851
20040219,0.000610296684161
20040220,0.118618079612
20040221,0.00209567794929
20040222,0.0350650390325
20040223,0.0118045461279
20040224,0.00188098002301
20040225,0.142026261304
20040226,0.0064002697285
20040227,0.000580757719035
20040228,0.00307683276315
20040229,0.000432564240132
20040301,6.68486035702e-06
20040302,0.00690151599943
20040303,0.0141610516361
20040304,0.0002480409324
20040305,0.0
20040306,0.0
20040307,0.0
20040308,0.0
20040309,0.0
20040310,0.0766801846608
20040311,0.152678154825
20040312,0.869242176179
20040313,1.21953192162
20040314,0.0336436491185
20040315,0.0474335538389
20040316,0.00900065370491
20040317,0.151727547536
20040318,0.345773554329
20040319,0.124755202272
20040320,0.00903790401191
20040321,0.0143198553312
20040322,0.0690716612421
20040323,0.00195470346639
20040324,0.0417354972508
20040325,0.000737145582032
20040326,0.0
20040327,0.0543439898567
20040328,0.384669704949
20040329,0.163295476839
20040330,0.246411619228
20040331,0.572068262941
20040401,6.23714006278
20040402,0.421312229535
20040403,1.30779159046
20040404,1.19217486744
20040405,0.550173386027
20040406,5.33784312664
20040407,0.527458259034
20040408,2.38950797979
20040409,0.35099400028
20040410,0.731924437834
20040411,1.16692430534
20040412,0.259580208894
20040413,1.68627385158
20040414,0.125645849344
20040415,0.382027731553
20040416,0.76554181572
20040417,0.87377968544
20040418,0.0893349185127
20040419,1.3109882399
20040420,11.7243699484
20040421,2.32040310677
20040422,0.31855958922
20040423,0.130014192612
20040424,0.119190252194
20040425,3.18233110109
20040426,0.764379872522
20040427,0.572862707237
20040428,2.50822815439
20040429,0.97938026878
20040430,0.0597398337778
20040501,0.414974870782
20040502,0.671288582756
20040503,4.80258582402
20040504,1.36715616994
20040505,0.689421535457
20040506,0.57860092442
20040507,0.559441909392
20040508,0.0302449683278
20040509,0.0749095864893
20040510,0.0819716031396
20040511,0.0597320924008
20040512,0.170727571007
20040513,0.226242079251
20040514,0.00617870505279
20040515,0.00426131013921
20040516,0.0611269393678
20040517,0.615003618178
20040518,0.0579352498867
20040519,0.0579888838351
20040520,0.0211290687447
20040521,0.0122869955883
20040522,0.20113152833
20040523,0.0228116158932
20040524,0.0628315100288
20040525,0.439625107803
20040526,0.166968985498
20040527,0.0952531808005
20040528,0.00382690707088
20040529,0.0879334120422
20040530,0.26267501737
20040531,0.0193918393982
20040601,0.00956302749652
20040602,0.215511799423
20040603,0.0342101854665
20040604,0.00779332545665
20040605,0.00193432967061
20040606,0.00594044253981
20040607,0.0327037228267
20040608,0.0023913434961
20040609,0.0185599740801
20040610,0.0397250680291
20040611,0.0360171103811
20040612,0.00499515678713
20040613,0.00184740777449
20040614,0.000187950888152
20040615,0.008252627412
20040616,0.124358859404
20040617,0.0281361299805
20040618,0.254773734457
20040619,0.0221249226742
20040620,0.0714985332922
20040621,0.0124963888733
20040622,0.0084284243392
20040623,4.08145948516
20040624,0.188046008789
20040625,0.00242298459148
20040626,0.00733083351064
20040627,0.00389639710248
20040628,0.0206685240685
20040629,0.748817512031
20040630,0.0175280070128
20040701,0.0135112777463
20040702,0.137019762383
20040703,1.71748085914
20040704,0.144008938181
20040705,0.00237489324706
20040706,0.0726544789884
20040707,0.529038271395
20040708,0.174827764859
20040709,0.00904184669439
20040710,0.0023316536536
20040711,0.00336705149097
20040712,0.0377659603566
20040713,0.0132321946788
20040714,0.00913474999356
20040715,0.0456246718261
20040716,0.0289702944668
20040717,0.152688359339
20040718,0.0629301911853
20040719,0.134057546538
20040720,0.00773963537075
20040721,0.163564759548
20040722,0.253755899931
20040723,0.0251936576101
20040724,0.128420066968
20040725,0.984557095376
20040726,0.674803359288
20040727,1.12880460657
20040728,0.332342238895
20040729,0.287372162299
20040730,0.25208602503
20040731,0.339654912962
20040801,0.115949559923
20040802,0.0260193606757
20040803,0.182537110315
20040804,0.00835163024022
20040805,0.0260008830631
20040806,0.107918213306
20040807,0.471330023965
20040808,0.801596848348
20040809,0.0993378873965
20040810,0.427945084852
20040811,0.467188535319
20040812,0.0695463857232
20040813,0.00223934636328
20040814,0.139168309776
20040815,0.633141181876
20040816,0.870729319586
20040817,0.109177074797
20040818,0.25894045209
20040819,0.204636789865
20040820,0.283367430539
20040821,0.337189122549
20040822,0.0187848199652
20040823,0.0135400403071
20040824,0.00421065065582
20040825,0.0151746850557
20040826,0.08036454585
20040827,0.0223928704152
20040828,0.000370677860613
20040829,0.00819762434619
20040830,0.0931933347422
20040831,0.223035826788
20040901,0.0127526738127
20040902,0.185992685323
20040903,0.0308864356227
20040904,0.0981496514445
20040905,0.0689524554663
20040906,0.0804847146301
20040907,0.798305734235
20040908,1.14775576284
20040909,0.0200433711067
20040910,0.0474280180472
20040911,0.0359806169921
20040912,0.343011534946
20040913,1.64154495121
20040914,0.0896586090585
20040915,0.271072323791
20040916,0.0378522716716
20040917,0.585338973055
20040918,0.178228998921
20040919,0.0412101740888
20040920,0.0164487881394
20040921,0.238700969936
20040922,0.0214554294566
20040923,0.258349347911
20040924,0.00770674146477
20040925,0.00179805778238
20040926,0.109789443239
20040927,0.0817259944314
20040928,0.27387747829
20040929,0.167633301254
20040930,2.09453790966
20041001,0.176547727039
20041002,0.0330201745319
20041003,0.0688663043636
20041004,0.0676312533302
20041005,0.390152336866
20041006,0.397409963669
20041007,0.123953726465
20041008,0.130480477412
20041009,0.0875603961355
20041010,0.185454470479
20041011,0.636793605682
20041012,0.267170797725
20041013,0.107515526651
20041014,0.674285687388
20041015,1.85934310365
20041016,7.65650542389
20041017,1.85594214515
20041018,0.814009423161
20041019,1.04878507878
20041020,0.194890735454
20041021,0.0116636874136
20041022,0.037358720396
20041023,1.05703040837
20041024,0.145759748498
20041025,3.26372937478
20041026,1.27574326949
20041027,0.674349193238
20041028,0.71591330286
20041029,0.872520574722
20041030,0.782401433005
20041031,0.643965663653
20041101,0.563056453522
20041102,0.61180518265
20041103,0.981317552886
20041104,0.968498641034
20041105,2.3605155464
20041106,0.670538387344
20041107,0.103256758343
20041108,0.0883500208744
20041109,0.00306111497402
20041110,0.00222731672737
20041111,0.00458439461329
20041112,0.135660232878
20041113,1.43271717743
20041114,0.186989792954
20041115,0.306428370297
20041116,0.0246186120078
20041117,1.3315067016
20041118,0.388581832018
20041119,0.639077599965
20041120,1.06421802411
20041121,1.63929588114
20041122,2.01159587135
20041123,2.62161981014
20041124,1.87682117454
20041125,1.5088919659
20041126,0.0986411694009
20041127,0.155033300976
20041128,0.00472985667398
20041129,0.0343070543063
20041130,0.181087274221
20041201,0.00754119130154
20041202,0.0110434288085
20041203,0.000193754931644
20041204,3.25594277855e-06
20041205,0.0055925410482
20041206,1.01048537966
20041207,0.954884917452
20041208,0.590625725427
20041209,1.46522873526
20041210,0.0429858894807
20041211,0.0108142937136
20041212,0.00394665943851
20041213,0.0166626315737
20041214,0.137960522778
20041215,0.0026623444541
20041216,8.12735356593e-06
20041217,7.17789644991e-08
20041218,0.00406665572014
20041219,0.00773744009359
20041220,0.000135434475929
20041221,0.18351310676
20041222,0.0492907518675
20041223,0.0674894299636
20041224,0.0172945495838
20041225,0.0372759098498
20041226,0.00132583885316
20041227,0.0579224746767
20041228,0.00478624803393
20041229,6.64857334324e-05
20041230,0.00287896997957
20041231,0.000961319131414
20050101,1.60857570295e-05
20050102,0.0
20050103,0.000393059411444
20050104,6.94451255238e-06
20050105,0.0
20050106,0.0
20050107,0.000290200596522
20050108,0.000454832714144
20050109,7.94532687222e-06
20050110,0.0
20050111,0.0
20050112,0.0
20050113,0.0019047353316
20050114,0.0136456261408
20050115,0.0372280232321
20050116,0.00306919235525
20050117,0.00913569957413
20050118,0.000160654063728
20050119,0.0200205059752
20050120,0.00926325159493
20050121,0.000485247801351
20050122,5.79214835252e-06
20050123,0.0
20050124,0.0
20050125,0.0803678257275
20050126,0.322937053787
20050127,0.186610700419
20050128,0.165589209012
20050129,0.249657472211
20050130,0.210742192688
20050131,0.0740414820353
20050201,0.00124373067973
20050202,0.0
20050203,0.0
20050204,0.0
20050205,0.0
20050206,0.0
20050207,0.0
20050208,0.0
20050209,0.0150704131358
20050210,0.0193937468185
20050211,0.000337941384518
20050212,0.0
20050213,0.0
20050214,0.000637977557131
20050215,0.364363546742
20050216,0.00790116527817
20050217,0.0104367279385
20050218,0.00525556793362
20050219,0.0233344653597
20050220,0.000410686606895
20050221,0.0
20050222,0.0
20050223,0.0
20050224,0.000424690470166
20050225,0.00838915948565
20050226,0.00919887402411
20050227,0.0630235581944
20050228,0.116585866803
20050301,0.464828613077
20050302,0.790210214298
20050303,0.0217808656767
20050304,0.360558251039
20050305,0.0450610305505
20050306,0.133540237645
20050307,0.086669395458
20050308,0.449643770127
20050309,0.668011144275
20050310,0.293340192683
20050311,0.00507611571867
20050312,1.75754159746e-06
20050313,0.0229042873135
20050314,0.163929416717
20050315,0.271786705936
20050316,0.152503781181
20050317,0.0193620580762
20050318,0.474866256455
20050319,0.631602018445
20050320,1.91603417863
20050321,0.21894267275
20050322,0.839438294504
20050323,0.112250229859
20050324,0.0263098345694
20050325,0.0698843723721
20050326,0.335081724941
20050327,0.118332032865
20050328,0.00827370338829
20050329,0.0274051558188
20050330,0.0152548209936
20050331,0.00243507488799
20050401,3.84112162035e-05
20050402,0.0
20050403,0.00229495927347
20050404,0.00203173429442
20050405,0.0138472827269
20050406,0.322418072222
20050407,1.46899689879
20050408,0.419957474307
20050409,0.0157483295077
20050410,0.000348319571988
20050411,0.0018066105603
20050412,0.000100777416878
20050413,0.0167461624355
20050414,1.2886169888
20050415,0.21709868603
20050416,1.8928661393
20050417,1.50857766791
20050418,3.78184416895
20050419,0.86430075704
20050420,0.186448109355
20050421,0.940150043743
20050422,5.87653124637
20050423,0.953393713085
20050424,1.91071545418
20050425,0.803897336043
20050426,0.413542406986
20050427,1.13599253254
20050428,2.08640281927
20050429,7.99742121324
20050430,0.695167207563
20050501,4.31046088371
20050502,0.527192952666
20050503,1.49587850795
20050504,0.0956492224211
20050505,0.632836348951
20050506,0.578787650683
20050507,0.866890043813
20050508,0.461403593037
20050509,0.343499228602
20050510,0.944272549134
20050511,0.308375004745
20050512,0.256763146303
20050513,0.20596749204
20050514,0.687558801263
20050515,0.96485155873
20050516,0.436512740719
20050517,0.103217731936
20050518,0.928427397356
20050519,0.265629549482
20050520,0.0518588051116
20050521,9.62195268948
20050522,17.2200174618
20050523,1.13110799798
20050524,0.174752879757
20050525,0.595427665996
20050526,0.158864533381
20050527,1.60224378254
20050528,0.21060761399
20050529,0.0479101317932
20050530,0.00835034023574
20050531,0.0879788483706
20050601,0.421926193562
20050602,0.385698721198
20050603,0.0139135520296
20050604,0.0156982412557
20050605,0.0163636035
20050606,0.00163913530797
20050607,0.000403620909144
20050608,0.0209921168023
20050609,0.01335015433
20050610,0.00624495313661
20050611,0.00182475810542
20050612,0.000710799217736
20050613,0.00078872234937
20050614,0.00268410695147
20050615,0.0229930731905
20050616,0.118174872664
20050617,0.0135056946068
20050618,0.00362440810255
20050619,0.0181699141825
20050620,0.227242371068
20050621,0.0523911982947
20050622,0.0717935099118
20050623,0.143958047051
20050624,0.00326533271675
20050625,0.00766646890511
20050626,0.00269705825047
20050627,0.024176085356
20050628,0.0951079475382
20050629,0.00245718202082
20050630,0.0552983867188
20050701,0.00905909552313
20050702,0.053067983857
20050703,0.00207176503545
20050704,0.0318353257909
20050705,0.0210808751645
20050706,0.0813747901675
20050707,0.0629632102209
20050708,0.982497185269
20050709,0.0618413455283
20050710,0.0851204914355
20050711,0.0426522723746
20050712,0.0145904482082
20050713,0.00445348838207
20050714,0.00364364393142
20050715,0.0457956538384
20050716,0.0294609241758
20050717,0.00752137934253
20050718,0.12157774008
20050719,0.400499388062
20050720,0.0941657031932
20050721,0.143583752073
20050722,0.0121947458697
20050723,0.0305319692807
20050724,0.367817384175
20050725,0.190031723443
20050726,0.00469967784298
20050727,0.0238595119089
20050728,0.394218998838
20050729,0.0497095075333
20050730,0.140462921388
20050731,0.0250696177687
20050801,0.0368692102968
20050802,0.0188251247454
20050803,0.0020875094891
20050804,0.0116121815809
20050805,0.0504718052811
20050806,0.00282259484771
20050807,3.41781252752e-05
20050808,0.0123143370385
20050809,0.00144900388075
20050810,0.23548649484
20050811,0.0162918794509
20050812,0.00734542493975
20050813,0.039077932677
20050814,0.0286999693918
20050815,0.0307973961322
20050816,0.391649915993
20050817,0.201936032571
20050818,0.073700581977
20050819,0.00685648184434
20050820,0.0102843945422
20050821,0.00148190776604
20050822,0.0216474479018
20050823,0.56873049333
20050824,0.0561789568447
20050825,0.0116026405035
20050826,0.0880798352503
20050827,0.0113791536978
20050828,0.0347628340251
20050829,0.00311782054268
20050830,0.0475721189536
20050831,0.00166216390994
20050901,0.000196159477268
20050902,0.00749665581598
20050903,0.0737114474858
20050904,0.00295488912366
20050905,0.0328630751564
20050906,0.260973412253
20050907,0.109423756425
20050908,0.251522367687
20050909,0.0171139681375
20050910,0.386237394358
20050911,0.144910804391
20050912,0.153595384485
20050913,0.0485538985787
20050914,0.0687064188603
20050915,1.09998249853
20050916,0.190792487744
20050917,0.135079826177
20050918,0.00523069524501
20050919,0.000552941274371
20050920,0.000484924493462
20050921,0.00614273202395
20050922,0.035195279238
20050923,0.000619909855255
20050924,0.0188747927917
20050925,0.0886984116548
20050926,0.00175499759118
20050927,0.000323792298425
20050928,0.244070231307
20050929,0.839629876401
20050930,1.8009638073
20051001,0.19891185905
20051002,0.102025356018
20051003,0.0232279534312
20051004,1.71413744486
20051005,0.22846698004
20051006,0.226746117779
20051007,0.0201447794375
20051008,1.50257597173
20051009,0.0419538645233
20051010,0.0797937576384
20051011,0.539585756384
20051012,0.0556155510114
20051013,0.0712216913916
20051014,0.0517049553458
20051015,0.157685226837
20051016,1.09310004917
20051017,0.0893465432651
20051018,0.171528335867
20051019,0.049552520339
20051020,0.00851313625597
20051021,0.0106072044341
20051022,0.0824304679744
20051023,0.177613626414
20051024,0.0270573787501
20051025,0.0666708373514
20051026,1.03416739296
20051027,0.300454811015
20051028,0.101123668784
20051029,0.00618832456349
20051030,0.0327984763776
20051031,0.540152287727
20051101,0.0463548429975
20051102,0.10910053446
20051103,0.460077251107
20051104,0.14466189796
20051105,0.516570214127
20051106,0.0849675263684
20051107,0.211024901405
20051108,0.00739554308469
20051109,0.289309546208
20051110,0.308493384652
20051111,0.244185391321
20051112,0.121852792791
20051113,0.168565481063
20051114,0.136532454257
20051115,0.10962859066
20051116,0.437393908835
20051117,0.29183340123
20051118,0.273326510361
20051119,0.847648451775
20051120,0.565773791222
20051121,0.136052982342
20051122,0.484875954398
20051123,0.132585489643
20051124,1.54911403629
20051125,0.150322807702
20051126,0.0277050156764
20051127,0.110649334937
20051128,0.00194696534141
20051129,0.152389277601
20051130,0.00280400320859
20051201,0.254439741448
20051202,3.26556563159
20051203,0.0747408183118
20051204,0.00227041704793
20051205,0.0867881453061
20051206,0.028656308505
20051207,0.0911056389689
20051208,0.168539880178
20051209,1.83878238454
20051210,0.14722946642
20051211,0.00777557448511
20051212,0.0230935996021
20051213,0.00157780237543
20051214,0.0276150277386
20051215,0.100128458554
20051216,0.0649915343629
20051217,0.075761744819
20051218,0.00131880908814
20051219,0.0
20051220,0.0
20051221,0.0113438542467
20051222,0.000200421447506
20051223,0.24659298656
20051224,0.0201387325021
20051225,0.00268776307217
20051226,0.00682856290068
20051227,0.00683835452436
20051228,0.0400729293977
20051229,0.00695525797465
20051230,0.000110412603203
20051231,0.891368231822
20060101,0.0747277888957
20060102,0.00179150529583
20060103,0.00208305048007
20060104,0.00938456964772
20060105,0.000165159019968
20060106,0.00714399533248
20060107,0.012315276282
20060108,0.177700379445
20060109,0.0801292341705
20060110,0.00216064233684
20060111,0.122603145551
20060112,0.896008164031
20060113,0.76574808171
20060114,0.155798088586
20060115,0.00986918602537
20060116,0.00687222978256
20060117,0.00823172705135
20060118,0.000198354303537
20060119,0.435071336029
20060120,1.89759229579
20060121,2.78079312582
20060122,0.148804162938
20060123,0.0172390332464
20060124,0.000273279028075
20060125,0.027864500659
20060126,0.182582758453
20060127,0.131885600773
20060128,0.201694788148
20060129,0.35140978571
20060130,0.0128298649197
20060131,0.00463684148966
20060201,0.400088437169
20060202,0.0575345712201
20060203,0.000891648092742
20060204,0.177019075863
20060205,0.00312754543671
20060206,0.00562883831806
20060207,0.0861413087872
20060208,0.00537650034822
20060209,6.81329793594e-05
20060210,0.0561684671874
20060211,0.0072472358933
20060212,0.0434280469892
20060213,0.0727415281057
20060214,0.0765175991754
20060215,0.299955564964
20060216,0.0716921769381
20060217,0.00117342921808
20060218,0.00315858000094
20060219,0.132364538892
20060220,0.76674438871
20060221,0.0535080374544
20060222,0.105887369039
20060223,0.0505888090714
20060224,0.221356278086
20060225,0.83503407626
20060226,4.74391972318
20060227,0.681599311806
20060228,0.0547502898337
20060301,0.186162326809
20060302,0.230303575578
20060303,0.126380547882
20060304,0.202039657105
20060305,0.120453240937
20060306,0.0837638942914
20060307,0.0143779823059
20060308,0.00574342470319
20060309,0.130404509214
20060310,0.060540877769
20060311,1.04494272156
20060312,0.0296075224542
20060313,0.0481160056142
20060314,0.438173355004
20060315,0.0780606901155
20060316,0.199434490642
20060317,2.06162493823
20060318,0.420192640322
20060319,0.147895267154
20060320,1.40020942404
20060321,0.574844605529
20060322,0.053461912523
20060323,0.086523156545
20060324,0.534279067088
20060325,0.532120658577
20060326,0.509176700433
20060327,0.0822310037759
20060328,0.0966073946219
20060329,0.0105257309249
20060330,0.376197206548
20060331,1.10120469105
20060401,1.11458755377
20060402,3.31647505597
20060403,1.60389023476
20060404,5.41704136064
20060405,2.25513872951
20060406,2.22201211259
20060407,1.50842972133
20060408,8.75595903515
20060409,0.518435054581
20060410,0.440412218739
20060411,0.127621491499
20060412,0.310834133413
20060413,0.113750304031
20060414,0.0791862904777
20060415,0.227843838041
20060416,0.477734008568
20060417,0.50191488706
20060418,0.584228202999
20060419,0.268905879334
20060420,2.03743201113
20060421,1.8949410073
20060422,1.36679175212
20060423,2.32862212633
20060424,0.419730110024
20060425,0.0953210232079
20060426,2.60609548031
20060427,2.2598732158
20060428,1.58908906244
20060429,3.14064946502
20060430,2.01511109917
20060501,1.33770289908
20060502,0.675500506337
20060503,0.904976923025
20060504,1.36694025353
20060505,0.514354208489
20060506,0.374692641805
20060507,0.587542740697
20060508,0.394512140017
20060509,0.93601605473
20060510,1.32388501076
20060511,0.410816681336
20060512,0.382448646992
20060513,1.31830380872
20060514,1.85573883554
20060515,1.11941251698
20060516,0.0505175529634
20060517,0.434993409304
20060518,0.171429973332
20060519,0.136006851106
20060520,1.11589084168
20060521,0.593472648766
20060522,0.130005012371
20060523,0.0191378250185
20060524,0.106312358683
20060525,0.0355103039386
20060526,0.0602933903682
20060527,0.583663960627
20060528,0.268938989213
20060529,1.30402533042
20060530,0.842536822589
20060531,0.137298172458
20060601,0.995933559546
20060602,0.556433679621
20060603,0.258623153244
20060604,0.13564108639
20060605,0.249454451224
20060606,0.0147270357541
20060607,0.0489869283112
20060608,0.00382344862021
20060609,0.122023951744
20060610,0.964647906349
20060611,0.123467619808
20060612,0.597224715919
20060613,0.467118287605
20060614,0.468051190156
20060615,0.0468804171443
20060616,0.028103786089
20060617,0.0497577247066
20060618,0.00877552861352
20060619,0.144724622049
20060620,0.0339930618419
20060621,0.00681803610508
20060622,0.000962328187351
20060623,0.0395981486403
20060624,0.0466330606239
20060625,0.0599103255744
20060626,0.268560185363
20060627,0.351498053176
20060628,0.0901113625848
20060629,0.375854794346
20060630,0.131840644243
20060701,0.0374023298981
20060702,0.0359867558059
20060703,0.018566425584
20060704,0.0643479363253
20060705,0.100238100053
20060706,0.49302357424
20060707,0.0805856294447
20060708,0.676183684021
20060709,0.0965158267306
20060710,0.256382506179
20060711,0.447033032537
20060712,0.0232865161746
20060713,0.183109647657
20060714,0.0185121946005
20060715,1.40372739458
20060716,0.0261361681427
20060717,0.0104068476127
20060718,0.253687103605
20060719,0.0116550730155
20060720,0.0140578264043
20060721,0.0696316002227
20060722,0.106217864736
20060723,0.13393865409
20060724,0.220265025595
20060725,0.0292037401298
20060726,0.193684350788
20060727,0.0479599314347
20060728,0.231052106798
20060729,0.778575858042
20060730,0.185633934268
20060731,0.542940907481
20060801,0.244917340948
20060802,0.165499903458
20060803,0.0194585231297
20060804,0.42864581276
20060805,0.585676953512
20060806,0.807470412394
20060807,0.578248726376
20060808,0.238822704703
20060809,0.172802847215
20060810,0.276437256233
20060811,0.236250801098
20060812,1.00368942467
20060813,0.16159664208
20060814,0.203372954574
20060815,0.175780672062
20060816,0.196973556279
20060817,0.113766934978
20060818,0.126058049922
20060819,0.0534780671688
20060820,0.201676888769
20060821,0.0358942454039
20060822,0.0360848880957
20060823,0.058951701028
20060824,0.101532773665
20060825,0.0223391608316
20060826,0.281646564735
20060827,0.310371478456
20060828,1.14675940168
20060829,0.113975622711
20060830,0.0932755117438
20060831,0.014441684552
20060901,0.0717644398285
20060902,0.555280758702
20060903,0.0736435449983
20060904,0.14244869321
20060905,0.899234074349
20060906,0.224160269344
20060907,0.853614795006
20060908,0.643389645275
20060909,0.154420340824
20060910,0.0720678778608
20060911,0.0391198658754
20060912,0.0547290700506
20060913,0.0401877897338
20060914,0.0277261526455
20060915,0.00114173958501
20060916,0.201599226153
20060917,0.0817275895374
20060918,0.0624556300167
20060919,0.0986046649842
20060920,0.326119637213
20060921,0.312759988788
20060922,0.428292703576
20060923,0.151707028944
20060924,0.240389221418
20060925,0.0738615911726
20060926,0.0238404591599
20060927,0.068104397819
20060928,2.42404024887
20060929,0.0773310077392
20060930,1.17870530566
20061001,1.71731388632
20061002,0.508522430031
20061003,0.0890139796142
20061004,0.999618653333
20061005,0.493970518042
20061006,0.167667864956
20061007,0.684549605484
20061008,0.174941293219
20061009,0.228792107883
20061010,0.13409294431
20061011,0.313794731399
20061012,0.0456256187235
20061013,0.130071271607
20061014,0.0984191915045
20061015,0.286146062921
20061016,0.0841229030908
20061017,1.13280215233
20061018,2.56757283908
20061019,1.81001930752
20061020,0.650277677604
20061021,6.73134112458
20061022,14.9724499206
20061023,2.35232515906
20061024,1.8239533815
20061025,3.66010969229
20061026,2.67369967523
20061027,3.09189825558
20061028,3.84874229239
20061029,0.719652787211
20061030,0.618720799283
20061031,1.19168802717
20061101,0.260051407916
20061102,0.175356990864
20061103,0.196286692909
20061104,0.055280506371
20061105,0.0544594700071
20061106,0.220183977595
20061107,0.141647023211
20061108,0.785180795024
20061109,3.42974610402
20061110,3.74011651893
20061111,0.895668359906
20061112,2.538457775
20061113,1.01085711191
20061114,1.40134727106
20061115,1.46729392525
20061116,0.437405389206
20061117,0.806552867034
20061118,0.321390023862
20061119,0.697115122271
20061120,3.16939522866
20061121,1.60436333673
20061122,1.52410090327
20061123,7.30314112891
20061124,0.248989020426
20061125,0.0854171678518
20061126,0.0203869022991
20061127,0.0600201664806
20061128,0.31071770487
20061129,0.0157321951097
20061130,0.545739546066
20061201,13.4516215932
20061202,0.752885906728
20061203,0.392870341676
20061204,1.12276530057
20061205,2.84381813313
20061206,0.752655728588
20061207,1.06919858394
20061208,0.0211672964319
20061209,0.0869383119417
20061210,4.23518823892
20061211,1.80957492268
20061212,0.164245411555
20061213,2.81736958411
20061214,0.142320304418
20061215,0.0995458545717
20061216,1.35421804929
20061217,0.299568173144
20061218,3.25895129039
20061219,0.393700326561
20061220,0.258836326704
20061221,0.0350838398942
20061222,0.0588872006718
20061223,1.38271569292
20061224,1.12900532593
20061225,0.312462604909
20061226,0.282521515868
20061227,0.322475530925
20061228,0.489445513451
20061229,2.02174194744
20061230,3.1435535792
20061231,2.0587505728
20070101,0.540353998331
20070102,0.0472682119999
20070103,1.03754989312
20070104,1.1038666578
20070105,0.037833332005
20070106,0.00032957687137
20070107,0.0
20070108,0.0
20070109,0.205166112973
20070110,0.0694260607833
20070111,0.00181263199443
20070112,0.0164587579146
20070113,0.495895070815
20070114,0.165364249623
20070115,0.538219415185
20070116,0.327221987852
20070117,0.0715663673451
20070118,0.0623081555469
20070119,0.00539279845804
20070120,0.107039743263
20070121,0.230876634583
20070122,0.00835839099227
20070123,7.61958823615e-05
20070124,0.230829690522
20070125,0.296990930771
20070126,0.00872635716804
20070127,0.0390346419285
20070128,0.0693868825524
20070129,0.0033075340454
20070130,0.0279435211868
20070131,0.031051116172
20070201,0.16610156816
20070202,0.0372701459271
20070203,1.0181293128
20070204,0.709838538651
20070205,0.251016283782
20070206,0.0717884721451
20070207,0.0378278037247
20070208,0.0168663466024
20070209,0.00369758988883
20070210,0.0188587294775
20070211,0.0602378032468
20070212,0.00432692012025
20070213,0.198792205727
20070214,0.0154958437564
20070215,0.0883357765212
20070216,0.0133626059187
20070217,0.00815823480835
20070218,0.0873363778021
20070219,0.141423162769
20070220,0.0575058507892
20070221,0.0341347224127
20070222,0.000585907822503
20070223,0.0
20070224,0.260989745671
20070225,0.0382490398542
20070226,1.30808548826
20070227,0.304479220596
20070228,0.0807793848991
20070301,0.262235846465
20070302,0.218324153189
20070303,0.114898939085
20070304,0.00358165161202
20070305,0.000102204377256
20070306,1.30055918876e-06
20070307,6.61648872617e-05
20070308,1.16899123644e-06
20070309,0.00773111983957
20070310,0.452091370741
20070311,0.0889390770269
20070312,0.0764232888476
20070313,0.0116973443032
20070314,1.08336466149
20070315,0.0230799813293
20070316,0.00435932299988
20070317,0.0141911795857
20070318,0.0223849128594
20070319,2.31955028782
20070320,3.15221347304
20070321,0.521117102721
20070322,2.88729441612
20070323,0.0768471216762
20070324,0.43334760896
20070325,0.478474836027
20070326,0.741510176481
20070327,0.126201049671
20070328,0.185968090708
20070329,0.205046582592
20070330,1.24256252047
20070331,0.404891702338
20070401,0.119597432384
20070402,0.0116005698168
20070403,0.000529216347534
20070404,0.115397163123
20070405,0.00466164684548
20070406,0.309914529984
20070407,1.28788161144
20070408,0.0544242349631
20070409,0.15615457996
20070410,0.784649061992
20070411,0.754903217535
20070412,3.08180223098
20070413,1.15380700128
20070414,2.63554713949
20070415,4.20150500909
20070416,1.75003429455
20070417,3.67008780736
20070418,3.92878418758
20070419,1.76134640241
20070420,1.7899655111
20070421,0.475947207644
20070422,0.228052631149
20070423,0.75586545957
20070424,0.53783239185
20070425,0.401755240752
20070426,2.03264328528
20070427,1.34662205671
20070428,1.29910877092
20070429,0.376178805643
20070430,0.197843190313
20070501,3.06643503169
20070502,0.706832589331
20070503,0.194596593407
20070504,1.04505528239
20070505,1.28741349536
20070506,0.267995235396
20070507,0.376798281584
20070508,0.100640200696
20070509,0.121515709052
20070510,0.695443027329
20070511,0.0957175536842
20070512,0.131594025329
20070513,0.0284460846418
20070514,0.289907539437
20070515,0.604603908399
20070516,0.0563444455968
20070517,0.113778395064
20070518,2.60973521219
20070519,2.31863771059
20070520,0.227194053336
20070521,0.411067685355
20070522,0.0580469257633
20070523,0.183485255477
20070524,0.0614708014946
20070525,0.135776993899
20070526,0.162591639723
20070527,0.618318803329
20070528,0.17911381358
20070529,0.015516241382
20070530,0.0376008377081
20070531,0.554874582365
20070601,5.29883505399
20070602,0.628343074762
20070603,0.0495833218572
20070604,0.642477011696
20070605,0.152327824082
20070606,0.0167561132923
20070607,1.5112233564
20070608,0.198947224733
20070609,0.055718673483
20070610,0.202084367159
20070611,0.0113377348009
20070612,0.105533842328
20070613,0.183686687231
20070614,0.0486837653342
20070615,1.12352177218
20070616,0.156071755178
20070617,0.37613704891
20070618,0.0290685752702
20070619,0.600874221394
20070620,0.0912669401625
20070621,0.0537105388692
20070622,1.15185382034
20070623,0.138398511657
20070624,0.343969357123
20070625,0.528366139344
20070626,0.20207022349
20070627,0.0803414387367
20070628,0.117808204121
20070629,0.0354191747358
20070630,0.217587006851
20070701,0.367002152957
20070702,0.0783897560333
20070703,0.389513609983
20070704,0.175770972928
20070705,0.213288971597
20070706,0.218470905927
20070707,0.0648147844639
20070708,0.313640638581
20070709,0.102484955001
20070710,0.0126983900643
20070711,0.0402456071332
20070712,0.253886066913
20070713,0.191532287656
20070714,0.0106983468643
20070715,0.197011119475
20070716,1.23196553148
20070717,0.69308091054
20070718,0.0987294485795
20070719,0.0283744245394
20070720,0.22458922027
20070721,0.249605627459
20070722,0.116468079462
20070723,0.0674254863013
20070724,0.0400025821138
20070725,0.0590080243343
20070726,0.0230647863338
20070727,0.299236567214
20070728,0.427756836659
20070729,0.733813686619
20070730,0.406364684797
20070731,0.504670224677
20070801,0.265923201001
20070802,0.89661400313
20070803,0.105816070143
20070804,0.0277912006894
20070805,0.0220796642158
20070806,0.00196371627249
20070807,0.18354873526
20070808,0.0887414238442
20070809,0.251762216958
20070810,0.0472621553445
20070811,0.512940117644
20070812,0.0400912301315
20070813,0.0312532194465
20070814,0.0426858991686
20070815,0.147233196724
20070816,0.104471895285
20070817,0.327353823769
20070818,0.218607128172
20070819,0.60169737288
20070820,0.0167486898383
20070821,0.0137929847346
20070822,0.11854871493
20070823,0.0937847933236
20070824,0.121635968565
20070825,0.304125092048
20070826,0.27819534489
20070827,0.255761149602
20070828,0.0700502003138
20070829,0.109716928833
20070830,0.0186291817219
20070831,0.0247765906161
20070901,0.0412034249091
20070902,0.675049374635
20070903,0.604444189579
20070904,0.189750351949
20070905,0.141391922155
20070906,0.0158559554355
20070907,0.0794151021845
20070908,0.0908503941619
20070909,1.1556729861
20070910,0.0983971514683
20070911,0.0348770361178
20070912,0.372837537788
20070913,1.02683034407
20070914,0.345620205547
20070915,0.130197203206
20070916,0.0509592847302
20070917,0.0309643601565
20070918,0.0391873801486
20070919,0.0676540556897
20070920,0.312331551248
20070921,0.217888733326
20070922,0.0831893696014
20070923,0.618583538636
20070924,0.643275294338
20070925,0.143520402883
20070926,1.51481475915
20070927,0.207455194304
20070928,0.425351430131
20070929,0.740013270346
20070930,0.76279989277
20071001,0.382030181695
20071002,0.0920489820213
20071003,0.632867449185
20071004,0.649324221677
20071005,0.105068215948
20071006,0.0282847491355
20071007,0.0186712940106
20071008,0.199243877751
20071009,0.0541161603938
20071010,0.415349849906
20071011,0.0454807176977
20071012,0.174792958703
20071013,0.0412145637019
20071014,0.290014873678
20071015,0.097527033125
20071016,0.0822164602101
20071017,0.35894535716
20071018,1.79454540148
20071019,0.712921753439
20071020,0.822826879309
20071021,1.8110524267
20071022,3.61944869183
20071023,0.401450570084
20071024,0.153065673998
20071025,0.0123757504762
20071026,0.331203216436
20071027,0.188834919856
20071028,0.0277363049615
20071029,0.00280713819738
20071030,0.00467455033668
20071031,1.76652386951
20071101,0.257744027587
20071102,0.0081737635807
20071103,0.000103372789671
20071104,0.000930556447253
20071105,0.403789411007
20071106,0.862357229593
20071107,1.5958725335
20071108,1.41592503741
20071109,1.95240789513
20071110,0.394560623566
20071111,1.50300176164
20071112,0.971898606008
20071113,1.00504988233
20071114,7.14031230219
20071115,0.809338811327
20071116,0.141327129059
20071117,0.0974863320223
20071118,0.0315471378948
20071119,0.000837206080274
20071120,0.0340850484594
20071121,0.305056716677
20071122,0.17660481274
20071123,0.023549676054
20071124,0.00641760172087
20071125,0.00705453771721
20071126,0.00644707973289
20071127,0.0415421006935
20071128,0.031973438715
20071129,0.24101523881
20071130,0.121470819144
20071201,0.0791624719076
20071202,0.0130135927255
20071203,0.0196827061743
20071204,0.000527505235485
20071205,0.0167730706175
20071206,0.0533320275882
20071207,0.0193303960637
20071208,0.0953483459291
20071209,0.0424664101638
20071210,0.287064023607
20071211,0.166839900403
20071212,0.697662034014
20071213,0.0692409293934
20071214,0.0171009253889
20071215,0.0519776692719
20071216,0.000913309449492
20071217,0.00171483105987
20071218,0.00792075841909
20071219,0.00384305925626
20071220,0.005775607239
20071221,0.0158375761634
20071222,0.00605741186679
20071223,0.0482122347718
20071224,0.00652286831012
20071225,0.108517868823
20071226,0.0513663890877
20071227,0.00766704307582
20071228,0.093232840799
20071229,0.0215557210742
20071230,0.00692473048597
20071231,0.0206423573225
20080101,0.0378998503441
20080102,0.0542266309434
20080103,0.248449182652
20080104,0.066140172617
20080105,0.0530000484124
20080106,0.00230448716016
20080107,0.0551912010648
20080108,0.00537441043792
20080109,0.0273269976596
20080110,0.0196601395264
20080111,0.00597652046643
20080112,0.0832870969776
20080113,0.0232002120699
20080114,0.130247368924
20080115,0.146285716288
20080116,0.356493862318
20080117,1.26821852298
20080118,0.798537167154
20080119,1.03455370265
20080120,0.993446929385
20080121,0.0298695370221
20080122,0.000308940975081
20080123,0.011037813773
20080124,0.169979905091
20080125,0.0259561028403
20080126,0.0127825182263
20080127,0.0672681258739
20080128,0.131246016393
20080129,0.0556250408351
20080130,0.00433458317894
20080131,0.0230186395852
20080201,0.00273776366522
20080202,0.00294481229656
20080203,0.0756635958997
20080204,0.00660920830224
20080205,0.000466364667086
20080206,0.0373800859785
20080207,0.0876593735898
20080208,0.0628208317986
20080209,0.215001245422
20080210,0.0261899756896
20080211,0.0136950376218
20080212,0.00559529591453
20080213,0.0247062520834
20080214,0.643156815326
20080215,1.92909034754
20080216,0.0385711958509
20080217,8.28437544249e-05
20080218,0.015310721367
20080219,0.101926750803
20080220,0.00544633924369
20080221,0.00486037050587
20080222,0.00101016253286
20080223,0.040726253336
20080224,0.00369039627475
20080225,8.49950169025e-05
20080226,5.92135246267e-05
20080227,0.0472318658609
20080228,0.390605366809
20080229,0.0179531777301
20080301,0.0334782775172
20080302,0.00058803440098
20080303,0.016298917133
20080304,0.00257261565241
20080305,0.0305917662565
20080306,0.0675043987993
20080307,0.00664600280389
20080308,0.185401311733
20080309,0.0170430603756
20080310,0.00136127770804
20080311,0.0176623940963
20080312,0.00447182700118
20080313,0.00173422333445
20080314,0.188085673365
20080315,0.0192185544933
20080316,0.00446960324039
20080317,0.244871952922
20080318,0.12813723539
20080319,0.0185084058826
20080320,0.0764456242313
20080321,0.475605047192
20080322,0.179567196477
20080323,0.1723770512
20080324,0.347347688762
20080325,0.0119788938437
20080326,0.0260185957537
20080327,0.0460676320147
20080328,0.239476275878
20080329,0.351953784042
20080330,0.93286730399
20080331,0.303912355271
20080401,0.081944351712
20080402,0.371720486403
20080403,0.13876211589
20080404,0.0598704233178
20080405,0.0914630457936
20080406,0.00159799531835
20080407,0.0133727671815
20080408,0.144559167721
20080409,0.229227187629
20080410,6.16605962694
20080411,5.9882797711
20080412,3.54518648027
20080413,11.8624988887
20080414,1.7909024022
20080415,0.541760237387
20080416,0.995660649726
20080417,7.68229766911
20080418,0.345610150855
20080419,0.14697991486
20080420,0.0480112967859
20080421,1.6326128622
20080422,3.94793583593
20080423,0.936801506946
20080424,0.855696432483
20080425,1.49297088265
20080426,1.07309976369
20080427,1.21079037945
20080428,0.0398539602841
20080429,0.0590210878683
20080430,0.231843358137
20080501,0.234081923025
20080502,0.111562786482
20080503,0.714793082547
20080504,0.224785195054
20080505,0.27267700625
20080506,0.0431150667349
20080507,0.120471716403
20080508,0.12526574023
20080509,0.185156934551
20080510,0.028791189174
20080511,0.666738597188
20080512,0.286485010418
20080513,0.0887014142369
20080514,0.394954124415
20080515,0.0481868650843
20080516,0.0119575245004
20080517,0.0191199637708
20080518,0.00179343883608
20080519,0.00185326580459
20080520,0.242956491205
20080521,0.030872337673
20080522,0.338152232179
20080523,0.346164996982
20080524,0.265613990545
20080525,0.0168581133037
20080526,0.000274442950403
20080527,0.0139684578239
20080528,0.095227570598
20080529,0.477603721367
20080530,0.483579139357
20080531,0.054590630232
20080601,0.417672669976
20080602,0.0184772981969
20080603,0.0272512515932
20080604,0.0347503184478
20080605,0.0601492997223
20080606,0.074745331303
20080607,1.02743523318
20080608,0.051960043916
20080609,0.12856348983
20080610,0.63493570563
20080611,0.0457603016868
20080612,0.155634645342
20080613,0.265568411704
20080614,0.493095959056
20080615,0.282595876235
20080616,0.284649963509
20080617,0.0758603368922
20080618,0.615070487082
20080619,0.637140230943
20080620,0.364650376552
20080621,0.0901852563531
20080622,0.077104182944
20080623,0.358576218334
20080624,0.0121696380004
20080625,0.0111160085173
20080626,0.644672716824
20080627,2.9289696814
20080628,0.0515747668817
20080629,0.271450444252
20080630,0.0428139406735
20080701,0.330146919404
20080702,0.0716895462801
20080703,0.507050160691
20080704,0.0331570055246
20080705,0.121406195421
20080706,0.00840084687675
20080707,0.192357749615
20080708,1.5419845635
20080709,0.082827497955
20080710,0.113314957535
20080711,2.31098396463
20080712,2.13346216372
20080713,0.312544695263
20080714,0.112285796761
20080715,0.029074851679
20080716,0.294996259556
20080717,0.518660151796
20080718,0.16454641259
20080719,0.414600224224
20080720,0.0271561571143
20080721,0.0406409459828
20080722,0.00621144505805
20080723,0.0113547417646
20080724,0.903654814113
20080725,0.3972829577
20080726,0.209935877145
20080727,0.152239455847
20080728,0.035621707912
20080729,0.17788691275
20080730,0.425346587724
20080731,0.323321782957
20080801,0.0354092368253
20080802,0.344193963215
20080803,0.0512119744935
20080804,0.290078758952
20080805,0.196109496322
20080806,0.0345073870713
20080807,0.598865611981
20080808,0.216243442835
20080809,0.270532294391
20080810,0.725978401355
20080811,0.644194232648
20080812,0.337982004578
20080813,0.0309556878962
20080814,0.50919338253
20080815,0.0269286394799
20080816,0.35034979913
20080817,0.0898833289182
20080818,0.287317101326
20080819,0.574105726536
20080820,0.0465200628404
20080821,0.0081667660877
20080822,0.00494752608408
20080823,0.0759224385158
20080824,0.108526650291
20080825,0.112296178605
20080826,0.145905556088
20080827,0.108591718491
20080828,0.174240141612
20080829,0.0214822280576
20080830,0.00898192027277
20080831,0.0876915758956
20080901,0.0216132711037
20080902,0.00160499812604
20080903,0.727239550713
20080904,0.327953413641
20080905,1.15007000015
20080906,0.166191793812
20080907,1.43425027897
20080908,0.16588574851
20080909,0.0419294696008
20080910,0.151988985217
20080911,0.153049643011
20080912,0.494834256819
20080913,0.204242086457
20080914,0.0358821905403
20080915,0.0610037015995
20080916,0.38012095619
20080917,0.0526640374552
20080918,0.11274975825
20080919,0.406758291181
20080920,0.0187526846619
20080921,0.525866680424
20080922,0.180563149263
20080923,0.293713937806
20080924,0.433369456745
20080925,0.499422639554
20080926,0.0387993430167
20080927,0.374199016759
20080928,0.0121737495072
20080929,0.0246546072049
20080930,0.252436219385
20081001,0.699695242594
20081002,0.0337760075397
20081003,0.0923390119429
20081004,0.68961579585
20081005,1.74603320242
20081006,0.412943571846
20081007,0.562902369444
20081008,0.761779725835
20081009,1.24445931037
20081010,0.525059870518
20081011,0.0350096641974
20081012,0.997504549722
20081013,1.09438363747
20081014,0.789517391721
20081015,0.238229788677
20081016,1.30093366717
20081017,0.427759229722
20081018,0.0704054472485
20081019,0.0149262065891
20081020,0.0010714939751
20081021,0.263953378967
20081022,0.565367615708
20081023,2.79521629799
20081024,1.1225483041
20081025,1.80903516448
20081026,0.424322225084
20081027,3.03489746204
20081028,0.148535519682
20081029,1.2666532404
20081030,0.542378558861
20081031,6.44345687175
20081101,2.3787426747
20081102,1.97137337769
20081103,5.99897795632
20081104,1.2007040791
20081105,0.7153878637
20081106,0.591626923672
20081107,3.21053942273
20081108,1.42179433833
20081109,2.49692027856
20081110,0.354940002329
20081111,0.365089800081
20081112,0.056523806553
20081113,0.0305560472215
20081114,0.0378970370649
20081115,0.0964973128688
20081116,0.0210672575688
20081117,0.00347072430372
20081118,0.00665441223717
20081119,0.0207144197569
20081120,0.0957749416874
20081121,0.00206889139122
20081122,0.0338783308056
20081123,0.0376030345479
20081124,0.00223572665218
20081125,0.121563990649
20081126,0.168729905079
20081127,0.0319778054591
20081128,1.16073964543
20081129,0.132604945578
20081130,0.00407330251635
20081201,0.0313647961005
20081202,0.279527420413
20081203,0.0579574355191
20081204,0.174840214803
20081205,0.0051040263746
20081206,0.0269210236759
20081207,0.0263154086939
20081208,0.00375342039193
20081209,0.00842579682024
20081210,0.0184042891436
20081211,0.350144177627
20081212,0.00628126097929
20081213,0.0420370548515
20081214,0.00444324635517
20081215,0.000881188839286
20081216,1.44135644893e-05
20081217,0.0
20081218,0.0864353800607
20081219,0.00152712684326
20081220,0.0675629438404
20081221,0.00458465645749
20081222,5.99110267417e-05
20081223,0.0
20081224,0.0
20081225,0.0150577391717
20081226,0.0273932435555
20081227,0.0255545259857
20081228,0.0700139884221
20081229,0.00532812397151
20081230,0.00369560936214
20081231,0.0788356771935
20090101,0.0301138848709
20090102,0.048541057889
20090103,0.0327244649374
20090104,0.0481348082638
20090105,0.00168125763849
20090106,0.351123538667
20090107,0.0192544886615
20090108,0.00457959529478
20090109,0.00392739920053
20090110,0.0222069521591
20090111,0.0260031830289
20090112,0.000452509423179
20090113,0.00532476633309
20090114,9.40771404358e-05
20090115,0.015904037753
20090116,0.0478797333136
20090117,0.866931877294
20090118,0.0157302102708
20090119,0.000104065672446
20090120,0.00841383668474
20090121,0.0135136008015
20090122,0.186549847876
20090123,0.0653563137894
20090124,0.0150027596374
20090125,0.0362032872747
20090126,0.107057860338
20090127,0.0
20090128,0.0
20090130,0.0
20090131,0.0
20090202,0.0
20090204,0.0
20090207,0.0
20090208,0.0
20090209,0.0
20090210,0.0
20090213,0.0
20090214,0.0
20090215,0.0
20090216,0.0
20090217,0.0
20090218,0.0
20090220,0.0
20090221,0.0
20090222,0.0
20090223,0.0
20090224,0.0
20090225,0.0
20090228,0.0
20090301,0.0
20090302,0.0
20090303,0.0
20090305,0.0
20090306,0.0
20090308,0.0
20090309,0.0
20090310,0.0
20090312,0.000443297836533
20090313,0.000536109920882
20090314,9.45208158479e-06
20090315,6.73814059538e-05
20090316,0.00996762036111
20090317,0.00017608536421
20090318,0.0365544511429
20090319,0.38033744816
20090320,0.00820082461649
20090321,0.00039796022856
20090322,0.108382139462
20090323,0.0845683928191
20090324,0.0468455044291
20090325,0.0447382098363
20090326,0.0353562617601
20090327,0.914575673386
20090328,0.245579329133
20090329,0.213100917689
20090330,0.722015129675
20090331,0.377837841022
20090401,1.58314493123
20090402,0.291406907892
20090403,0.187482220692
20090404,0.680853541308
20090405,0.251471747471
20090406,4.44721670053
20090407,9.56020968549
20090408,0.26969650263
20090409,0.0399320693608
20090410,0.0102233153938
20090411,0.113983503591
20090412,0.141436882067
20090413,1.90875822643
20090414,1.2424634179
20090415,0.615604740083
20090416,0.087020396702
20090417,0.0732604077279
20090418,0.0564583507484
20090419,0.433653824243
20090420,0.186249852201
20090421,0.0892666663688
20090422,0.21324636552
20090423,0.396723116009
20090424,0.929494718548
20090425,0.670111440745
20090426,0.326911628402
20090427,1.42309483458
20090428,0.0460387073615
20090429,0.280443889153
20090430,0.432577168854
20090501,1.25073468928
20090502,0.611414395951
20090503,0.0304009033978
20090504,0.00330651023859
20090505,0.0392156556649
20090506,0.645583691782
20090507,0.0506986301229
20090508,0.0031777227913
20090509,0.393815330426
20090510,0.243664206754
20090511,2.96892288259
20090512,1.77995378039
20090513,3.26858531359
20090514,0.529505971652
20090515,0.167072437055
20090516,0.0569075120304
20090517,0.54272959706
20090518,0.38985430937
20090519,0.271484171374
20090520,0.452959169589
20090521,0.912284520632
20090522,0.060255999171
20090523,0.035124764458
20090524,0.0135149921711
20090525,0.0212231627727
20090526,0.199054761057
20090527,0.100339617369
20090528,0.0821870156024
20090529,0.0519814273963
20090530,0.0199664946209
20090531,0.00159194937777
20090601,0.00700608566921
20090602,0.0300932371884
20090603,0.218479739391
20090604,0.00925368904789
20090605,1.12096232052
20090606,0.0988133132691
20090607,0.0459975043942
20090608,0.384085349658
20090609,0.0977971901139
20090610,0.00508217306678
20090611,0.0109562271864
20090612,0.00923532354251
20090613,0.176215961792
20090614,0.100344662333
20090615,0.197403080539
20090616,0.306381807684
20090617,0.145476159022
20090618,0.0102496223053
20090619,0.0367762363171
20090620,0.0330719376657
20090621,0.0294449402749
20090622,0.0509666006337
20090623,0.0041301906783
20090624,0.0465648390567
20090625,0.068769972973
20090626,0.420220589709
20090627,0.609289026315
20090628,0.014600695467
20090629,0.334265984649
20090630,0.0337033151092
20090701,0.0263354675506
20090702,0.0710602175354
20090703,0.0366712740469
20090704,0.0774886814311
20090705,0.0678990748036
20090706,0.154638905358
20090707,0.24339085537
20090708,0.295446932232
20090709,0.0650364355853
20090710,0.142517810737
20090711,0.136308543421
20090712,0.131745453682
20090713,0.45203551072
20090714,0.136440101557
20090715,0.110538783837
20090716,0.0983419542692
20090717,0.271289016156
20090718,0.0936570092134
20090719,0.0330298311311
20090720,0.13052804359
20090721,0.32172573208
20090722,0.125880712783
20090723,0.194465041261
20090724,0.051757629012
20090725,1.00627253479
20090726,0.0369487189774
20090727,0.023947371539
20090728,0.000858946311485
20090729,0.0871587656483
20090730,0.017696238414
20090731,0.0182676071037
20090801,0.0356682475833
20090802,0.0298749509179
20090803,0.69617515699
20090804,0.0468016652924
20090805,0.00578930864128
20090806,0.104084230239
20090807,0.0124240984506
20090808,0.00739569217628
20090809,0.0220866129334
20090810,0.000719896673946
20090811,0.064570535313
20090812,0.0765375729466
20090813,0.0596566160955
20090814,0.488865898577
20090815,0.0663959214703
20090816,0.215786228887
20090817,0.029782756542
20090818,0.00884620423489
20090819,0.0309106404132
20090820,0.418312317365
20090821,0.154686989499
20090822,0.0458163457786
20090823,0.00190972771297
20090824,0.00829772884035
20090825,0.0112274072439
20090826,0.0606163401481
20090827,0.0195690399957
20090828,0.00419962154101
20090829,0.000458530368521
20090830,0.465273062385
20090831,0.142114462071
20090901,0.00248925063598
20090902,0.0158864077292
20090903,0.460332280394
20090904,1.23672027452
20090905,0.024674407961
20090906,0.0690219620715
20090907,0.0420786590273
20090908,0.019682639758
20090909,0.41424247156
20090910,0.0862438438592
20090911,0.0549275854407
20090912,0.821196822095
20090913,0.0337605264785
20090914,0.0254602202491
20090915,0.189118356629
20090916,0.257827056686
20090917,0.00865528365521
20090918,1.26056662937
20090919,0.510766192601
20090920,0.0284210478808
20090921,0.00246391076636
20090922,0.00971670124593
20090923,0.0216901189271
20090924,0.410975428083
20090925,0.0525071671973
20090926,2.21131657298
20090927,0.131449467323
20090928,0.283207295249
20090929,0.0645299909371
20090930,0.453898637187
20091001,0.0302250942063
20091002,0.431489887497
20091003,0.643895929696
20091004,0.0295925087541
20091005,0.0339973359857
20091006,0.0103197966058
20091007,0.162391094073
20091008,0.138821421318
20091009,0.750392965937
20091010,1.41217337065
20091011,1.24930654173
20091012,1.4786322858
20091013,0.625130605817
20091014,14.108015972
20091015,2.86278668285
20091016,0.320883283242
20091017,0.905815726211
20091018,0.945970727121
20091019,1.97289683087
20091020,0.858212184776
20091021,0.540968332049
20091022,0.926513136825
20091023,1.05299938781
20091024,3.89661859787
20091025,1.12811548704
20091026,0.875409691806
20091027,0.160447872921
20091028,1.86917443166
20091029,3.22115385394
20091030,0.190974840276
20091031,0.111761966991
20091101,0.113323257832
20091102,0.164841517036
20091103,0.644573376425
20091104,1.96824685347
20091105,0.21659774886
20091106,0.0313407223564
20091107,0.0578341912957
20091108,0.00276237554031
20091109,3.09072349188e-05
20091110,5.97858557608e-05
20091111,1.05628688533e-06
20091112,0.00828345464171
20091113,0.000146350792571
20091114,0.0504792079984
20091115,0.00420613928117
20091116,0.0121633786883
20091117,0.000674377388147
20091118,0.000206742709672
20091119,0.000563318964241
20091120,9.89063624054e-06
20091121,0.0
20091122,7.03537843772e-08
20091123,0.56639748971
20091124,0.0731073132902
20091125,0.0147702930286
20091126,0.0805790167845
20091127,0.00905618910185
20091128,0.341721731389
20091129,1.74073976198
20091130,1.25380182732
20091201,0.11261145437
20091202,0.0532516126399
20091203,0.360661757628
20091204,1.24040464828
20091205,0.0282402663132
20091206,0.0172647217755
20091207,0.00108033221578
20091208,0.00269483309288
20091209,0.037978370651
20091210,0.678874825643
20091211,0.592825520413
20091212,1.02448091635
20091213,0.653038950999
20091214,0.0595797837762
20091215,0.00695119695222
20091216,0.0171926297819
20091217,0.00718262035273
20091218,0.000121568317077
20091219,0.0
20091220,0.0287573671416
20091221,0.0005081761333
20091222,1.68747839715e-09
20091223,0.157744752289
20091224,0.0837390782676
20091225,0.0149021734068
20091226,0.164798947851
20091227,0.316797431494
20091228,0.879528635912
20091229,0.0566234291978
20091230,0.280666777946
20091231,0.0909254010349
20100101,0.383434035928
20100102,0.517081174988
20100103,0.157138483595
20100104,0.0404163743294
20100105,0.00158083002806
20100106,1.61306819734e-05
20100107,0.00389246689038
20100108,0.000153679514874
20100109,4.56149702137e-05
20100110,0.00781180349901
20100111,0.0578685592142
20100112,0.00138229707164
20100113,0.000730896505943
20100114,0.419708480742
20100115,0.00741511778349
20100116,0.00142992282971
20100117,0.00244962621366
20100118,0.0944673928277
20100119,0.00453347061617
20100120,0.00719962483455
20100121,0.000148493472541
20100122,0.00185714171117
20100123,0.00197370747986
20100124,0.00141117523991
20100125,2.43265645081e-05
20100126,0.0
20100127,0.0
20100128,0.0
20100129,0.0
20100130,0.0
20100131,0.0
20100201,0.0
20100202,0.0
20100203,0.0
20100204,0.0
20100205,0.0150415987042
20100206,1.37811055921
20100207,0.188596339377
20100208,0.068768044849
20100209,0.166835345588
20100210,0.0264546146463
20100211,0.545667295538
20100212,0.0955802741092
20100213,0.352389020252
20100214,0.020730288003
20100215,0.0109748468735
20100216,0.0128414050073
20100217,5.75205011823
20100218,0.108384936822
20100219,0.118020839963
20100220,0.0789316284698
20100221,0.0357496554361
20100222,0.0675670517282
20100223,0.00281148912952
20100224,0.0369315159803
20100225,0.000651991917028
20100226,1.35474193124
20100227,1.22878880335
20100228,6.10911942405
20100301,7.02008364485
20100302,1.05691628076
20100303,8.63272392874
20100304,2.47290230072
20100305,1.7145107201
20100306,0.974504592397
20100307,2.64276747381
20100308,4.10822810833
20100309,0.400359176308
20100310,0.0947594345692
20100311,0.0015716229681
20100312,0.000292420571967
20100313,0.000127927661445
20100314,2.78346607551e-06
20100315,0.0159584814577
20100316,0.366704715156
20100317,0.0546238605227
20100318,0.634052025732
20100319,4.28699855185
20100320,1.2813186261
20100321,2.23690233664
20100322,0.0723233454026
20100323,0.00808871767887
20100324,0.199351021944
20100325,0.125942702912
20100326,0.149431476591
20100327,0.699810266054
20100328,0.27923297464
20100329,0.38021969268
20100330,2.18882227686
20100331,1.07041332575
20100401,9.2610251259
20100402,1.18921408415
20100403,0.865837829743
20100404,0.405849387332
20100405,0.1531597486
20100406,0.208854326856
20100407,0.018189255183
20100408,0.401478031341
20100409,0.0671582888914
20100410,0.00170987711927
20100411,0.15765902211
20100412,0.489496957167
20100413,4.71040621439
20100414,0.819979057808
20100415,4.64580272271
20100416,1.52545620037
20100417,0.815608576227
20100418,1.77272357666
20100419,0.162860352434
20100420,0.222423856205
20100421,0.4435113712
20100422,0.303057635682
20100423,1.77480692766
20100424,0.805930330941
20100425,0.560169163011
20100426,1.81447132986
20100427,1.32861925886
20100428,1.41657874087
20100429,1.34822944028
20100430,3.14584435127
20100501,0.372559127382
20100502,2.26645304063
20100503,0.088790209938
20100504,1.02920697768
20100505,0.570865125101
20100506,1.28445460425
20100507,0.291392357194
20100508,0.739455258629
20100509,0.111857151336
20100510,3.47060111073
20100511,0.706294880388
20100512,0.550869030939
20100513,0.0738053483227
20100514,0.799104236938
20100515,0.159042885316
20100516,0.206254595983
20100517,0.724733218667
20100518,0.323724866649
20100519,0.652905527989
20100520,0.0726432864678
20100521,0.00455821340798
20100522,0.0182398157878
20100523,0.705688918087
20100524,1.15854438692
20100525,1.46220137026
20100526,0.381672142619
20100527,0.121537225666
20100528,0.162929286221
20100529,0.0207024155469
20100530,0.0730734481117
20100531,0.0170733853928
20100601,0.000279020487257
20100602,0.00781755092105
20100603,0.0425032313927
20100604,0.0942862241967
20100605,0.0928667493517
20100606,0.00795955257657
20100607,0.00392498875796
20100608,0.0272088948833
20100609,0.0456530668749
20100610,0.196878191898
20100611,0.146614510335
20100612,0.106033397067
20100613,0.128530012065
20100614,0.0427620748131
20100615,0.026062553773
20100616,0.151235293557
20100617,0.040616760572
20100618,0.0429976148423
20100619,0.833778806209
20100620,0.0705906250212
20100621,0.686934280665
20100622,0.025274190774
20100623,0.0042711531705
20100624,0.0242798170463
20100625,0.000823314091974
20100626,0.00170131222982
20100627,0.408523318875
20100628,0.00991773211286
20100629,0.055235116722
20100630,0.0760776898307
20100701,0.49153653247
20100702,0.370517319389
20100703,0.0738237077999
20100704,0.0303360269738
20100705,0.0378627664888
20100706,0.0823223458111
20100707,0.00346690771629
20100708,0.0191057826176
20100709,0.0233298317101
20100710,0.0362102374556
20100711,0.0144646975884
20100712,0.157424127274
20100713,0.0238421814827
20100714,0.0130620913401
20100715,0.529050870598
20100716,0.0644913605277
20100717,0.0304176254811
20100718,1.34836020182
20100719,0.454365453525
20100720,0.0796419490351
20100721,1.26108619514
20100722,1.26204604659
20100723,0.113251315452
20100724,0.688472332219
20100725,2.37215429115
20100726,0.398340409618
20100727,0.136069345602
20100728,0.112188254878
20100729,0.0815533356945
20100730,0.417516027559
20100731,0.07132543697
20100801,0.157688177356
20100802,0.211619520441
20100803,0.0241764311477
20100804,0.00855387004141
20100805,0.168580931739
20100806,0.0297113027154
20100807,0.0864714003508
20100808,0.0215942805154
20100809,0.00637699316717
20100810,0.142032265029
20100811,0.0241330964005
20100812,0.0325028630541
20100813,0.0750225680283
20100814,0.0124474831058
20100815,0.308300364088
20100816,0.954249658305
20100817,0.0644071372579
20100818,0.164364995526
20100819,0.180263991364
20100820,0.101529377788
20100821,0.143255121064
20100822,0.234327311611
20100823,0.0785522979805
20100824,0.0505578489022
20100825,0.237876983579
20100826,0.970639055602
20100827,0.100803466289
20100828,0.197339871121
20100829,0.304766427816
20100830,0.811995945383
20100831,0.0950679290065
20100901,0.223488687711
20100902,0.0658116003642
20100903,0.0809816376456
20100904,0.354311539344
20100905,0.0452697537398
20100906,0.0180395584518
20100907,0.023805505147
20100908,0.0299011006135
20100909,0.044505739346
20100910,0.199359528355
20100911,0.186733131835
20100912,0.812579062059
20100913,0.421334361364
20100914,0.0895659276963
20100915,0.540075352936
20100916,0.11205572465
20100917,0.738032295329
20100918,0.197196046916
20100919,0.198048909329
20100920,0.00895144916351
20100921,0.0638821176297
20100922,0.136310019666
20100923,0.174923336286
20100924,0.103398404123
20100925,0.0728004879428
20100926,0.133088187467
20100927,0.213720215848
20100928,0.0285372100831
20100929,0.17095547886
20100930,0.109788412235
20101001,0.180596102609
20101002,0.0487604195093
20101003,0.548855750951
20101004,0.49920726923
20101005,0.738720637562
20101006,0.0831517906483
20101007,0.0168527075739
20101008,0.105171169883
20101009,0.0406066338637
20101010,0.00874788009043
20101011,0.0896440125173
20101012,0.0108187257567
20101013,0.0924895958378
20101014,0.00986134175834
20101015,0.243468241177
20101016,0.195008249638
20101017,0.0857587489221
20101018,0.789924011613
20101019,0.367514768703
20101020,0.103404451306
20101021,0.08068428801
20101022,0.152098209145
20101023,0.0752362404171
20101024,4.18283720192
20101025,1.71252877376
20101026,0.990613625982
20101027,0.249353337275
20101028,3.1148780659
20101029,0.618745966796
20101030,0.102072420002
20101031,0.00209364343959
20101101,0.00892570889698
20101102,0.000838990748028
20101103,0.0116686284895
20101104,0.00185886994817
20101105,0.000229381752716
20101106,0.000415402963274
20101107,0.022244928582
20101108,0.0390907873993
20101109,0.0146359001628
20101110,0.249491331389
20101111,0.0880719676307
20101112,0.011530897717
20101113,0.0359953463622
20101114,0.0879933560036
20101115,0.0266675353528
20101116,0.017642189451
20101117,0.000784143363796
20101118,0.00115007683639
20101119,0.000129936334643
20101120,0.40452935114
20101121,0.00866437636484
20101122,0.119989224133
20101123,0.353682141047
20101124,0.0601514630339
20101125,0.230773573307
20101126,0.346629929044
20101127,0.118173690109
20101128,0.00214435795291
20101129,2.88723686599e-06
20101130,1.77344293679e-05
20101201,3.13329041343e-07
20101202,0.0176528664784
20101203,0.000312685802112
20101204,0.0169676731871
20101205,0.000299781950469
20101206,0.0324862396919
20101207,0.0103057577208
20101208,0.0100235328754
20101209,0.000174056412206
20101210,0.000408109180276
20101211,0.0222191219136
20101212,0.00797394606469
20101213,0.000529114185056
20101214,0.00131713486249
20101215,6.03091606034e-05
20101216,0.000276807268921
20101217,0.00900235012176
20101218,0.00191269459178
20101219,0.0159610659349
20101220,0.00545895099839
20101221,0.0219059793665
20101222,0.00166909870839
20101223,0.00112846476646
20101224,0.00208345885625
20101225,0.00657251421998
20101226,0.0258086630914
20101227,0.0139537718916
20101228,0.129114384821
20101229,0.00278252770112
20101230,0.0124721896392
20101231,0.0112166476206
20110101,0.00724172144971
20110102,0.000923445218793
20110103,1.41154096148e-05
20110104,0.0
20110105,0.00151454513596
20110106,0.00147030864485
20110107,0.00786826584874
20110108,0.000138564684102
20110109,0.0240412927277
20110110,0.0287059109255
20110111,0.0146382468239
20110112,0.00554704817208
20110113,0.0019091599994
20110114,0.00392659425501
20110115,0.00765340449798
20110116,0.000196643025748
20110117,0.00115183620216
20110118,4.88455157607e-05
20110119,0.0573420224508
20110120,0.167012720017
20110121,0.0142683440332
20110122,0.00020027365444
20110123,0.00648075918641
20110124,0.015696407376
20110125,0.0134313003924
20110126,0.00910243729673
20110127,0.00170434218666
20110128,0.0192166012005
20110129,0.00395922169404
20110130,0.0696732294143
20110131,0.021583335019
20110201,0.00173613376282
20110202,0.00219470892205
20110203,0.0140704112076
20110204,0.00319138261502
20110205,0.000165517094175
20110206,0.00515857893991
20110207,0.0517941831134
20110208,0.0189528870016
20110209,0.00209469360192
20110210,0.0388628549378
20110211,0.0191876473685
20110212,0.0104211102504
20110213,0.0195177258962
20110214,0.251480517466
20110215,0.0645945909599
20110216,0.218684639511
20110217,0.126810550191
20110218,0.00756459272977
20110219,0.0229328443262
20110220,0.0129915436281
20110221,0.00025620153103
20110222,0.00517905748054
20110223,0.117563254184
20110224,0.00322526038874
20110225,0.000165215115123
20110226,0.034137977225
20110227,0.0348463063066
20110228,0.00922575742158
20110301,0.0122637419972
20110302,0.016678231926
20110303,0.0271885304522
20110304,0.000505069282683
20110305,0.000216562358761
20110306,0.0289027192361
20110307,0.0420933451501
20110308,0.134776539008
20110309,0.00393347746935
20110310,0.00357168281123
20110311,0.000401193037745
20110312,0.024364788392
20110313,0.0235145231351
20110314,0.0146103781285
20110315,0.00661994507567
20110316,0.109813954551
20110317,0.0607448390395
20110318,0.159925269631
20110319,0.188569478647
20110320,0.0329168421633
20110321,0.00540678692653
20110322,0.00016908085709
20110323,0.000337800533929
20110324,0.00395968491327
20110325,0.00750314477134
20110326,0.000856095605678
20110327,0.0184499213337
20110328,0.0241947899019
20110329,0.0181303253214
20110330,0.00154269529065
20110331,0.0185589361176
20110401,0.011035088438
20110402,0.000477722756707
20110403,0.0393276332713
20110404,0.0289140352119
20110405,0.00476037075999
20110406,0.00194197139972
20110407,0.00917282709224
20110408,0.0149961346787
20110409,0.0661263270718
20110410,0.00591487879853
20110411,0.000475626654638
20110412,0.0688495270606
20110413,0.113271033214
20110414,0.420891978823
20110415,0.258171048468
20110416,0.0897333969761
20110417,0.300226869143
20110418,0.136821751674
20110419,0.0290435501246
20110420,0.124115977451
20110421,0.0425164643006
20110422,0.0454453470914
20110423,0.033349392785
20110424,0.0248755824877
20110425,0.182756347016
20110426,0.372739394594
20110427,4.64549695095
20110428,1.45178097821
20110429,0.979138656432
20110430,1.11257129162
20110501,0.194844234078
20110502,0.176827292144
20110503,2.94327498987
20110504,0.499193424359
20110505,1.49760637546
20110506,1.26602206623
20110507,1.47666198192
20110508,0.389902723516
20110509,0.393622534887
20110510,0.321816495847
20110511,0.541023392984
20110512,0.286367170319
20110513,0.129384507012
20110514,0.0207408888692
20110515,0.0177176232682
20110516,0.184410169826
20110517,0.0399391967711
20110518,0.731976534375
20110519,2.92562141308
20110520,1.47178683012
20110521,0.934290028119
20110522,0.898688092601
20110523,0.54234056151
20110524,0.154653486681
20110525,0.0609188068231
20110526,0.032617942909
20110527,0.785333759278
20110528,0.512907446952
20110529,0.763859500009
20110530,0.214737155797
20110531,0.411246283344
20110601,0.379278884563
20110602,0.066931644481
20110603,0.0439249545386
20110604,0.0417627326479
20110605,0.00164545775094
20110606,0.0201427500584
20110607,0.0899227707004
20110608,0.00162239492708
20110609,0.0476384128087
20110610,0.89903099224
20110611,0.920294801087
20110612,0.10035357269
20110613,0.362151400736
20110614,0.253063360923
20110615,0.170321652205
20110616,0.0341864234105
20110617,0.0224473493266
20110618,0.0114005347496
20110619,0.0151610062584
20110620,0.00598190761788
20110621,0.012946051621
20110622,0.0804154843773
20110623,0.0366841489813
20110624,0.00726602477861
20110625,0.0344070561821
20110626,0.0543115732798
20110627,0.028655687876
20110628,0.0186580042264
20110629,0.101425128069
20110630,0.188284066109
20110701,0.260699597963
20110702,0.0181092334886
20110703,0.0387810916089
20110704,0.0304330193106
20110705,0.0151751283476
20110706,0.269404791368
20110707,0.0807113472407
20110708,0.255125673715
20110709,0.00479579869815
20110710,0.000328107414673
20110711,0.000144589707653
20110712,0.00124730955378
20110713,0.004037410929
20110714,0.0497422473919
20110715,0.0997035672149
20110716,0.0611672614532
20110717,0.00361580353582
20110718,0.516014947474
20110719,0.397652752767
20110720,0.118528071963
20110721,0.0512438754982
20110722,0.400329450324
20110723,0.152751154853
20110724,0.74857312107
20110725,0.0997587828787
20110726,0.251978986932
20110727,0.578330238843
20110728,0.0520516653346
20110729,0.0150286277133
20110730,0.123784026264
20110731,0.0346497100878
20110801,0.0867968433611
20110802,0.00757449435512
20110803,0.000303639062497
20110804,0.000607536431459
20110805,0.0566457937876
20110806,0.0224050287138
20110807,0.101870906046
20110808,0.0494886848612
20110809,0.0315215724434
20110810,0.122294591778
20110811,0.18012479197
20110812,0.184368568752
20110813,0.0708092621838
20110814,0.359072825327
20110815,0.0462975804326
20110816,0.907705838774
20110817,0.226613754869
20110818,0.0192927082059
20110819,0.00765001413007
20110820,0.043871460144
20110821,0.00760221006294
20110822,0.0510411387322
20110823,0.0283923701182
20110824,0.00212028282533
20110825,0.486732680372
20110826,0.513476622696
20110827,0.0813014729916
20110828,0.0628475760515
20110829,0.0148489765297
20110830,0.116918712443
20110831,0.0265818605359
20110901,0.0439943206881
20110902,0.077894058927
20110903,0.416210102648
20110904,0.236547531428
20110905,0.758830266495
20110906,0.208250145881
20110907,0.0808730142947
20110908,0.0699938682642
20110909,0.195900172808
20110910,0.123268887487
20110911,0.0305249427916
20110912,0.0199403985682
20110913,0.00213738531738
20110914,0.0156559797503
20110915,0.111629199939
20110916,0.104028783908
20110917,0.0388043956949
20110918,0.084731239807
20110919,0.248529672873
20110920,0.096574818773
20110921,0.412481254336
20110922,0.111009615376
20110923,0.382823924789
20110924,0.119778813981
20110925,0.239489806152
20110926,0.11546011053
20110927,0.00970573197087
20110928,0.0381638818278
20110929,0.0513680244225
20110930,0.00416041917534
20111001,0.0183968190882
20111002,0.0548780027107
20111003,0.24153651289
20111004,0.015749539419
20111005,0.0482704155245
20111006,0.185819207391
20111007,0.481166158117
20111008,0.255166341759
20111009,0.0145275719269
20111010,0.0295495272728
20111011,0.0603551795271
20111012,0.209447205262
20111013,1.1474542297
20111014,17.9996336742
20111015,3.63000200817
20111016,1.38643834886
20111017,1.10824044907
20111018,2.03557785867
20111019,6.6533656413
20111020,0.325413638419
20111021,0.342898109899
20111022,0.0179189909181
20111023,0.0977917739203
20111024,2.57182293801
20111025,0.829311186014
20111026,0.0194558753942
20111027,0.60333568911
20111028,0.397404959435
20111029,5.81850948162
20111030,0.592088312117
20111031,0.192807485921
20111101,0.0910364738323
20111102,0.218203232663
20111103,0.889019750353
20111104,2.62193578203
20111105,0.306333752952
20111106,10.7781076073
20111107,2.2554589443
20111108,0.290672960012
20111109,1.96163115897
20111110,2.7757234188
20111111,0.588498138273
20111112,1.96277672619
20111113,0.825389274093
20111114,0.0319636514722
20111115,0.0110753311217
20111116,0.106131038033
20111117,0.168072947646
20111118,0.171423721785
20111119,0.113430957571
20111120,0.637146372118
20111121,0.0151606788185
20111122,0.00487872751789
20111123,0.641603718517
20111124,3.38325212759
20111125,2.41433879089
20111126,3.58014480867
20111127,0.826213075583
20111128,0.785123579408
20111129,1.49348949647
20111130,0.312885976923
20111201,2.86995048265
20111202,5.45220324431
20111203,0.332968720513
20111204,0.0909072921364
20111205,0.00238758833228
20111206,0.000390134294588
20111207,0.117405529328
20111208,0.00207493831209
20111209,0.000365134181792
20111210,6.45089963762e-06
20111211,0.0
20111212,9.80036398558e-05
20111213,8.54539299219e-06
20111214,0.000166999541698
20111215,0.00349218284824
20111216,0.395061310767
20111217,0.0205736761143
20111218,0.0122970438823
20111219,0.000431393117049
20111220,0.000674235544431
20111221,0.001892915485
20111222,0.0218845751333
20111223,0.330724544713
20111224,0.00583636876987
20111225,0.0
20111226,0.00165098416518
20111227,0.020740527951
20111228,0.00601286961994
20111229,0.0001009823492
20111230,0.00236166626748
20111231,0.00270725340966
20120101,4.70941400066e-05
20120102,3.25186393686e-05
20120103,3.80452704456e-05
20120104,6.62027216205e-07
20120105,0.00187430192239
20120106,0.00831479477834
20120107,0.000266758514663
20120108,0.00155881996525
20120109,5.38582443149e-05
20120110,0.00173324036057
20120111,0.016810648437
20120112,0.00204658729669
20120113,3.09208522902e-05
20120114,0.00114323069391
20120115,2.01984230773e-05
20120116,0.0
20120117,0.0
20120118,0.0026691238219
20120119,4.71576682209e-05
20120120,0.0
20120121,0.00104177667385
20120122,1.84059444738e-05
20120123,0.0083956300189
20120124,0.0129185422642
20120125,0.00421365686842
20120126,7.04599833822e-05
20120127,0.0
20120128,0.000126584259066
20120129,0.0145729136878
20120130,0.00819217397733
20120131,0.00014018977578
20120201,0.00551250055112
20120202,9.73939967496e-05
20120203,0.0
20120204,0.0
20120205,0.0
20120206,0.0
20120207,0.0
20120208,0.00262163761124
20120209,0.0118243149217
20120210,0.000208091799674
20120211,0.00549428663589
20120212,0.00252475559337
20120213,0.00429251867802
20120214,0.000113836575136
20120215,0.00188051943915
20120216,0.00401908632949
20120217,0.0220369411904
20120218,0.0292002314327
20120219,0.000597994887093
20120220,0.0115308221309
20120221,0.00405264993007
20120222,6.80026882468e-05
20120223,0.00496045231246
20120224,0.000259236121636
20120225,3.031725254e-06
20120226,0.000395210467535
20120227,0.0208382838069
20120228,0.162015324539
20120229,0.0700749382576
20120301,0.00781861563891
20120302,0.0189977607698
20120303,0.00241896443961
20120304,0.00303798042632
20120305,0.0511221189692
20120306,0.0504875431612
20120307,0.152889542213
20120308,0.269718496881
20120309,0.0591603353531
20120310,0.00786171859525
20120311,0.00607301115138
20120312,0.0228076269805
20120313,0.00184104292047
20120314,7.58141034078e-05
20120315,0.0019997015731
20120316,0.000188641017703
20120317,0.00106435804187
20120318,0.00500527048401
20120319,0.000103168463212
