20010102,0.0
20010103,0.0
20010104,0.00187356105079
20010105,0.179052550704
20010106,2.184058322
20010107,0.0878720482349
20010108,0.0688209725637
20010109,1.57180736504
20010110,4.29846053823
20010111,1.40845399878
20010112,0.200981253634
20010113,0.00526966195489
20010114,0.0001280514103
20010115,1.59599129828e-06
20010116,0.0
20010117,0.0
20010118,0.0
20010119,0.000688342596578
20010120,0.00431722084398
20010121,0.167040542962
20010122,0.217584337651
20010123,1.45897098464
20010124,0.192981587621
20010125,0.46074383547
20010126,0.184027824546
20010127,0.271457725726
20010128,0.0151720445694
20010129,0.00624271363789
20010130,0.0225852351228
20010131,0.000397141302387
20010201,0.0
20010202,0.0
20010203,0.0
20010204,0.0
20010205,0.0
20010206,0.015749022783
20010207,0.00027825129478
20010208,0.00213383953576
20010209,0.00287116889862
20010210,5.00612873536e-05
20010211,0.00283432020651
20010212,5.00763384297e-05
20010213,0.0639507070758
20010214,0.0286309501724
20010215,0.00835072633331
20010216,0.000138954787261
20010217,0.00336248657247
20010218,5.94078696761e-05
20010219,0.0
20010220,0.0
20010221,0.0
20010222,0.0
20010223,0.0
20010224,0.0635657491364
20010225,0.00132122737001
20010226,3.73570364743e-06
20010227,2.31962256393e-06
20010228,0.00659942340515
20010301,0.00887027444966
20010302,0.000154658616617
20010303,0.000273138176961
20010304,4.82576503848e-06
20010305,0.0
20010306,0.0130319197644
20010307,0.609365293328
20010308,0.0175965206465
20010309,0.000120749407107
20010310,0.0
20010311,0.0
20010312,0.0
20010313,0.908380650999
20010314,0.01604912484
20010315,0.0
20010316,0.0
20010317,0.00402999096346
20010318,0.0289523572432
20010319,0.00051026770599
20010320,0.150493202143
20010321,0.0591729038324
20010322,0.00114834555373
20010323,2.64778838867e-06
20010324,0.170388750661
20010325,1.20076626535
20010326,7.6823057313
20010327,3.6155292246
20010328,0.823212184487
20010329,0.031981110373
20010330,0.16888119932
20010331,0.0481157977481
20010401,1.43888150103
20010402,1.14490778653
20010403,0.0200492609808
20010404,0.160469929221
20010405,0.663893776555
20010406,2.6967608274
20010407,0.557057030838
20010408,2.83173780547
20010409,1.12267092163
20010410,0.727745848574
20010411,0.46989453565
20010412,0.226282053844
20010413,0.0109025590879
20010414,0.000128075072301
20010415,0.150433766718
20010416,4.21925716599
20010417,0.126722046968
20010418,0.00754586493105
20010419,0.285862862378
20010420,0.716162675341
20010421,0.0849468662494
20010422,0.158986908403
20010423,0.281317416685
20010424,0.455483347216
20010425,3.04807522471
20010426,0.115386697072
20010427,0.00280821416704
20010428,0.00700938014735
20010429,0.404349450007
20010430,0.547416467508
20010501,0.0465604614644
20010502,0.000653974744185
20010503,0.140568003525
20010504,0.0644955536335
20010505,0.0633060115503
20010506,0.00119388266189
20010507,1.45331829371e-05
20010508,2.27190712996e-07
20010509,0.000974795660947
20010510,0.373824834776
20010511,0.168773633865
20010512,0.349907956143
20010513,1.78909705181
20010514,0.566602270509
20010515,0.0209449247895
20010516,0.000203018482694
20010517,0.161564840424
20010518,0.0100556120621
20010519,0.00090013512855
20010520,9.37750152397e-05
20010521,0.0679636908425
20010522,0.00120977927528
20010523,0.0154213533451
20010524,0.746669808621
20010525,0.170507032841
20010526,0.0137205522016
20010527,0.0736772954829
20010528,0.456725280614
20010529,0.00804641270752
20010530,0.0
20010531,0.0
20010601,0.00511080709763
20010602,0.000372633522302
20010603,0.000119227309476
20010604,2.01835853381e-06
20010605,0.0409655708729
20010606,0.155320100503
20010607,0.00675062309892
20010608,7.10112884941e-05
20010609,0.00538383106521
20010610,0.00131438296231
20010611,0.000136598526111
20010612,0.00577611915781
20010613,0.00903625619252
20010614,0.00015784877352
20010615,0.0
20010616,0.0044931119345
20010617,0.000165956705151
20010618,0.0331432599719
20010619,0.00788853179868
20010620,0.0532655067233
20010621,0.168510011685
20010622,0.414366537386
20010623,0.219332726412
20010624,0.00374671474406
20010625,0.0029055563228
20010626,0.135379758523
20010627,0.00695774285901
20010628,0.242053893715
20010629,0.00427591316657
20010630,1.3575158692e-08
20010701,0.000103113262211
20010702,1.82178923168e-06
20010703,0.0409953042939
20010704,0.000724298694505
20010705,0.0
20010706,0.0
20010707,0.00483925054141
20010708,0.0661232027192
20010709,0.00234142664986
20010710,2.07541096371e-05
20010711,0.000718046619715
20010712,5.60138357474e-05
20010713,7.65503409752e-07
20010714,0.000864913213972
20010715,0.000740204778502
20010716,1.28078367693e-05
20010717,0.0
20010718,0.0343710998148
20010719,0.00297367423706
20010720,0.00820302130651
20010721,0.00337989768439
20010722,0.000115929133402
20010723,0.0411725229846
20010724,0.0232183219683
20010725,0.000399171506196
20010726,0.00820947562546
20010727,0.00168183227534
20010728,0.00572884510259
20010729,0.00590772764877
20010730,0.0208835678159
20010731,0.00233109789941
20010801,0.191944377164
20010802,0.184211704017
20010803,0.00687938905258
20010804,0.0038183210295
20010805,6.63112974484e-05
20010806,0.000121865826247
20010807,2.15310669657e-06
20010808,0.0
20010809,0.213053266573
20010810,0.00376419257934
20010811,0.0
20010812,0.00349250610583
20010813,0.0083174115011
20010814,0.000145860533144
20010815,0.0
20010816,0.0
20010817,7.35418290504e-05
20010818,1.29932617808e-06
20010819,0.332588961808
20010820,0.0058761294244
20010821,0.0110834314697
20010822,0.102891248711
20010823,0.00181440677277
20010824,0.00271745529192
20010825,4.80115964855e-05
20010826,0.00394568950351
20010827,0.377011124808
20010828,0.0212130741115
20010829,0.00025712597634
20010830,0.075299773805
20010831,0.143012899972
20010901,0.00256565752586
20010902,0.0735242036487
20010903,0.0354444403856
20010904,0.0148647205832
20010905,0.000251968984653
20010906,0.0
20010907,0.000281084632407
20010908,0.00380630061813
20010909,0.00396578607623
20010910,0.0192267515082
20010911,0.0648760521611
20010912,0.00114023994555
20010913,0.0
20010914,0.0
20010915,0.0
20010916,0.0
20010917,0.00154062991247
20010918,2.72196126542e-05
20010919,0.00296125531952
20010920,5.23189947677e-05
20010921,0.0147998277538
20010922,0.000261717030073
20010923,0.373341304397
20010924,0.00920302901976
20010925,0.00534767487354
20010926,9.36681396758e-05
20010927,0.0121785942728
20010928,0.000215169547044
20010929,0.000102468549411
20010930,1.81039843065e-06
20011001,0.000405696992302
20011002,0.268090988934
20011003,0.306822494268
20011004,0.0123325485845
20011005,3.29567015026
20011006,0.0696326819725
20011007,0.00377857053128
20011008,0.00493035125083
20011009,0.116811733672
20011010,0.0236618599998
20011011,0.0313570690259
20011012,0.0072660308387
20011013,0.0407936209761
20011014,0.000718638171491
20011015,0.0
20011016,0.0
20011017,0.0
20011018,0.0
20011019,0.0
20011020,0.0
20011021,0.0
20011022,0.0
20011023,0.0872000511692
20011024,0.215444436315
20011025,0.432253544246
20011026,0.00757021823862
20011027,0.00641443482472
20011028,0.0141524754148
20011029,0.0594303411283
20011030,0.00269164005518
20011031,0.420230680692
20011101,0.0418457651083
20011102,6.65612185036
20011103,2.52486310617
20011104,9.3914428059
20011105,4.70518814979
20011106,0.705605269154
20011107,0.0184958602818
20011108,0.0119060548555
20011109,0.00227058526983
20011110,0.220744501202
20011111,0.873722725871
20011112,0.276796166942
20011113,3.41662226807
20011114,1.32969025114
20011115,1.30595616898
20011116,6.29169508477
20011117,0.283117077032
20011118,0.0303872533994
20011119,0.0142128632921
20011120,0.000242575742965
20011121,0.0601200208535
20011122,0.100494182322
20011123,0.142918993606
20011124,0.0120888886974
20011125,0.450902325992
20011126,3.8625290165
20011127,0.813700174069
20011128,5.40304023382
20011129,0.5088392741
20011130,0.010712500912
20011201,0.00263474975554
20011202,0.339134731479
20011203,0.225499703855
20011204,0.00387824591537
20011205,0.0
20011206,0.0
20011207,0.0
20011208,0.00613787225048
20011209,0.00285474141259
20011210,0.000717989223142
20011211,0.49652108752
20011212,2.13062432349
20011213,0.251347074607
20011214,0.0119133671898
20011215,0.873728627165
20011216,0.232003901047
20011217,0.00382631701784
20011218,4.69640364437
20011219,0.643602787854
20011220,1.28423281603
20011221,0.09227138415
20011222,0.00123245162959
20011223,0.699652176794
20011224,0.268740783871
20011225,0.00545573842562
20011226,1.63615891777e-05
20011227,0.0
20011228,0.000723673083839
20011229,1.2785742825e-05
20011230,3.36177286839e-06
20011231,0.0496020326416
20020101,0.000908685867007
20020102,5.71129873784e-07
20020103,4.50946619516e-05
20020104,0.000812408086928
20020105,0.361166252377
20020106,0.065325765271
20020107,0.00176249379276
20020108,1.27396365988e-05
20020109,0.10311281739
20020110,0.00927032527577
20020111,0.00566743374713
20020112,0.00785045290191
20020113,0.00632569150149
20020114,0.186955238571
20020115,0.0336366686612
20020116,0.121454196652
20020117,0.171148690971
20020118,0.00298608317481
20020119,0.0135442372408
20020120,0.00129002262115
20020121,0.0198271787724
20020122,0.000870567032921
20020123,0.361203849492
20020124,0.909665900526
20020125,0.382538332729
20020126,0.00647666497723
20020127,0.257801400838
20020128,0.0251244650485
20020129,0.102910525466
20020130,0.00181178633362
20020131,0.0
20020201,0.0
20020202,0.000321548948988
20020203,0.000326564875106
20020204,5.66932732448e-06
20020205,0.0
20020206,0.0
20020207,0.00175810123922
20020208,0.00103188110944
20020209,0.00580140378281
20020210,0.000102185897333
20020211,0.0
20020212,0.000586642182769
20020213,0.0363362301217
20020214,0.315642403138
20020215,0.0270285116358
20020216,0.110813617074
20020217,0.273655422063
20020218,0.774869770205
20020219,0.210798415176
20020220,0.0157875768232
20020221,0.00021737808355
20020222,0.0
20020223,0.0633291744176
20020224,0.404327494045
20020225,0.00716955351686
20020226,0.0486029071879
20020227,0.00334085888467
20020228,0.010827743146
20020301,0.000634716035979
20020302,2.67217886787
20020303,0.0911812596673
20020304,5.9945757288
20020305,1.52350462785
20020306,2.54644433911
20020307,0.0599269328629
20020308,0.00141930702953
20020309,2.02754136555e-05
20020310,0.0393975275036
20020311,0.800073470106
20020312,0.03006182257
20020313,0.597940175849
20020314,0.121166573606
20020315,0.00195419142517
20020316,0.000189487498739
20020317,3.34783491526e-06
20020318,0.0188745014134
20020319,0.00047136915794
20020320,2.74907658484
20020321,1.1801273354
20020322,0.025502912253
20020323,0.00344015437133
20020324,0.355272371563
20020325,0.0113458301711
20020326,8.95755508381e-05
20020327,1.30372569287
20020328,0.75098868672
20020329,0.316442222574
20020330,0.00536361891846
20020331,0.0914023872724
20020401,10.9539008494
20020402,2.66363803378
20020403,0.456849991963
20020404,0.033458320745
20020405,0.0995732061356
20020406,0.0572604318766
20020407,1.69978535613
20020408,0.0564676957309
20020409,0.638296464253
20020410,0.0112690652311
20020411,0.0461221128105
20020412,0.170181801223
20020413,0.146198035838
20020414,0.352472105158
20020415,2.8787062555
20020416,3.85251759755
20020417,2.67252966739
20020418,1.56562778506
20020419,0.0611253192864
20020420,0.190357773475
20020421,0.775108898821
20020422,0.303460129382
20020423,0.556590647584
20020424,0.280885206674
20020425,1.11379014554
20020426,1.85413635048
20020427,0.433104417158
20020428,0.239175358558
20020429,0.507423119657
20020430,1.22445663075
20020501,0.859291195985
20020502,1.07470295162
20020503,0.2389326103
20020504,0.0101557507295
20020505,0.349712566314
20020506,0.120965705986
20020507,0.46358154813
20020508,0.81261155395
20020509,0.799624559469
20020510,10.6982762964
20020511,1.72351866921
20020512,0.287412295366
20020513,0.00502276310046
20020514,0.000279668244456
20020515,4.8088190928e-06
20020516,5.10257976132e-05
20020517,1.33985937524e-05
20020518,0.0144350117432
20020519,0.0025592488734
20020520,0.807907472553
20020521,0.582405055431
20020522,0.201481841145
20020523,0.00338240598107
20020524,0.0230428630935
20020525,0.00040711775273
20020526,0.00385912142803
20020527,0.483222573793
20020528,0.022681892675
20020529,0.00029152820944
20020530,7.35089562207e-07
20020531,0.0
20020601,0.0
20020602,0.0
20020603,0.0
20020604,0.0
20020605,0.0
20020606,0.0427060867344
20020607,0.000754524544214
20020608,0.489089934171
20020609,0.0343426314132
20020610,0.0948031472979
20020611,0.00175862660645
20020612,0.00345052361921
20020613,0.000426021613349
20020614,0.00691557609054
20020615,0.0728882211489
20020616,0.0723530924745
20020617,0.163275727677
20020618,0.504154694543
20020619,0.206045219466
20020620,0.257287284524
20020621,0.00477376223853
20020622,0.00284421328224
20020623,5.01607074547e-05
20020624,0.00114947069488
20020625,2.03086812406e-05
20020626,0.0083493436135
20020627,0.000160081851932
20020628,0.00031619992705
20020629,5.58264766986e-06
20020630,0.110490973047
20020701,0.00891996448313
20020702,0.0845780645369
20020703,0.106159465606
20020704,0.00300115466229
20020705,0.0259156087859
20020706,0.347764128131
20020707,0.00613615925059
20020708,0.0
20020709,0.102874186419
20020710,0.0786551176572
20020711,0.00136640522526
20020712,1.56386010635e-07
20020713,0.00269251431545
20020714,9.23888448924e-05
20020715,7.91835787588e-07
20020716,0.00839305387126
20020717,0.0708249645015
20020718,0.00282590708261
20020719,0.000477644599937
20020720,0.0507947671718
20020721,0.0925447218867
20020722,0.00162964285632
20020723,0.000603754992183
20020724,1.06637933393e-05
20020725,0.000208641575157
20020726,3.68624802371e-06
20020727,0.0
20020728,0.654092551723
20020729,0.190900479452
20020730,0.0103947387585
20020731,0.0026916121137
20020801,0.0517657974558
20020802,0.0117856368764
20020803,0.290100789997
20020804,0.658544746754
20020805,0.0245557854321
20020806,0.00173939122472
20020807,9.83758907396e-05
20020808,0.0537843185582
20020809,0.00619707661049
20020810,9.270046419e-05
20020811,0.0191340584069
20020812,0.000338057538675
20020813,0.0
20020814,0.0420598995766
20020815,0.789847746938
20020816,0.0980013497838
20020817,0.00208929037731
20020818,0.0119070028082
20020819,0.0928396458733
20020820,0.93798332584
20020821,0.115254328202
20020822,0.00314924439808
20020823,2.4827422385e-05
20020824,0.0182002130896
20020825,1.53502048943
20020826,0.0429221834784
20020827,0.157013216397
20020828,0.0113835059515
20020829,0.000264504580034
20020830,1.98422998136e-06
20020831,0.018941062956
20020901,0.000334647746297
20020902,0.030929835298
20020903,0.000546463502862
20020904,0.000161965566237
20020905,2.86158237262e-06
20020906,0.0
20020907,0.180313179516
20020908,5.13770301498
20020909,0.0907158464046
20020910,0.0
20020911,0.0225118859543
20020912,0.0542782720605
20020913,0.102287062579
20020914,0.0506041485945
20020915,0.229831824203
20020916,0.00404539550183
20020917,0.0524088296232
20020918,4.23145535753
20020919,0.7301286448
20020920,0.384500588916
20020921,0.00794878703369
20020922,2.40295226335e-05
20020923,0.0
20020924,0.0
20020925,0.0
20020926,0.00474781805253
20020927,8.38837044958e-05
20020928,0.0
20020929,0.024601656321
20020930,0.00252423901801
20021001,3.6918387109e-05
20021002,0.0438697177918
20021003,0.275888113973
20021004,0.017273254097
20021005,0.000233631639475
20021006,0.34393926906
20021007,0.0756697134951
20021008,0.130465511763
20021009,0.00489098449672
20021010,0.218811744736
20021011,0.235530918171
20021012,0.0102691571261
20021013,0.000451898414942
20021014,0.0595896817378
20021015,0.0120462357456
20021016,1.28648940288
20021017,0.0246100799458
20021018,0.0505528684561
20021019,0.00334778475902
20021020,0.13839709381
20021021,0.140340304826
20021022,0.0123050119908
20021023,3.62408451585
20021024,1.23150211637
20021025,0.0257716566222
20021026,0.0945099369436
20021027,0.129924160822
20021028,1.40969434406
20021029,0.132801460114
20021030,2.66208612418
20021031,1.31231501144
20021101,4.72570680524
20021102,0.397098621989
20021103,0.0210761093956
20021104,0.186730064643
20021105,6.87951560447
20021106,8.8974925081
20021107,8.78639363404
20021108,3.25781484694
20021109,0.132006968692
20021110,0.0190114201971
20021111,0.240287700387
20021112,1.19828401832
20021113,1.72420333523
20021114,0.747468554892
20021115,0.148136661378
20021116,0.313140160482
20021117,0.0408618484646
20021118,3.89014788812
20021119,0.322509335153
20021120,0.0813542115139
20021121,0.0376671079554
20021122,0.451001057139
20021123,0.4587461486
20021124,1.20883105555
20021125,0.0565876369669
20021126,0.00256722624611
20021127,5.16317682712e-05
20021128,3.52686902517e-06
20021129,0.183108247311
20021130,0.111009916005
20021201,0.0551390511141
20021202,0.0084959233553
20021203,0.259138405562
20021204,11.0408440418
20021205,2.06682419349
20021206,1.14715141373
20021207,2.57786807941
20021208,0.124016595001
20021209,0.501234564542
20021210,0.487162004585
20021211,0.245624910269
20021212,0.00419035048555
20021213,0.0161483288965
20021214,0.0803047736209
20021215,1.84856827031
20021216,0.0491011284922
20021217,0.806119503168
20021218,0.11456507189
20021219,0.0169779332953
20021220,0.517928198298
20021221,1.83830077766
20021222,0.180957747915
20021223,0.00334653431336
20021224,0.000506698592929
20021225,0.12243909676
20021226,0.941671961901
20021227,0.944477285901
20021228,0.228476360181
20021229,0.00710599166528
20021230,0.00150007514128
20021231,0.393715761699
20030101,0.00695565866831
20030102,0.00414031471833
20030103,0.006563402807
20030104,0.000122246010258
20030105,0.00341957464904
20030106,6.04141514487e-05
20030107,0.0
20030108,0.0
20030109,0.00106703473672
20030110,1.91940185678e-05
20030111,6.03923716231e-09
20030112,0.0
20030113,0.0
20030114,0.0
20030115,0.0
20030116,0.0
20030117,0.0
20030118,0.0471901273657
20030119,0.0873332099857
20030120,0.00434980551637
20030121,4.98506288342e-05
20030122,0.0
20030123,0.0
20030124,0.0921016781517
20030125,0.00162723823127
20030126,0.00030857306382
20030127,5.4518201901e-06
20030128,0.0
20030129,0.0
20030130,0.00237732788347
20030131,0.000322728666673
20030201,4.95982919359e-06
20030202,0.0
20030203,0.0
20030204,0.0
20030205,0.000255589630242
20030206,4.51571591756e-06
20030207,0.00163171519359
20030208,2.88288919801e-05
20030209,0.0
20030210,0.0
20030211,0.245238881117
20030212,2.50606659113
20030213,0.886694510236
20030214,0.454070728762
20030215,0.30778411006
20030216,0.0740849672251
20030217,0.199164179476
20030218,0.00349733054618
20030219,0.00412880066671
20030220,0.0160218831029
20030221,0.000822957766432
20030222,9.56138432844e-06
20030223,0.0
20030224,0.0
20030225,0.0
20030226,0.00186520652632
20030227,3.29541805584e-05
20030228,0.00038794015346
20030301,0.305275166972
20030302,0.00539343288142
20030303,0.0
20030304,0.0
20030305,0.0
20030306,0.0
20030307,0.00280737561947
20030308,4.96013808115e-05
20030309,1.95622936478e-11
20030310,0.0
20030311,0.000982224248998
20030312,1.73537821204e-05
20030313,0.00427347804739
20030314,7.55031281382e-05
20030315,0.00032660204769
20030316,7.28709068235e-05
20030317,1.18552184277e-06
20030318,0.00100106819138
20030319,1.7686716889e-05
20030320,0.0
20030321,0.0
20030322,0.0
20030323,0.181656672985
20030324,0.808854227418
20030325,0.596862253941
20030326,0.0116239607831
20030327,0.408543490212
20030328,0.0829488239694
20030329,0.0217801998821
20030330,7.62295594632
20030331,0.252132964856
20030401,0.0566146580771
20030402,0.0586130220687
20030403,0.00478972726552
20030404,0.83877659895
20030405,0.0193635489714
20030406,0.000410602285954
20030407,5.8356153198e-06
20030408,0.172828507842
20030409,0.00305350693412
20030410,0.0
20030411,0.00048382131023
20030412,8.54808379924e-06
20030413,0.00110321334964
20030414,0.00180853906451
20030415,0.798123364252
20030416,0.848606676574
20030417,5.45429335719
20030418,0.166420437782
20030419,0.163572212959
20030420,1.14949985308
20030421,1.82734187129
20030422,5.65806468317
20030423,0.849421000287
20030424,1.93508103425
20030425,0.138430095068
20030426,1.56804497909
20030427,0.0826538734627
20030428,6.82232848846
20030429,27.4193471689
20030430,2.74344390081
20030501,7.68042671749
20030502,1.28097344508
20030503,4.20981940208
20030504,0.107615787839
20030505,0.209354714447
20030506,1.03844617048
20030507,0.199089199386
20030508,0.069843132774
20030509,0.0478740662394
20030510,0.011049039761
20030511,0.0312787764212
20030512,0.0357598213959
20030513,0.00207740648209
20030514,0.00138639289722
20030515,0.641418068231
20030516,0.0146952052121
20030517,0.488698760178
20030518,0.0214270501799
20030519,0.0208299039853
20030520,0.139634754092
20030521,0.0303958699075
20030522,1.82646336445
20030523,0.830755414487
20030524,1.54156929541
20030525,0.0417459663744
20030526,0.0688954019949
20030527,0.247728876092
20030528,0.2166583256
20030529,1.42396606626
20030530,0.400355678786
20030531,0.530686105515
20030601,0.270303073522
20030602,0.0132301853048
20030603,0.000152263235782
20030604,0.00166658779384
20030605,2.94450111083e-05
20030606,0.0
20030607,0.000926694300475
20030608,0.0197040101321
20030609,0.0734434982144
20030610,0.208528786819
20030611,0.00446859912183
20030612,0.00486644738165
20030613,0.0675328804852
20030614,0.0869356087002
20030615,0.0862131734619
20030616,0.684344068235
20030617,3.30031575682
20030618,0.0672300595433
20030619,0.0066707859429
20030620,0.000115007318669
20030621,0.0104163002078
20030622,0.000218308414687
20030623,0.831543501718
20030624,0.230401262659
20030625,0.0195037519017
20030626,0.0185455357365
20030627,0.0862041971017
20030628,0.0147676978637
20030629,0.176837949545
20030630,0.0122214385617
20030701,0.00497780260993
20030702,0.00264533224466
20030703,0.000438395226855
20030704,0.00890186756167
20030705,0.0498810712981
20030706,0.0617692407243
20030707,0.0374851014481
20030708,0.000643273658307
20030709,0.0
20030710,0.010718775571
20030711,0.0996335515793
20030712,0.00175696410449
20030713,0.0226095953031
20030714,1.40170449234
20030715,0.143321891275
20030716,0.378050659755
20030717,0.100747530541
20030718,0.00254375047633
20030719,1.55673860836e-05
20030720,0.0
20030721,0.0
20030722,0.0013036279583
20030723,2.30322906721e-05
20030724,0.0
20030725,0.00319408624571
20030726,0.090131193867
20030727,0.023953272493
20030728,0.000961936860232
20030729,8.31190968521e-05
20030730,0.000214398491868
20030731,0.00485178780818
20030801,0.00697208563764
20030802,0.000121668412172
20030803,0.286052579951
20030804,0.935613641229
20030805,0.0217561938777
20030806,0.00158309117498
20030807,0.00712977496874
20030808,0.000125502886612
20030809,0.0825683291462
20030810,0.314017800568
20030811,0.069743273876
20030812,0.379975434307
20030813,0.00744724842354
20030814,0.00104195925908
20030815,0.0326028749687
20030816,0.0202149873197
20030817,0.0091700197928
20030818,0.0564215936076
20030819,0.0263265308462
20030820,0.0348665441684
20030821,0.00440177559572
20030822,0.0146952139428
20030823,0.000258448547891
20030824,0.120662696459
20030825,0.422363292017
20030826,0.0699455045252
20030827,0.0095378342316
20030828,0.0714020891671
20030829,0.00317278013493
20030830,3.38143403107e-05
20030831,0.0
20030901,1.08744567844e-06
20030902,1.92128141967e-08
20030903,0.055952052618
20030904,0.0017306438222
20030905,1.31111615943e-05
20030906,0.0312788085058
20030907,0.0477446294534
20030908,0.0363034889227
20030909,0.000626673238708
20030910,0.0
20030911,0.000529079148077
20030912,0.179564592458
20030913,0.00462217728835
20030914,2.5615239816e-05
20030915,0.0872306007602
20030916,0.0058013233432
20030917,0.242359867541
20030918,0.00566553115407
20030919,0.00319849362783
20030920,0.000583055553478
20030921,0.018263421433
20030922,0.376640951673
20030923,0.0451114449714
20030924,0.0512679727761
20030925,0.000893788222471
20030926,0.0
20030927,0.0
20030928,0.0
20030929,0.0
20030930,0.00717819241244
20031001,0.0295338404296
20031002,0.381922211918
20031003,0.0289289059861
20031004,0.2851648226
20031005,0.00936240178501
20031006,0.441490957697
20031007,0.0077988415351
20031008,0.49414201911
20031009,0.0108862391812
20031010,0.00133338677081
20031011,2.28851279828e-05
20031012,4.46587217866e-05
20031013,0.0341467006592
20031014,0.000603284695691
20031015,0.0
20031016,0.228021821591
20031017,0.00402865402131
20031018,0.877394227767
20031019,0.126533599743
20031020,0.00196169504811
20031021,1.6598459638
20031022,0.0881096951665
20031023,0.253542574459
20031024,7.74447020178
20031025,3.46075093996
20031026,0.382290542137
20031027,0.214564803801
20031028,1.21109843159
20031029,3.73210539262
20031030,0.490421479543
20031031,0.0152322260439
20031101,0.883505015928
20031102,4.81200254757
20031103,5.73326670733
20031104,3.21847620044
20031105,0.655592868963
20031106,1.52526630142
20031107,0.0267607205787
20031108,0.0178236228795
20031109,0.139736305898
20031110,0.0584523611784
20031111,0.598472340446
20031112,0.0105562380777
20031113,0.159561283771
20031114,1.3820196831
20031115,1.44286436659
20031116,0.821252915572
20031117,0.0140669806001
20031118,0.0464063348092
20031119,9.69385503884
20031120,7.01532526646
20031121,2.7848944233
20031122,1.66253289072
20031123,0.360773499346
20031124,0.104187146502
20031125,0.810603049965
20031126,0.367311433414
20031127,1.1402897626
20031128,0.0582242179405
20031129,0.713125423027
20031130,0.230991410928
20031201,0.797059234998
20031202,0.0989364460531
20031203,0.322440805526
20031204,0.184926489534
20031205,1.77738273055
20031206,0.858348913284
20031207,0.0149699288103
20031208,0.0208327557055
20031209,4.76908777497
20031210,3.64581566258
20031211,0.133955224506
20031212,0.58426572065
20031213,0.0127795551673
20031214,4.37987869121e-05
20031215,0.0
20031216,0.0
20031217,0.0
20031218,0.0
20031219,0.0
20031220,0.0
20031221,0.0
20031222,0.227633529482
20031223,0.00402179321912
20031224,0.0007222216692
20031225,1.27600977763e-05
20031226,0.0
20031227,0.0
20031228,0.0
20031229,0.0
20031230,0.0
20031231,0.77000535887
20040101,5.17605902808
20040102,0.219513299299
20040103,0.0247743729141
20040104,0.00435894712347
20040105,0.0684311488889
20040106,0.271094232987
20040107,0.0913060016982
20040108,0.0337049368541
20040109,0.0306485063681
20040110,0.000531449161815
20040111,0.00560214123711
20040112,9.89777408875e-05
20040113,1.78101508765
20040114,0.348761017597
20040115,0.47345576463
20040116,8.48192275858
20040117,0.447072653476
20040118,0.0148247348836
20040119,0.00016909895612
20040120,0.0
20040121,0.0
20040122,0.0
20040123,0.0018303439748
20040124,0.0406478993328
20040125,0.725890307998
20040126,0.0162372264259
20040127,6.05121644014e-05
20040128,0.0
20040129,0.0446307138276
20040130,1.20435060407
20040131,0.0952252962347
20040201,0.0374115254678
20040202,0.0526294796025
20040203,2.19371057195
20040204,2.29387440008
20040205,0.216745570112
20040206,0.0143317449975
20040207,0.0115054265975
20040208,0.116543518299
20040209,0.534875951323
20040210,1.8291497704
20040211,0.038523610055
20040212,0.000112593646552
20040213,0.0
20040214,0.0
20040215,0.00581362313446
20040216,0.00319053586211
20040217,0.180954626191
20040218,0.636431956059
20040219,0.108588671495
20040220,0.022216063741
20040221,0.00750771563354
20040222,0.215320055343
20040223,0.472433378192
20040224,0.0727226119332
20040225,0.261437815114
20040226,0.0268971584957
20040227,0.00432226457992
20040228,0.0124329946657
20040229,0.000219670878953
20040301,2.17819076858e-08
20040302,0.15278961017
20040303,0.00269946313461
20040304,0.0
20040305,0.0
20040306,0.0
20040307,0.0
20040308,0.00950510743454
20040309,0.0648727379801
20040310,0.277131677997
20040311,0.0544249461187
20040312,0.370423302015
20040313,1.58977544764
20040314,0.09867674028
20040315,0.00124919075251
20040316,0.0
20040317,0.0
20040318,0.15512767018
20040319,0.0555807286558
20040320,0.000933568119109
20040321,0.0
20040322,0.0140837039686
20040323,0.000248828683854
20040324,0.0
20040325,0.0
20040326,0.0
20040327,1.05976317249
20040328,1.9086390595
20040329,2.98166023852
20040330,1.86250791
20040331,0.389167692406
20040401,4.172703641
20040402,0.48021418131
20040403,17.306656434
20040404,0.561764587728
20040405,0.119305316086
20040406,0.301928027732
20040407,2.10882896886
20040408,11.7341602013
20040409,1.3384352351
20040410,0.804200552257
20040411,3.58378857024
20040412,2.08187312292
20040413,4.06574397092
20040414,0.596628808314
20040415,2.87297206552
20040416,0.105640064527
20040417,0.974215072754
20040418,0.0278270305621
20040419,0.0207856063827
20040420,0.458802004585
20040421,6.12172105978
20040422,0.942975662027
20040423,0.570660364096
20040424,3.66081235795
20040425,0.360983149918
20040426,0.00925333716911
20040427,0.585147780951
20040428,0.0103370462612
20040429,0.0957478782326
20040430,0.382529842916
20040501,0.018651741393
20040502,0.477802792541
20040503,1.89361837641
20040504,0.568182191204
20040505,0.59384412903
20040506,0.0243229539455
20040507,0.007142165501
20040508,0.00204620337922
20040509,3.39997566516e-05
20040510,0.0248399240316
20040511,0.314722813972
20040512,0.0336924446624
20040513,0.00049716832168
20040514,0.0
20040515,0.0
20040516,0.0
20040517,0.0
20040518,0.0344887347115
20040519,0.000609341620693
20040520,0.0
20040521,0.0
20040522,0.00032617176929
20040523,0.00201517048045
20040524,3.55019193347e-05
20040525,0.0
20040526,0.0
20040527,0.87387001879
20040528,0.0194370054094
20040529,0.00129936290039
20040530,2.17090744674e-05
20040531,0.00323142861935
20040601,0.00160115104419
20040602,2.72801915125e-05
20040603,0.14793748054
20040604,0.00344501891912
20040605,0.00112352443736
20040606,1.95907601995e-05
20040607,1.95252348111
20040608,0.525367440365
20040609,0.00958623043738
20040610,0.00623532160705
20040611,0.00757395641656
20040612,0.00013187416921
20040613,0.00250090437411
20040614,4.41855826525e-05
20040615,0.00209449697437
20040616,0.316633627586
20040617,0.0326501890905
20040618,0.00731729633326
20040619,0.000215931687816
20040620,0.0156716594987
20040621,0.172962690224
20040622,0.0191247933558
20040623,0.00782723529601
20040624,0.000133414510699
20040625,0.0388551979512
20040626,0.0395219912358
20040627,0.000686139654523
20040628,0.132007659122
20040629,0.281374267502
20040630,0.172103739382
20040701,0.00295359851906
20040702,0.0
20040703,0.0
20040704,0.0
20040705,0.0
20040706,0.0
20040707,0.0
20040708,0.0
20040709,0.313467579406
20040710,0.0296156442671
20040711,0.00042539488106
20040712,0.0
20040713,0.0
20040714,0.0100696387674
20040715,0.00017790881487
20040716,5.12509626634e-06
20040717,0.00341525569948
20040718,0.195073847955
20040719,0.716321174376
20040720,0.0127690359532
20040721,0.149451513226
20040722,0.114454919894
20040723,0.00197552096413
20040724,0.00275401341844
20040725,0.00214652167675
20040726,0.0448856077202
20040727,0.00177461376599
20040728,1.73520825905e-05
20040729,0.0
20040730,0.0115720407928
20040731,0.000267773502675
20040801,7.26347209589e-05
20040802,0.0146984284897
20040803,0.0359499432563
20040804,0.00110005366143
20040805,0.0417845297394
20040806,0.223397569559
20040807,0.00393391300423
20040808,0.000254429823936
20040809,4.91588600891e-05
20040810,0.00147992209383
20040811,0.180984548036
20040812,0.104555061885
20040813,0.00179336446657
20040814,0.00304645053417
20040815,5.38234116725e-05
20040816,0.0
20040817,0.0217546199017
20040818,0.000399144692529
20040819,3.86900274935e-07
20040820,2.21975170388e-09
20040821,3.98323070112e-07
20040822,7.03751265055e-09
20040823,0.0260069727211
20040824,0.000459487155225
20040825,3.46965792575e-05
20040826,6.13013374088e-07
20040827,0.0
20040828,0.0
20040829,0.0331332462085
20040830,0.00058539301604
20040831,0.0
20040901,0.000150772421557
20040902,0.00106776734533
20040903,0.0388319121918
20040904,0.00106979938147
20040905,6.78543726765e-06
20040906,0.134591360211
20040907,0.00237793912548
20040908,0.0
20040909,0.0
20040910,0.0
20040911,0.0
20040912,0.0
20040913,0.191189955503
20040914,0.0182148814822
20040915,0.000262137241235
20040916,0.660952244625
20040917,0.0116776012352
20040918,0.763355324787
20040919,0.0218152978489
20040920,0.000147145827541
20040921,0.0
20040922,0.0
20040923,0.00185726024229
20040924,0.000333202672062
20040925,0.086708626959
20040926,0.00206727383274
20040927,0.0790333294109
20040928,0.0151257839159
20040929,0.000773952319126
20040930,0.0363340946248
20041001,0.00783641049933
20041002,0.115442115089
20041003,0.00203736722259
20041004,0.00285697016098
20041005,0.373909957944
20041006,0.006617002027
20041007,0.00176416419737
20041008,0.0993744855473
20041009,0.00175518244591
20041010,0.0
20041011,0.0
20041012,0.0186557444561
20041013,0.000329606800201
20041014,1.66244971257
20041015,2.08085522499
20041016,2.32149354975
20041017,0.164776049909
20041018,0.359917305854
20041019,0.0796309273695
20041020,0.211092873455
20041021,0.129170535098
20041022,0.147352036997
20041023,3.26489701696
20041024,2.36452852481
20041025,1.81310251161
20041026,0.478584982386
20041027,2.54099964343
20041028,0.344069353669
20041029,1.49563592924
20041030,0.417658140106
20041031,0.0337235133273
20041101,0.696609137654
20041102,0.73294278612
20041103,0.0213493256209
20041104,0.268734521808
20041105,1.89513456997
20041106,0.876036948644
20041107,0.970495206463
20041108,0.370646822504
20041109,1.77079289035
20041110,0.0334758405412
20041111,0.186989255581
20041112,0.0131327002094
20041113,3.69747770845
20041114,0.4502516205
20041115,0.45115118136
20041116,1.33525172243
20041117,4.52913930872
20041118,4.13099663953
20041119,4.435980726
20041120,0.101980869084
20041121,0.000762135755582
20041122,0.912295971566
20041123,2.61202329224
20041124,3.80677371305
20041125,7.04034153295
20041126,1.80642623939
20041127,0.620003231351
20041128,0.0104287012641
20041129,0.0
20041130,3.29409963053
20041201,1.10010368776
20041202,2.91839722074
20041203,0.773154467348
20041204,0.156503454853
20041205,0.271151369849
20041206,0.566499439999
20041207,6.57045988174
20041208,6.75775976521
20041209,2.480155151
20041210,2.13075572539
20041211,0.282447739215
20041212,0.0749633535044
20041213,1.03454617988
20041214,0.0182582048578
20041215,0.00177927434134
20041216,0.000233286906273
20041217,7.05386483578e-06
20041218,0.00369569116514
20041219,0.148694375167
20041220,0.00262595527147
20041221,0.458429989337
20041222,0.00810878944026
20041223,1.84264608117e-06
20041224,0.150709837621
20041225,6.02551790367
20041226,0.106410871626
20041227,0.00574148005304
20041228,0.000101439567894
20041229,0.0
20041230,0.642512050858
20041231,0.187962099991
20050101,0.00312032317145
20050102,0.0
20050103,0.0
20050104,0.0
20050105,0.0
20050106,0.0
20050107,0.0
20050108,0.0
20050109,0.0
20050110,0.0
20050111,0.0
20050112,0.0
20050113,0.346667051908
20050114,0.0487729638132
20050115,0.000753500054721
20050116,0.0
20050117,0.0
20050118,0.0
20050119,0.0428065618562
20050120,0.000756299743987
20050121,0.0
20050122,0.0
20050123,0.0
20050124,0.0
20050125,0.0
20050126,0.0653263968881
20050127,0.0753949090202
20050128,0.816343581397
20050129,0.088248336386
20050130,0.319489984705
20050131,3.31968461831
20050201,0.0751811684051
20050202,0.216532441324
20050203,0.101392561003
20050204,0.00172388838192
20050205,0.0
20050206,0.0
20050207,0.0
20050208,0.0
20050209,0.00188779337415
20050210,3.33532361086e-05
20050211,0.0
20050212,0.0
20050213,0.00335297845312
20050214,0.038892199486
20050215,0.627639844693
20050216,0.136712210901
20050217,0.00221970476741
20050218,0.0
20050219,0.0
20050220,0.0
20050221,0.0
20050222,0.0
20050223,0.0
20050224,0.0
20050225,0.0
20050226,0.00166133212458
20050227,0.0798440013911
20050228,0.0958188944327
20050301,2.40249739304
20050302,0.0961991487933
20050303,0.046063860164
20050304,0.20923994956
20050305,0.0414412946116
20050306,0.0184073733627
20050307,0.000313432166505
20050308,0.0
20050309,0.108566651269
20050310,0.00791357208808
20050311,0.00010592638943
20050312,0.0
20050313,0.00119588957955
20050314,0.299269505071
20050315,0.00528707381546
20050316,0.0
20050317,0.0
20050318,0.583081427628
20050319,0.891087279556
20050320,1.35400260407
20050321,4.10716996493
20050322,2.09879605944
20050323,1.8277859213
20050324,0.230784390063
20050325,3.79246796906
20050326,0.219320402535
20050327,0.00269218760181
20050328,0.044715162514
20050329,0.00523735709601
20050330,0.00741485991142
20050331,0.245951446422
20050401,0.00434314158787
20050402,0.0
20050403,0.0
20050404,0.0883484436104
20050405,2.76684338662
20050406,4.99568197984
20050407,1.81919230814
20050408,0.454278547976
20050409,0.806612856064
20050410,0.018740671757
20050411,0.527421148302
20050412,0.0094255817377
20050413,1.91925448313e-06
20050414,2.22080999183
20050415,0.154475918522
20050416,0.034653334056
20050417,1.62356902373
20050418,0.376523784448
20050419,0.0563468723831
20050420,0.0008869457933
20050421,0.0383346068038
20050422,0.325238705082
20050423,0.239934274458
20050424,0.00774560165846
20050425,0.0318126578378
20050426,0.000565004644637
20050427,0.0529913083101
20050428,0.207797454934
20050429,1.96924782175
20050430,0.898803479028
20050501,2.66733369452
20050502,0.560541895472
20050503,0.201462650591
20050504,0.363848434193
20050505,0.0252044087451
20050506,0.0299358993542
20050507,0.515259605084
20050508,0.0846852303668
20050509,3.80776034657
20050510,0.0888707190212
20050511,0.0752556742032
20050512,0.319529669363
20050513,0.0652758971642
20050514,0.0342379536718
20050515,0.000794927890918
20050516,0.0645877891449
20050517,0.00357091339109
20050518,4.29302440205e-05
20050519,0.0
20050520,0.00265933778107
20050521,17.1578272628
20050522,6.48157445263
20050523,0.147523988198
20050524,1.37865175184
20050525,0.987608172347
20050526,0.945498011414
20050527,3.02016580434
20050528,0.646489808696
20050529,3.63091661067
20050530,0.111532050888
20050531,0.00634255222213
20050601,0.0235893083345
20050602,0.515422373859
20050603,0.00909906912721
20050604,0.00157926975471
20050605,2.79022953231e-05
20050606,0.0
20050607,0.0
20050608,0.627650936484
20050609,0.0110892386064
20050610,0.0
20050611,0.0
20050612,0.0
20050613,0.0
20050614,2.10608392648e-05
20050615,0.000423654306691
20050616,7.4784846326e-06
20050617,0.162687246008
20050618,0.155535789104
20050619,0.00544877895705
20050620,0.273125142102
20050621,0.166828328013
20050622,0.249986623451
20050623,0.0861814910196
20050624,0.00144550063946
20050625,0.0777981132979
20050626,0.00137452490745
20050627,0.0
20050628,0.122013764814
20050629,0.125577247215
20050630,0.0200866379101
20050701,0.0380868793612
20050702,0.691946215162
20050703,0.547404923193
20050704,0.04365181854
20050705,0.00117433080758
20050706,0.000187686736436
20050707,0.00781569527186
20050708,0.829167791933
20050709,0.84663434618
20050710,0.0146994193215
20050711,0.0
20050712,0.0
20050713,0.0
20050714,0.0
20050715,0.0
20050716,0.0
20050717,0.000386390743011
20050718,0.121134276326
20050719,0.839975988495
20050720,0.0300958680976
20050721,0.00061759183678
20050722,6.13772926924e-06
20050723,0.103372474829
20050724,0.00249032580488
20050725,1.45124238219
20050726,0.0829379451843
20050727,0.0143685428557
20050728,0.0961972567148
20050729,0.0716080192507
20050730,0.0388766495262
20050731,0.0599444595726
20050801,0.180259455825
20050802,0.0232094659408
20050803,0.113489162639
20050804,0.0033400399562
20050805,0.0453009619095
20050806,0.011830834161
20050807,0.0834245752369
20050808,0.00147048917633
20050809,0.0
20050810,0.925078032008
20050811,0.259635814337
20050812,0.153229507331
20050813,0.12055018852
20050814,0.0669016223464
20050815,0.0336240800828
20050816,0.394052315235
20050817,0.0601436360492
20050818,0.0284856905016
20050819,0.0236957870938
20050820,0.00841408070894
20050821,0.000141413886041
20050822,0.00292597419691
20050823,0.0013091382717
20050824,0.000824483631481
20050825,1.41743331996e-05
20050826,0.204649940865
20050827,0.00744897085984
20050828,0.00392689382752
20050829,6.81831931715e-05
20050830,2.99954177984e-05
20050831,5.29954038056e-07
20050901,0.147399801964
20050902,0.951832046274
20050903,0.0167708095688
20050904,0.0
20050905,0.0
20050906,0.00931443216554
20050907,0.0197997052283
20050908,0.0040356491459
20050909,0.0178033542119
20050910,1.38834113993
20050911,0.0247919233978
20050912,0.000156694795499
20050913,0.0229137732528
20050914,0.00271269121568
20050915,0.102585728586
20050916,0.00379769434887
20050917,0.00249110996266
20050918,0.00859783046325
20050919,0.000151138475273
20050920,8.34761048482e-05
20050921,1.47484249021e-06
20050922,0.100542743255
20050923,0.00237915677476
20050924,1.06498807279e-05
20050925,0.0201853724828
20050926,0.000356632007034
20050927,0.0
20050928,0.00670499934863
20050929,0.000118462927488
20050930,0.00941810914763
20051001,0.000166397647428
20051002,0.0
20051003,0.0
20051004,0.0
20051005,0.008753230772
20051006,0.0138547158037
20051007,0.000242050622762
20051008,0.0
20051009,0.0
20051010,1.06836672503
20051011,0.0191081679055
20051012,4.10659599832e-06
20051013,0.0
20051014,0.158576546017
20051015,0.246351326836
20051016,0.0239357673915
20051017,0.000346868676836
20051018,0.209043921919
20051019,0.557528046345
20051020,0.448248438073
20051021,0.0563074618791
20051022,0.0602666065653
20051023,0.125636735806
20051024,0.313020029976
20051025,0.249167985416
20051026,0.0787498534527
20051027,1.58154315099
20051028,0.171642879901
20051029,0.00253928715558
20051030,0.0
20051031,0.0
20051101,1.59292083953
20051102,0.142576779099
20051103,0.313972485231
20051104,0.406603305414
20051105,3.96903536824
20051106,2.08079638052
20051107,0.553378556338
20051108,0.07306339046
20051109,0.54106652443
20051110,0.4569452282
20051111,2.19853127066
20051112,0.210105983097
20051113,0.37465155693
20051114,0.103240302779
20051115,0.0325963162523
20051116,0.0228746344582
20051117,0.000394503602019
20051118,0.000158146937324
20051119,0.680323933697
20051120,0.0374434819914
20051121,1.2217770323
20051122,2.36540053001
20051123,0.80692772576
20051124,3.70020000668
20051125,0.889080097712
20051126,0.916641339318
20051127,0.0710362795705
20051128,0.00097346985854
20051129,0.00646807863053
20051130,0.101635752918
20051201,0.0457184693251
20051202,0.0296877899247
20051203,0.0647910443566
20051204,0.0540852421309
20051205,0.119888750221
20051206,0.0542744403669
20051207,0.00295447728474
20051208,3.5913366477e-05
20051209,7.59104575562e-07
20051210,0.00204639888337
20051211,0.173771662204
20051212,0.0341920568709
20051213,0.000549867889577
20051214,0.0
20051215,0.0
20051216,0.0
20051217,0.0
20051218,0.0
20051219,0.0
20051220,0.0
20051221,0.0
20051222,0.0
20051223,0.0
20051224,0.0
20051225,0.0
20051226,0.0
20051227,0.0
20051228,0.0177572707787
20051229,0.000313732724753
20051230,0.0
20051231,0.0
20060101,0.835060220148
20060102,0.0246901377999
20060103,0.976181666541
20060104,0.0211824436525
20060105,6.95851567618e-05
20060106,0.117182750742
20060107,0.00207036644698
20060108,0.0032752828541
20060109,5.78671699566e-05
20060110,0.0
20060111,0.0
20060112,0.00746499235916
20060113,0.000131890333202
20060114,0.0
20060115,0.000698487689448
20060116,0.00115976794438
20060117,0.0297493814175
20060118,0.00822670725536
20060119,0.0504575336563
20060120,0.000889071855206
20060121,6.19769479467
20060122,0.110143707025
20060123,1.13744974608e-05
20060124,0.0
20060125,0.0
20060126,0.0
20060127,0.0
20060128,0.0
20060129,0.0
20060130,0.0
20060131,0.0
20060201,0.0
20060202,0.00965951703781
20060203,0.000211069876226
20060204,7.82690608689e-07
20060205,1.21530916013e-09
20060206,0.0
20060207,0.0
20060208,0.0
20060209,0.0
20060210,0.427734151728
20060211,0.00939216865408
20060212,5.0690100421e-05
20060213,3.22775946231e-07
20060214,0.455956659898
20060215,0.738843425053
20060216,0.0129114435472
20060217,0.0
20060218,0.0
20060219,0.0113660290695
20060220,0.0123543397611
20060221,0.00021472662099
20060222,1.91252781093e-06
20060223,3.37902547501e-08
20060224,0.0
20060225,0.129043711941
20060226,0.580445255253
20060227,0.94361721253
20060228,0.0942209557228
20060301,0.0890868633826
20060302,1.50409797026
20060303,2.22198219074
20060304,1.69656156987
20060305,0.0529630351354
20060306,0.0305366495335
20060307,0.0081613636965
20060308,0.000280781407092
20060309,0.0797682094802
20060310,0.0150347009999
20060311,0.00778551678246
20060312,0.00648568829489
20060313,0.0634732022447
20060314,0.263233637809
20060315,0.0747259724565
20060316,0.103295445051
20060317,0.123447924709
20060318,0.027990868371
20060319,0.00108473514646
20060320,0.765178353008
20060321,0.653936760385
20060322,0.0252965269294
20060323,0.0239054306107
20060324,0.0781579446392
20060325,0.945169292964
20060326,2.34577131363
20060327,0.230167471869
20060328,0.00333952922379
20060329,0.0403327549165
20060330,1.98308824701
20060331,0.661656237397
20060401,0.0134699822728
20060402,0.504629421766
20060403,0.229075581603
20060404,3.2104134573
20060405,4.40924639402
20060406,13.7877840952
20060407,9.19517464493
20060408,3.79788875594
20060409,2.74262315891
20060410,5.93960063855
20060411,0.656879336749
20060412,0.64407251639
20060413,0.112640234675
20060414,1.01573204831
20060415,0.0352552160629
20060416,0.000682950837878
20060417,0.182700297047
20060418,0.702451417595
20060419,0.872906850428
20060420,0.0268423966047
20060421,0.2146349224
20060422,0.0632773550248
20060423,2.26297304625
20060424,0.264446356588
20060425,0.420265553031
20060426,0.231436402503
20060427,0.565184005677
20060428,0.559995666246
20060429,0.122595579421
20060430,0.116793659945
20060501,3.19695686201
20060502,11.9638986903
20060503,1.90544895485
20060504,0.401459208872
20060505,0.201385522119
20060506,0.191547824356
20060507,0.76530732837
20060508,0.33538277088
20060509,1.54779888087
20060510,0.55528614782
20060511,0.405801388838
20060512,0.00758118036778
20060513,0.712470760541
20060514,1.03613082595
20060515,0.556830615212
20060516,0.0630932623293
20060517,0.324800817929
20060518,0.00618191421713
20060519,0.00121000789242
20060520,0.00529623419239
20060521,9.31978789997e-05
20060522,0.00663523704708
20060523,0.00011723034312
20060524,0.0591500875235
20060525,0.0176459783823
20060526,0.0569622144508
20060527,0.117540519109
20060528,0.00217996971667
20060529,0.00550544391314
20060530,9.72315543902e-05
20060531,0.100954209847
20060601,0.460781916511
20060602,0.0091147693305
20060603,1.82775318745e-05
20060604,9.12985764911e-09
20060605,0.0
20060606,0.0
20060607,0.0
20060608,7.55603121599e-05
20060609,0.0175618270937
20060610,0.00127358459501
20060611,0.811830090756
20060612,0.107506765985
20060613,0.0704437471187
20060614,0.00554032613846
20060615,0.000337903479128
20060616,4.62002212072e-06
20060617,0.0
20060618,0.328648212907
20060619,0.00917636238786
20060620,0.149405651042
20060621,0.00567043686819
20060622,5.35655885885e-05
20060623,0.157198499827
20060624,0.00277735884163
20060625,0.183141546152
20060626,0.199152169199
20060627,0.00363251518702
20060628,0.298809658346
20060629,0.0059209262038
20060630,1.13366959207e-05
20060701,0.0183438134093
20060702,0.000569426833922
20060703,4.33447445624e-06
20060704,0.000556550016512
20060705,0.0192211883257
20060706,0.0395936994245
20060707,1.00577860236
20060708,0.0826771792953
20060709,0.00253496812608
20060710,0.0775740946475
20060711,0.134673434993
20060712,0.0936836732108
20060713,0.00246343720394
20060714,0.00803025939722
20060715,0.000223889367729
20060716,0.117466015313
20060717,0.0724882698819
20060718,0.00124404463421
20060719,0.23920990203
20060720,0.00868283209285
20060721,0.0136338917501
20060722,0.0168050697918
20060723,0.099514937101
20060724,0.00587254589809
20060725,7.27827336561e-05
20060726,0.0
20060727,0.0
20060728,0.112776777959
20060729,0.20668656255
20060730,0.0102152125444
20060731,0.188989165579
20060801,0.00333697129178
20060802,0.0643070066886
20060803,0.0940527516647
20060804,0.0248485869149
20060805,0.0932437882093
20060806,0.122288527141
20060807,0.378502408421
20060808,0.136783954606
20060809,0.0152010067298
20060810,0.198440761647
20060811,0.0786105034481
20060812,0.00132700543311
20060813,0.0
20060814,0.0
20060815,0.0
20060816,0.0
20060817,0.343269284593
20060818,0.0686839071185
20060819,0.00110634416459
20060820,8.60290394766e-08
20060821,0.0226192908417
20060822,0.000841973558718
20060823,0.00328845600353
20060824,0.0275976190189
20060825,0.152328307886
20060826,0.0929842561152
20060827,0.052194957962
20060828,0.0357301089173
20060829,0.345105738457
20060830,0.00608640021258
20060831,0.0
20060901,0.231546786492
20060902,0.00892078253312
20060903,8.53330262638e-05
20060904,0.0
20060905,0.387929117463
20060906,0.00685387146614
20060907,0.0603930763457
20060908,0.511351056869
20060909,0.236534868963
20060910,0.00401977491911
20060911,0.0
20060912,0.0
20060913,9.63861566561e-05
20060914,1.70293591592e-06
20060915,0.0968022957736
20060916,0.0181339887572
20060917,0.000325778986674
20060918,6.29109298681e-07
20060919,0.0
20060920,0.692840832327
20060921,0.0187844495004
20060922,0.000633913083189
20060923,0.612324399102
20060924,0.0305459211689
20060925,0.000348544766327
20060926,0.0
20060927,0.0
20060928,0.0
20060929,0.194505792072
20060930,5.69576419874
20061001,0.111617336722
20061002,0.00168041257508
20061003,0.00256109322164
20061004,4.47853739382e-05
20061005,2.21178687421
20061006,0.0390774981004
20061007,0.0
20061008,0.404668350287
20061009,0.00976745938877
20061010,4.62516176672e-05
20061011,0.0
20061012,0.168829922795
20061013,1.73042166299
20061014,0.0308280313622
20061015,5.44012363053e-06
20061016,0.0256088232718
20061017,1.77198628617
20061018,0.131631965771
20061019,0.467561418223
20061020,0.745542506679
20061021,1.38296880941
20061022,1.51063562686
20061023,2.95404628129
20061024,0.38656134026
20061025,2.88742931805
20061026,0.257225238313
20061027,0.220724034494
20061028,0.433640910957
20061029,0.238150569167
20061030,0.0183273158588
20061031,0.47905722405
20061101,7.22276887458
20061102,1.61132856332
20061103,0.343880463958
20061104,1.03365135737
20061105,0.0965368763827
20061106,1.651885017
20061107,0.399440804894
20061108,3.92468620766
20061109,0.561853566055
20061110,5.95753394831
20061111,2.31565070452
20061112,7.72654914662
20061113,4.59496893713
20061114,1.23334282849
20061115,8.6143056812
20061116,3.12769041176
20061117,8.09331151299
20061118,3.19203847387
20061119,3.56639895934
20061120,18.6659759798
20061121,3.59844597024
20061122,1.5034760856
20061123,20.0902537329
20061124,2.10259002776
20061125,0.141399818308
20061126,0.0806098055036
20061127,0.00170622066929
20061128,0.152593544218
20061129,0.12539290754
20061130,0.615336974915
20061201,3.17376867841
20061202,1.1733167886
20061203,0.0258124585113
20061204,0.168625371452
20061205,0.135044780627
20061206,0.383130688539
20061207,5.13068169551
20061208,0.293613642205
20061209,0.049073951706
20061210,2.48690582381
20061211,0.819554834585
20061212,0.833343210864
20061213,4.89978885383
20061214,3.42182417651
20061215,0.597195075443
20061216,1.12694142894
20061217,0.107004543058
20061218,0.53239775365
20061219,0.120223429528
20061220,0.542613154375
20061221,0.0114759264358
20061222,0.000370323030059
20061223,0.100486180173
20061224,0.594484951618
20061225,0.591585430956
20061226,1.69512416153
20061227,1.83851334895
20061228,4.10145861745
20061229,0.21351172526
20061230,0.417287644478
20061231,2.01154115651
20070101,0.0371870700496
20070102,0.440856625903
20070103,7.86520753695
20070104,7.4582269333
20070105,0.269082022766
20070106,0.00246932762917
20070107,0.0
20070108,0.0
20070109,0.0
20070110,0.0
20070111,0.0
20070112,0.000676722019205
20070113,1.19562196702e-05
20070114,0.101047955934
20070115,0.188724630282
20070116,0.0412084334515
20070117,0.000848697188867
20070118,0.0155464371127
20070119,0.11066587154
20070120,0.0918488815313
20070121,0.00158831293615
20070122,0.0
20070123,0.0
20070124,0.00670527895345
20070125,0.0973995706327
20070126,0.00171874745159
20070127,0.0420577898972
20070128,0.000743070596218
20070129,0.0
20070130,0.0
20070131,0.0233666655841
20070201,0.0068803426858
20070202,0.00187159765716
20070203,0.00618232290844
20070204,0.000650026245753
20070205,0.000109816664354
20070206,0.0178919325089
20070207,0.000316080569098
20070208,0.0
20070209,0.0944077809915
20070210,0.00166798204424
20070211,0.0185143276558
20070212,0.00279851580969
20070213,4.36644495937e-05
20070214,0.0
20070215,0.0
20070216,0.0194572717539
20070217,0.00034376804424
20070218,0.00217065849631
20070219,3.83508637543e-05
20070220,0.0
20070221,0.0
20070222,0.0
20070223,0.0
20070224,0.0
20070225,0.107835778478
20070226,0.951443313332
20070227,1.01455582354
20070228,0.557169611071
20070301,1.31001678389
20070302,0.131987609597
20070303,0.159506777533
20070304,0.0607846237447
20070305,0.00103999630375
20070306,2.69474379953e-07
20070307,0.0397455458582
20070308,0.000702218045283
20070309,0.0149326502694
20070310,0.000263827686048
20070311,0.110771831779
20070312,0.0399993593003
20070313,0.00340990675446
20070314,4.83707005172e-05
20070315,1.74687505811e-05
20070316,0.0329198111313
20070317,0.814329539272
20070318,0.0163594040905
20070319,0.0627173547576
20070320,4.48486468576
20070321,1.59491900195
20070322,0.0393304179477
20070323,0.19130378558
20070324,0.0140257694678
20070325,0.103772792518
20070326,4.08682923073
20070327,0.343511410448
20070328,0.00552132847808
20070329,0.210841756874
20070330,1.28902458728
20070331,0.353880451638
20070401,0.123059208492
20070402,0.110742811426
20070403,0.00192000007096
20070404,7.14954313228e-05
20070405,0.000934962980981
20070406,0.167014218656
20070407,0.0453669329279
20070408,0.000749407050832
20070409,0.0277116432077
20070410,0.0600238120259
20070411,3.01884421102
20070412,4.36443148343
20070413,0.40062958993
20070414,0.536493187686
20070415,0.266768264149
20070416,0.157275025159
20070417,2.21523066991
20070418,7.85372216457
20070419,3.16654895029
20070420,0.898021023963
20070421,0.640144662759
20070422,0.303840562375
20070423,0.938229908696
20070424,1.25433616444
20070425,1.18122258612
20070426,5.0385709032
20070427,0.220554609785
20070428,0.221455740961
20070429,0.00400612223587
20070430,6.17334276374e-06
20070501,0.0243507588015
20070502,0.594226639982
20070503,0.316769959957
20070504,3.37276316963
20070505,0.955370154674
20070506,0.625563856871
20070507,0.222879257373
20070508,0.0168442339928
20070509,0.0319819411313
20070510,0.410101192577
20070511,0.417323407873
20070512,0.221909347261
20070513,0.289294885848
20070514,1.055777265
20070515,0.833181643936
20070516,1.02463568907
20070517,0.0447684198664
20070518,0.164921541379
20070519,0.17256413859
20070520,0.00318540883346
20070521,3.3198729459e-06
20070522,0.0
20070523,0.0
20070524,0.169366943379
20070525,0.0144321616731
20070526,0.114401060481
20070527,0.0862327597326
20070528,1.04461168334
20070529,0.0833752760394
20070530,0.00114744745392
20070531,0.123783258682
20070601,0.598666448709
20070602,0.104294786681
20070603,0.667118830145
20070604,0.723837327538
20070605,0.0125809185596
20070606,0.00781235843787
20070607,0.144772161239
20070608,0.0277509243196
20070609,0.000445151044412
20070610,0.0216452230133
20070611,0.0016147109318
20070612,0.053299317219
20070613,0.0648030204129
20070614,0.105358850131
20070615,0.159247377363
20070616,0.932587448452
20070617,0.0264317312347
20070618,0.000967286209849
20070619,0.000125002885001
20070620,0.000124925215378
20070621,0.0940042699479
20070622,0.0106443169834
20070623,0.00355358884898
20070624,5.99800268133e-05
20070625,7.54090322445e-05
20070626,0.00411072922905
20070627,0.000101593342175
20070628,1.32466206781
20070629,0.0623018980171
20070630,0.000810678182146
20070701,0.0054087139643
20070702,0.295579179263
20070703,0.237366407085
20070704,0.0583937313934
20070705,0.0749795445973
20070706,0.00546196829586
20070707,0.00186598756682
20070708,9.37142910266e-05
20070709,0.00168260212879
20070710,0.0598508953678
20070711,0.00915236663659
20070712,0.0211494962263
20070713,0.000371138949217
20070714,0.000142830762872
20070715,2.52351318647e-06
20070716,0.122928024504
20070717,0.00217187316574
20070718,0.109525632131
20070719,0.0687857645244
20070720,0.00380379189102
20070721,4.63371804262e-05
20070722,0.0765103840117
20070723,0.0013517735793
20070724,0.000323915059222
20070725,0.112801691391
20070726,0.00493930995011
20070727,0.0014335619793
20070728,0.0486229493624
20070729,0.107840654059
20070730,0.037371065387
20070731,0.00183367649792
20070801,0.268853816399
20070802,0.936451221703
20070803,1.1590294414
20070804,0.137124986215
20070805,0.0322557735832
20070806,0.000533387424967
20070807,0.146898041408
20070808,0.201036094099
20070809,0.429287549119
20070810,0.423110590267
20070811,0.289714880519
20070812,0.0162323464487
20070813,0.000738519297457
20070814,0.0911900832027
20070815,0.00186762276571
20070816,4.68595777895e-06
20070817,2.67389792126e-09
20070818,0.57447043574
20070819,0.925654062575
20070820,0.329089227261
20070821,0.0200031150938
20070822,0.155252310901
20070823,0.0216308230303
20070824,0.000333787427487
20070825,0.0
20070826,0.371881308835
20070827,0.0135666551456
20070828,0.000132687069236
20070829,0.545225052889
20070830,0.0154650864191
20070831,0.000103041307332
20070901,0.0
20070902,0.0
20070903,0.0
20070904,0.0535260216438
20070905,0.198451349747
20070906,0.00348949952036
20070907,0.0
20070908,0.0303385655516
20070909,0.0310150847312
20070910,0.0712919392063
20070911,0.0014171486476
20070912,0.000204795150003
20070913,0.284264843957
20070914,0.0791528638958
20070915,0.479755032376
20070916,0.0176223045617
20070917,0.0129459749314
20070918,0.0692865715028
20070919,0.00122015376131
20070920,0.0
20070921,0.0920391937297
20070922,0.00972637825388
20070923,0.000143113866673
20070924,0.0073907370834
20070925,0.000130578396578
20070926,0.0
20070927,0.0
20070928,0.0
20070929,1.55618273663
20070930,0.0891475341251
20071001,0.177423125597
20071002,0.0031154390448
20071003,1.3273070154
20071004,0.023450651936
20071005,0.14077195584
20071006,0.113760055622
20071007,0.443499041906
20071008,0.831679452105
20071009,1.03496667041
20071010,0.819979445538
20071011,0.622848298956
20071012,0.0632506683095
20071013,0.063747438156
20071014,1.1501240047
20071015,1.06054392309
20071016,0.139040383579
20071017,0.00215860501089
20071018,0.0129276841498
20071019,0.320068336945
20071020,0.232217778026
20071021,0.164392201378
20071022,2.62825152009
20071023,1.34600114853
20071024,1.15740517352
20071025,0.031681047421
20071026,4.5361789948
20071027,8.93676152333
20071028,0.532407663763
20071029,0.00664187729534
20071030,0.855706961026
20071031,1.32377198073
20071101,1.11937416703
20071102,0.398653932261
20071103,0.00670115737922
20071104,0.0
20071105,0.0797314195389
20071106,0.497067160612
20071107,0.764077753104
20071108,0.523423185071
20071109,0.012930401132
20071110,0.971233893421
20071111,27.0711785275
20071112,7.00020323695
20071113,1.92069495967
20071114,25.6837380932
20071115,2.2850414056
20071116,0.89018121356
20071117,3.96892439151
20071118,0.285524876347
20071119,0.00382006904269
20071120,2.26294879283
20071121,0.209143351899
20071122,1.2737652516
20071123,1.54380112589
20071124,0.159917184863
20071125,0.00916551858845
20071126,0.000473086642501
20071127,6.2310933766e-06
20071128,0.0183197006549
20071129,0.452798931208
20071130,0.886998379014
20071201,0.476749013622
20071202,0.0402119805318
20071203,0.0805323342513
20071204,0.00141282414216
20071205,0.0
20071206,0.00305238696486
20071207,0.809763870017
20071208,3.04263708284
20071209,0.0708089129548
20071210,0.120855932668
20071211,0.837532524833
20071212,0.25897077525
20071213,0.227088692972
20071214,0.154869348741
20071215,0.00266666801502
20071216,0.0
20071217,0.0
20071218,0.0
20071219,0.0
20071220,0.0
20071221,0.0113318581488
20071222,0.0236753804546
20071223,0.000801411628903
20071224,6.83137656768e-06
20071225,0.0
20071226,0.0163214631392
20071227,0.0872939280087
20071228,0.26572761973
20071229,0.104754567503
20071230,0.00176831964901
20071231,0.0912818482765
20080101,3.0429191232
20080102,0.0537333280546
20080103,0.0
20080104,0.00474421080661
20080105,8.38199831413e-05
20080106,0.0
20080107,0.0
20080108,0.0
20080109,0.0
20080110,0.00655491159658
20080111,0.000144403534649
20080112,0.0113962826195
20080113,0.000201338837248
20080114,0.0539211154818
20080115,0.00743701583744
20080116,2.7248354673
20080117,0.431358678974
20080118,1.28332005789
20080119,0.421068489224
20080120,1.76385572423
20080121,1.30857649851
20080122,0.0258067647277
20080123,5.71631112979e-05
20080124,0.000597933412555
20080125,0.000847302786827
20080126,0.000306940005489
20080127,0.680377044135
20080128,0.0431761650416
20080129,0.0416528368036
20080130,0.000726190604743
20080131,0.0
20080201,0.0
20080202,0.0254582350166
20080203,0.000449792126512
20080204,0.00143393479944
20080205,2.53345403253e-05
20080206,0.0
20080207,0.000253432170908
20080208,0.0923537352932
20080209,0.00163161213903
20080210,0.00205245705256
20080211,0.0923511016775
20080212,0.220797121844
20080213,1.76747588854
20080214,0.0337506693845
20080215,4.6750273562e-05
20080216,1.70033493778e-08
20080217,0.0
20080218,0.0
20080219,6.83113776413e-05
20080220,0.00210568775152
20080221,0.0267727345062
20080222,0.0350999696258
20080223,0.000611795245922
20080224,0.0
20080225,0.0
20080226,0.0
20080227,4.55419624713e-06
20080228,0.091993574783
20080229,0.00162532680552
20080301,0.0010634623672
20080302,1.87890812519e-05
20080303,0.0
20080304,9.97474323897e-05
20080305,0.0640731422948
20080306,0.587060280192
20080307,0.190073864847
20080308,0.100283535626
20080309,0.186946265999
20080310,0.00384117500507
20080311,1.00450530621e-05
20080312,0.0
20080313,0.0640292516359
20080314,0.0166073110329
20080315,0.104042734895
20080316,0.00208435059401
20080317,0.594527945315
20080318,0.0105106296574
20080319,0.162658831033
20080320,0.296744669871
20080321,0.734484737452
20080322,2.37894852723
20080323,0.393713160733
20080324,5.75280083093
20080325,0.166451184461
20080326,0.204693807965
20080327,1.91342130393
20080328,2.37025243838
20080329,0.667738927123
20080330,1.13903337503
20080331,0.0658189439377
20080401,0.250241730162
20080402,0.0116713224191
20080403,0.0172993292082
20080404,0.0479875912255
20080405,0.147612919841
20080406,0.00259512430205
20080407,0.0039266650685
20080408,0.00567692520994
20080409,0.000107431222119
20080410,0.873719480005
20080411,1.4845373098
20080412,1.25571230589
20080413,1.03709431636
20080414,1.43388542502
20080415,0.468659388945
20080416,1.94723177255
20080417,2.24999598003
20080418,0.109448523455
20080419,0.208766101045
20080420,2.55463450862
20080421,2.24722698628
20080422,2.3826863664
20080423,0.511186305253
20080424,2.01490488906
20080425,1.26280046537
20080426,0.691681600511
20080427,0.898615826783
20080428,0.0205409853405
20080429,0.0207140460388
20080430,0.00539504558756
20080501,0.154544760217
20080502,0.587561068971
20080503,0.184210185185
20080504,0.00307203966633
20080505,0.00196971924839
20080506,0.00109814059615
20080507,1.87869126386e-05
20080508,0.0
20080509,0.0102928464718
20080510,0.641504465671
20080511,0.0143932419292
20080512,0.00823491781373
20080513,0.00224025821425
20080514,0.132259438312
20080515,0.237139090733
20080516,0.127863219836
20080517,0.0036488451971
20080518,0.0135948984966
20080519,0.00265070440307
20080520,0.0296683935656
20080521,0.0551265856227
20080522,0.000964720127473
20080523,1.74990091018
20080524,0.27773129783
20080525,0.0263571397093
20080526,0.000583723355981
20080527,0.000536970254102
20080528,2.08191372215
20080529,0.637847597065
20080530,0.063935870601
20080531,0.0490596410515
20080601,0.0116054490478
20080602,0.00325195028313
20080603,5.40976441908e-05
20080604,0.000455148961637
20080605,0.0376865577832
20080606,0.00163098262205
20080607,1.7054503912e-05
20080608,0.000202782230064
20080609,0.000815572226769
20080610,0.284224559256
20080611,0.00502138151185
20080612,0.0158261951634
20080613,0.0275422617047
20080614,0.00793284746971
20080615,3.02865404446
20080616,0.232652131996
20080617,0.0245341238919
20080618,0.000377544594071
20080619,0.0338592576953
20080620,0.0618061282412
20080621,0.0280576531556
20080622,0.00572934473292
20080623,1.26978828842
20080624,0.0596051624896
20080625,0.000656755807456
20080626,0.00812485892902
20080627,0.000143548728661
20080628,0.0
20080629,0.0
20080630,0.0
20080701,2.10638462226e-05
20080702,3.72152648438e-07
20080703,0.0
20080704,9.14993873637
20080705,3.47146775367
20080706,0.115935703309
20080707,0.455643426658
20080708,0.00803230132168
20080709,0.0575829372303
20080710,0.00541931759935
20080711,0.000124152242481
20080712,0.0231632467713
20080713,0.194427565864
20080714,0.024435384572
20080715,0.00104194988341
20080716,0.993613293242
20080717,0.106203431611
20080718,0.00156623033535
20080719,0.0328212755463
20080720,0.0301123511865
20080721,0.119191210166
20080722,0.150828982169
20080723,0.41156449724
20080724,0.403939222757
20080725,0.116599629198
20080726,0.00193622865031
20080727,0.0277268901775
20080728,0.00839585223766
20080729,0.263982840453
20080730,0.131126437425
20080731,0.0927920811053
20080801,0.480176121734
20080802,0.0972151141934
20080803,0.220296100951
20080804,0.0114423525649
20080805,0.0185639057925
20080806,0.000325618723457
20080807,0.00104531188996
20080808,2.34618167346e-05
20080809,8.82227984173e-08
20080810,0.0
20080811,5.38459493332
20080812,1.22475083796
20080813,0.0212313530818
20080814,0.254083528266
20080815,0.047542417293
20080816,0.0492809165518
20080817,0.016330884831
20080818,0.00496601252336
20080819,0.0374064238519
20080820,0.00111165120757
20080821,0.0246221774754
20080822,0.000434879650495
20080823,0.0
20080824,0.0
20080825,0.0
20080826,0.242553800518
20080827,0.0138009623211
20080828,0.0158113645195
20080829,0.1771292359
20080830,0.00312460879032
20080831,0.0
20080901,0.0
20080902,0.0
20080903,0.413193539576
20080904,0.0205801068269
20080905,0.18888498668
20080906,0.0033330450839
20080907,0.000524663545158
20080908,0.00298636951796
20080909,0.0187912163893
20080910,0.0426080736521
20080911,0.000747111709382
20080912,1.96591611055e-05
20080913,0.000206349190649
20080914,0.0688954581179
20080915,0.0054066106334
20080916,0.00721958872587
20080917,0.000126246820648
20080918,0.0
20080919,0.0
20080920,0.0
20080921,0.000900265896034
20080922,0.177901973065
20080923,0.114347709444
20080924,0.00196474973943
20080925,0.0
20080926,0.0
20080927,0.0340860646474
20080928,0.000602227221924
20080929,0.0167542971224
20080930,0.0840179331595
20081001,0.0551541767784
20081002,0.00691600233281
20081003,1.10060616577
20081004,1.61409134075
20081005,5.84696846083
20081006,2.06450337089
20081007,1.27933432541
20081008,0.656618292358
20081009,0.0131110807629
20081010,0.0921742435929
20081011,0.00366268829687
20081012,1.02155759301
20081013,0.13931198972
20081014,0.17235394442
20081015,0.0030072698628
20081016,0.0303453530135
20081017,2.63094880478
20081018,0.250864637757
20081019,0.467600552704
20081020,0.00925588150009
20081021,2.50169501837
20081022,0.901271162145
20081023,0.779624506612
20081024,0.0143501277251
20081025,0.00099214989554
20081026,0.209078800835
20081027,0.179365407231
20081028,0.00310374079171
20081029,0.0
20081030,0.0
20081031,0.0
20081101,0.62967876212
20081102,3.63365640175
20081103,0.782320678106
20081104,0.0152927007156
20081105,0.146271623385
20081106,10.6613059029
20081107,14.3454559159
20081108,2.95436451382
20081109,8.59663738971
20081110,2.97778758135
20081111,9.59955334155
20081112,0.781036443929
20081113,0.0249575675611
20081114,0.122556140129
20081115,0.178178359848
20081116,0.00838039694137
20081117,0.135198459978
20081118,0.0951697032892
20081119,0.00163927002184
20081120,0.0343921061367
20081121,0.000607634395989
20081122,0.0
20081123,0.0
20081124,0.0275298092661
20081125,0.000486392394024
20081126,0.0404765987033
20081127,0.00133498492601
20081128,0.000808129351614
20081129,0.0807637752589
20081130,0.205048371083
20081201,0.693542799205
20081202,0.0122944338482
20081203,0.00857980691302
20081204,0.0203335906701
20081205,0.0113693156905
20081206,0.00315999929662
20081207,0.0101923705524
20081208,0.148626091171
20081209,0.183613043054
20081210,0.0208798031587
20081211,0.000312404497624
20081212,0.0
20081213,0.0
20081214,0.0
20081215,0.0
20081216,0.0
20081217,0.0
20081218,0.0
20081219,0.0
20081220,0.0
20081221,0.0
20081222,0.0
20081223,0.0
20081224,0.074704724531
20081225,0.00271368270138
20081226,0.55267317837
20081227,0.291896969019
20081228,0.00578069350349
20081229,1.40638512867e-05
20081230,0.00391354172202
20081231,6.91552770158e-05
20090101,0.000836291178155
20090102,1.47754610078e-05
20090103,0.0
20090104,0.0
20090105,0.0
20090106,0.0
20090107,0.0
20090108,0.0
20090109,0.0
20090110,0.0
20090111,0.0
20090112,0.0
20090113,0.0
20090114,2.45510758362e-05
20090115,0.000236544989203
20090116,0.176456497713
20090117,2.77152641373
20090118,0.0565939553633
20090119,0.00239617661463
20090120,3.99372717837e-05
20090121,0.0
20090122,0.0
20090123,0.0172769786443
20090124,0.000305246995912
20090125,0.0
20090126,0.0
20090127,0.0
20090128,0.0
20090130,0.0
20090131,0.0
20090202,0.0
20090204,0.0
20090207,0.0
20090208,0.0
20090209,0.0
20090210,0.0
20090213,0.0
20090214,0.0
20090215,0.0
20090216,0.0
20090217,0.0
20090218,0.0
20090220,0.0
20090221,0.0
20090222,0.0
20090223,0.0
20090224,0.0
20090225,0.0
20090228,0.0
20090301,0.0
20090302,0.0
20090303,0.0
20090305,0.0
20090306,0.0
20090308,0.0
20090309,0.0
20090310,0.0
20090312,0.0217904999843
20090313,0.0169325475666
20090314,0.00200902935176
20090315,3.03286603187e-05
20090316,0.144068225156
20090317,0.00254537506929
20090318,5.89047249679e-07
20090319,1.04071955558e-08
20090320,0.0
20090321,0.0
20090322,0.0
20090323,0.0
20090324,0.0214169109818
20090325,0.000378390679363
20090326,0.0
20090327,0.0
20090328,0.196505546946
20090329,1.33759193564
20090330,0.822917833432
20090331,1.61069039299
20090401,0.0384019592955
20090402,0.363671281828
20090403,0.00642210551041
20090404,0.0
20090405,0.0
20090406,4.06412989694
20090407,2.88999824883
20090408,0.0774938523752
20090409,0.10471737399
20090410,0.343385466427
20090411,0.357414618024
20090412,0.399253789216
20090413,0.690046053106
20090414,0.205061688998
20090415,0.850353595029
20090416,0.014963672128
20090417,0.0278119083149
20090418,0.949161937047
20090419,0.0495161372602
20090420,3.65069081865
20090421,0.353497461536
20090422,2.03204419696
20090423,0.904615271526
20090424,0.583492156129
20090425,0.319122895459
20090426,2.79476274869
20090427,1.02276164103
20090428,0.359202389314
20090429,0.167426992694
20090430,0.0563701903865
20090501,0.00653676588907
20090502,0.34829603209
20090503,0.212707013154
20090504,0.0644147066661
20090505,0.00107359230574
20090506,0.526524387714
20090507,0.123836690887
20090508,0.00202357122874
20090509,0.0
20090510,1.05868859589
20090511,0.0303340690867
20090512,0.184066652836
20090513,0.332206537707
20090514,0.624308577751
20090515,0.0125621259196
20090516,0.00796213073579
20090517,1.05053084961
20090518,0.0193826269177
20090519,0.0160507418855
20090520,0.785918462492
20090521,0.331440484581
20090522,0.00869490298458
20090523,0.0181763891913
20090524,0.000320174824984
20090525,0.0
20090526,0.0
20090527,0.180701139684
20090528,0.03436161102
20090529,0.0122837159783
20090530,0.0425419064517
20090531,0.000747961253577
20090601,0.0
20090602,0.019216260174
20090603,0.000489367231596
20090604,2.64765702713e-06
20090605,3.07930749937
20090606,0.0544047248229
20090607,0.0886643030531
20090608,0.176525793456
20090609,0.0157693806898
20090610,0.000223996957859
20090611,0.0915744943206
20090612,0.00161792374716
20090613,0.00345430484491
20090614,0.0845213454271
20090615,0.0436691474815
20090616,0.231161593511
20090617,8.13683803866
20090618,0.143688460415
20090619,0.00507352076351
20090620,8.96381494952e-05
20090621,0.0
20090622,0.0
20090623,0.0
20090624,0.0
20090625,0.0
20090626,4.6709029683e-07
20090627,8.25247922757e-09
20090628,0.0
20090629,0.00893264862084
20090630,0.00029057777159
20090701,0.000326578666132
20090702,0.000701738263699
20090703,2.75971623071e-05
20090704,0.0318837286284
20090705,0.000563312016833
20090706,0.000127541109684
20090707,2.25337697177e-06
20090708,0.0666034322445
20090709,0.20992802625
20090710,0.435879460122
20090711,0.0175840679699
20090712,0.0491959175757
20090713,0.0965037989568
20090714,0.00728707745939
20090715,9.88933882068e-05
20090716,0.0
20090717,0.0247203473356
20090718,0.000436755215209
20090719,0.16651830813
20090720,0.0116467337816
20090721,0.00324470240794
20090722,0.0546068513166
20090723,0.000963820539506
20090724,0.00697131376686
20090725,0.0101492840829
20090726,0.000177139843228
20090727,0.0035517417904
20090728,9.08668136599e-05
20090729,4.96734888028e-07
20090730,0.0
20090731,0.0
20090801,0.0
20090802,0.0
20090803,0.00180533396945
20090804,0.00466150354217
20090805,0.0598364056048
20090806,0.00105573513086
20090807,0.18509846081
20090808,0.312185772679
20090809,0.00545787041403
20090810,0.00297688275546
20090811,8.82074578698e-05
20090812,0.0243682929514
20090813,0.000430524122152
20090814,0.00123128366783
20090815,0.00906776660722
20090816,0.135106888615
20090817,0.00238422386381
20090818,0.00677647767352
20090819,0.000478303285344
20090820,0.00391728830135
20090821,0.058466246902
20090822,0.00103175212
20090823,0.0348930808331
20090824,0.285172302759
20090825,0.00716308161594
20090826,0.526583626493
20090827,0.109806330665
20090828,0.00177567824261
20090829,0.0
20090830,0.0
20090831,0.154426656682
20090901,0.0033956676446
20090902,0.044068406551
20090903,0.0633873679688
20090904,0.00651850015822
20090905,9.56242696704e-05
20090906,0.0
20090907,0.0
20090908,0.0
20090909,0.0
20090910,0.0
20090911,0.0
20090912,0.0
20090913,0.0
20090914,0.0
20090915,0.0
20090916,0.0
20090917,0.0
20090918,0.00319040653302
20090919,0.0919424067123
20090920,0.0770977743403
20090921,0.0468464954672
20090922,0.0342222275881
20090923,0.0102490453462
20090924,0.000170646971919
20090925,0.0
20090926,0.0
20090927,0.0
20090928,0.018364819236
20090929,0.000324466715787
20090930,0.0
20091001,0.0
20091002,0.000151996948214
20091003,0.0418632814252
20091004,0.0152635444097
20091005,0.000486226296047
20091006,2.29800373556e-05
20091007,0.108638319386
20091008,0.041770258332
20091009,0.000704078707557
20091010,0.0141325757175
20091011,4.8559603879
20091012,0.0857899374917
20091013,0.0
20091014,0.0
20091015,1.69712113706
20091016,13.768118135
20091017,2.80183467299
20091018,1.27564930029
20091019,1.96330136376
20091020,2.43138571692
20091021,0.396947155207
20091022,0.00626494474569
20091023,0.205615250316
20091024,0.475158310018
20091025,0.320058759952
20091026,0.382297288808
20091027,0.7773512982
20091028,1.32478174644
20091029,1.47001064035
20091030,0.378325576404
20091031,2.05307750857
20091101,1.34833184451
20091102,13.6333395274
20091103,3.26561113906
20091104,1.95005901286
20091105,1.21695742309
20091106,1.00112608926
20091107,0.106079026374
20091108,0.00156821038931
20091109,0.0222376690963
20091110,0.136528630322
20091111,0.00240522493545
20091112,0.0
20091113,0.0
20091114,0.0
20091115,0.0
20091116,0.0
20091117,0.0755291126769
20091118,0.0444728613835
20091119,0.0820567164963
20091120,0.0208844247234
20091121,0.000343606462875
20091122,0.00253827454138
20091123,1.09533909684
20091124,1.19608016137
20091125,1.13955491269
20091126,0.250626088021
20091127,0.0329625561481
20091128,2.44456988426
20091129,1.07260345552
20091130,0.0192892882717
20091201,0.106365534395
20091202,0.840768826882
20091203,6.57611103826
20091204,7.28158960597
20091205,0.189052032551
20091206,0.158831852778
20091207,0.00437694978911
20091208,0.0521070201768
20091209,1.25527633102
20091210,0.851195245075
20091211,1.77459006756
20091212,1.57239964077
20091213,0.45974204205
20091214,0.169181761238
20091215,0.126494229926
20091216,0.016910257465
20091217,0.0655061530105
20091218,0.00115275604279
20091219,0.0
20091220,0.0
20091221,0.0
20091222,8.57962735662e-07
20091223,0.204798760996
20091224,2.25158146129
20091225,0.154945483173
20091226,2.16093921916
20091227,1.25646770318
20091228,1.16722844197
20091229,0.0525654468865
20091230,0.126072583056
20091231,0.0590072052275
20100101,0.0278313360674
20100102,0.48007514312
20100103,0.142939475403
20100104,0.280565162634
20100105,0.0248183323982
20100106,0.000351648815809
20100107,0.0170348017424
20100108,0.00228307018894
20100109,0.000763464681602
20100110,0.01824051561
20100111,0.382151210827
20100112,0.110615395236
20100113,0.00183514650478
20100114,0.0
20100115,0.0
20100116,0.00116523574148
20100117,0.00119482382367
20100118,0.0145181664552
20100119,0.000256138151487
20100120,0.00398073287593
20100121,0.00337355589571
20100122,5.83608656466e-05
20100123,0.0
20100124,0.0
20100125,0.0
20100126,0.0
20100127,0.0
20100128,0.0
20100129,0.0
20100130,0.0
20100131,0.0
20100201,0.0
20100202,0.0
20100203,0.0
20100204,0.0
20100205,0.0
20100206,0.000851032407666
20100207,0.41248919152
20100208,0.148459216681
20100209,0.00249419931296
20100210,0.0
20100211,0.0
20100212,0.0
20100213,0.0519837490163
20100214,0.391847537491
20100215,0.0280606195042
20100216,0.000400666858439
20100217,1.61579963354
20100218,0.0298944685593
20100219,0.483161688279
20100220,0.218073673548
20100221,0.0961851658313
20100222,0.0958185697201
20100223,0.00979364190266
20100224,0.083554416954
20100225,0.00147368882499
20100226,0.0970325227692
20100227,1.13488854783
20100228,0.0660596765055
20100301,5.23137061289
20100302,5.64092316374
20100303,2.36465085572
20100304,0.0664573251747
20100305,0.000818237369378
20100306,0.589195150754
20100307,7.47411686115
20100308,2.52153099463
20100309,0.919597425768
20100310,0.385286253905
20100311,0.00653330198179
20100312,0.0504931720052
20100313,0.00179491141539
20100314,2.14472038562e-05
20100315,0.000712890043794
20100316,2.35494321445
20100317,0.221105174104
20100318,0.00328671746043
20100319,0.0299143572095
20100320,1.51180270477
20100321,22.1366077406
20100322,0.475857449631
20100323,0.165057417821
20100324,0.0954368632426
20100325,4.34394899791
20100326,0.636672736818
20100327,0.0531751613516
20100328,0.0247818135366
20100329,1.65502972559
20100330,0.24927494961
20100331,0.0113833195311
20100401,13.6131206974
20100402,1.43852342617
20100403,6.50836382959
20100404,0.650217284551
20100405,0.455918363932
20100406,1.02631814175
20100407,0.0346379749646
20100408,1.45074636482
20100409,0.0879787507109
20100410,0.159641359315
20100411,0.153283582384
20100412,0.327137597065
20100413,0.220803447324
20100414,0.15834156197
20100415,0.843445912998
20100416,1.86860976254
20100417,0.483049999313
20100418,10.1092767753
20100419,0.430021173388
20100420,0.0570826252135
20100421,0.238336429508
20100422,0.00493437490804
20100423,0.00177193411078
20100424,0.0180407232022
20100425,0.0616243431595
20100426,0.787530923045
20100427,0.792988058111
20100428,0.0916049639381
20100429,0.106704801485
20100430,4.02542951869
20100501,0.133526985226
20100502,0.831692283288
20100503,0.0146747190753
20100504,0.000136850166681
20100505,0.0401784205036
20100506,0.188655346059
20100507,1.01788030436
20100508,0.0307715770129
20100509,0.0672026529086
20100510,0.0343638151107
20100511,0.706372461528
20100512,5.07547171707
20100513,0.75168912806
20100514,3.12726605052
20100515,0.5723546029
20100516,0.00951908493594
20100517,0.053889301973
20100518,0.049662508635
20100519,0.000951352162707
20100520,0.000771625662811
20100521,1.36046357888e-05
20100522,0.0
20100523,0.00267400582247
20100524,0.000229895599513
20100525,0.169988168056
20100526,0.00545970714302
20100527,4.33999913078e-05
20100528,0.0
20100529,0.270575174164
20100530,0.470698433048
20100531,0.0607947438479
20100601,0.000928674580112
20100602,0.0
20100603,0.000379506275855
20100604,0.559742577805
20100605,0.210027466634
20100606,0.0232898387057
20100607,0.0638144738133
20100608,0.00112129796928
20100609,0.365918262898
20100610,0.00676035415821
20100611,0.0426010042894
20100612,0.00162113207028
20100613,0.00260847027788
20100614,0.00520911894148
20100615,0.055388125904
20100616,0.0141313913194
20100617,0.244132137673
20100618,0.358926007907
20100619,0.613561123273
20100620,0.0240692167296
20100621,0.000814168425594
20100622,1.02205981361e-05
20100623,7.11770231741e-06
20100624,0.150581791362
20100625,0.00274180738383
20100626,0.12534068122
20100627,0.00221447423454
20100628,0.0
20100629,0.0
20100630,0.000571824928013
20100701,1.2025178356
20100702,0.595385643265
20100703,0.0143645273725
20100704,0.000223595857723
20100705,2.63294964636e-06
20100706,0.000154110264182
20100707,2.72279625891e-06
20100708,0.016609298468
20100709,0.00538369356755
20100710,0.00249589873335
20100711,0.00061328646071
20100712,1.00844205298e-05
20100713,0.0
20100714,0.0
20100715,0.0
20100716,0.0197995645738
20100717,0.0173280227691
20100718,0.00300970838389
20100719,2.08185918324
20100720,0.0389896729631
20100721,0.278676070123
20100722,0.346038913801
20100723,0.0332328789671
20100724,0.00817486779746
20100725,0.361281351393
20100726,2.04303845675
20100727,0.625626943169
20100728,0.031435954172
20100729,0.0215216849575
20100730,0.00497915225089
20100731,0.174819263779
20100801,0.0125778960768
20100802,0.0427559669849
20100803,0.000752443272915
20100804,0.0
20100805,0.0
20100806,0.00287358612742
20100807,5.07700875045e-05
20100808,0.0
20100809,0.000393281216906
20100810,6.94843098384e-06
20100811,0.00544387402726
20100812,0.038554569725
20100813,0.00316767742
20100814,0.00411541286041
20100815,7.19337662932e-05
20100816,0.00172380238763
20100817,3.04558707189e-05
20100818,0.0141835955169
20100819,0.000493447888866
20100820,0.00011798446615
20100821,0.00489108068821
20100822,0.0116010197616
20100823,0.039833640686
20100824,0.00485054925464
20100825,0.176375917183
20100826,0.0758586737558
20100827,0.0138450760034
20100828,0.373711749346
20100829,0.550531666577
20100830,0.230214285774
20100831,0.00470850574579
20100901,0.000343671564312
20100902,0.00925264847974
20100903,0.0190450787392
20100904,0.057703796676
20100905,0.00648412740293
20100906,0.000133233375476
20100907,6.46308845403e-07
20100908,2.53138691349e-05
20100909,4.47241502015e-07
20100910,2.21291819113e-05
20100911,5.46295323534e-05
20100912,0.00627643926429
20100913,0.00931642494983
20100914,0.000162642249466
20100915,0.010720948787
20100916,0.000217776788304
20100917,0.00148361046029
20100918,0.00980389440742
20100919,0.000578547001508
20100920,0.000273852716221
20100921,1.62528303335e-05
20100922,9.42416349675e-05
20100923,1.66144400679e-06
20100924,0.0
20100925,0.00567305594321
20100926,0.087143680665
20100927,0.00153787006975
20100928,0.0469808784993
20100929,0.00111807950314
20100930,0.0278490420953
20101001,0.000491942634145
20101002,0.0
20101003,0.00195126868663
20101004,0.00316960078009
20101005,5.60743056549e-05
20101006,0.000112180122172
20101007,0.00577418056023
20101008,0.000102488496206
20101009,8.94340056557e-09
20101010,0.000251567308541
20101011,4.4446534183e-06
20101012,1.15504214858e-05
20101013,2.0407107718e-07
20101014,0.0
20101015,0.0
20101016,0.00355387348003
20101017,6.4468715359e-05
20101018,0.109645647121
20101019,0.0155685787188
20101020,0.000242215661014
20101021,0.0618016701669
20101022,0.0274057302177
20101023,0.0758887899285
20101024,0.796389889468
20101025,3.18679972416
20101026,0.36044990667
20101027,0.0100711257843
20101028,0.0170486117056
20101029,0.000350865403334
20101030,9.03147772997e-07
20101031,0.256278134648
20101101,0.0355765007625
20101102,0.908870360798
20101103,0.228066700311
20101104,2.02646694109
20101105,2.23857140044
20101106,0.960737599384
20101107,0.776989652148
20101108,15.2115816216
20101109,0.968311572252
20101110,2.39078694162
20101111,2.83401834221
20101112,1.0450828504
20101113,0.370623175448
20101114,0.444721936462
20101115,0.299567935378
20101116,1.79973365728
20101117,0.217743906075
20101118,0.487934276693
20101119,0.166814253526
20101120,0.0240052211586
20101121,0.00037472187229
20101122,0.0
20101123,0.0519099550318
20101124,0.000928063666785
20101125,1.49611066601
20101126,2.0825850087
20101127,0.123474279795
20101128,0.00254359101476
20101129,1.77367482488e-05
20101130,0.000288728534521
20101201,5.1012118436e-06
20101202,0.413405785081
20101203,0.00730812256425
20101204,0.0057557547012
20101205,0.000101690482362
20101206,0.0182826304535
20101207,0.230913903556
20101208,0.414723590084
20101209,0.174752616762
20101210,0.194385415564
20101211,1.80474532134
20101212,1.05586088989
20101213,0.142365671929
20101214,0.00767918439559
20101215,0.00619750354178
20101216,0.000169597548711
20101217,0.000136033055374
20101218,0.000198220618206
20101219,3.46000941145e-06
20101220,0.0
20101221,0.0
20101222,0.00199670534579
20101223,0.000521481721182
20101224,0.00065948526783
20101225,0.00576825154415
20101226,0.00291346478799
20101227,0.0215453368355
20101228,0.0437614623099
20101229,0.00934310383959
20101230,0.000189950476546
20101231,0.011200631923
20110101,0.00240482194408
20110102,0.00339319723174
20110103,5.92615766869e-05
20110104,0.0
20110105,0.000740951967476
20110106,0.00566497294682
20110107,0.00117546650113
20110108,0.00012972796434
20110109,0.000674308087167
20110110,0.344044742889
20110111,0.0172668284316
20110112,0.0320287364376
20110113,0.0027554111215
20110114,0.00978288634605
20110115,0.00127628077832
20110116,0.000149183699818
20110117,0.00462205446448
20110118,0.000274983378696
20110119,0.0173935130731
20110120,0.000307245539932
20110121,0.0196725159657
20110122,0.00037624776799
20110123,0.0116236447616
20110124,3.33561384218
20110125,0.0983025749908
20110126,0.00392130806111
20110127,0.00982209146998
20110128,0.0095735683859
20110129,0.000166096095365
20110130,9.35418431597e-05
20110131,0.0421584564642
20110201,0.00148757333579
20110202,0.011163277431
20110203,0.00630606000135
20110204,0.000107933934347
20110205,0.0
20110206,0.00515048627971
20110207,0.0316971715617
20110208,0.0361820652976
20110209,0.037786890733
20110210,0.0521509705311
20110211,0.0246102175226
20110212,0.00885334002835
20110213,0.0460368399911
20110214,0.627316973944
20110215,0.305128198667
20110216,2.65041415719
20110217,0.161847769442
20110218,0.00656865714441
20110219,0.0185340547302
20110220,0.000423284213834
20110221,1.71807409338e-06
20110222,0.0
20110223,0.016569444874
20110224,0.00499315178897
20110225,0.00448998325029
20110226,0.000416800671716
20110227,0.0011163038471
20110228,0.0143339958311
20110301,0.000252904207639
20110302,0.00115054331655
20110303,0.0121060678953
20110304,0.00284608184794
20110305,0.000224019191565
20110306,0.00381727135454
20110307,6.73875395879e-05
20110308,0.000468892520182
20110309,8.28432061911e-06
20110310,0.0
20110311,0.000270170314795
20110312,0.00236829686821
20110313,0.00815181929791
20110314,0.00228115237116
20110315,0.00187864630499
20110316,0.0206200270988
20110317,0.220794517785
20110318,0.179913170255
20110319,0.614625509645
20110320,0.053760551999
20110321,0.076397308536
20110322,0.00353431221608
20110323,0.000613828367759
20110324,0.391013570992
20110325,0.215687868843
20110326,0.0162355700712
20110327,0.00213687037657
20110328,0.0133054319986
20110329,0.0376251677522
20110330,0.161293043114
20110331,0.130626459172
20110401,0.0442970348149
20110402,0.0100449889057
20110403,0.0113089078967
20110404,1.70739492519
20110405,0.163084039691
20110406,0.185967891243
20110407,0.00518495549185
20110408,0.642626138897
20110409,0.0154230208406
20110410,0.673809592357
20110411,0.0179507126617
20110412,0.0153737790586
20110413,0.107408084594
20110414,1.51713349523
20110415,0.354327610566
20110416,5.69658275829
20110417,1.75642073258
20110418,0.104533127598
20110419,0.0303144950314
20110420,0.0253368039414
20110421,0.518496562256
20110422,0.248409803082
20110423,1.05687102589
20110424,0.0315202552352
20110425,0.156178736071
20110426,0.162447942542
20110427,0.1774162246
20110428,0.46198831889
20110429,2.7470607778
20110430,0.217974660524
20110501,0.129299320246
20110502,0.167731431458
20110503,0.0977208343015
20110504,0.24820046421
20110505,0.642269006232
20110506,0.448533920306
20110507,0.246151827038
20110508,0.794911275595
20110509,0.533455473051
20110510,0.273354539506
20110511,0.884609107733
20110512,0.0381589378376
20110513,0.0875634288141
20110514,0.01494282795
20110515,0.0269414341879
20110516,0.0641235866999
20110517,0.14485279271
20110518,0.00271357687356
20110519,0.364907036151
20110520,0.620931730879
20110521,0.2849416963
20110522,0.0692851684001
20110523,0.00491677209251
20110524,0.0249833940808
20110525,0.0160526104302
20110526,0.000275837224106
20110527,0.00027095926191
20110528,4.78726566129e-06
20110529,0.000161030340572
20110530,0.000738069259062
20110531,0.0159946516864
20110601,0.00267673616726
20110602,0.00180398462395
20110603,0.00070665120677
20110604,0.00933687392949
20110605,0.024247826949
20110606,0.00499182688809
20110607,0.00340570583445
20110608,0.000110220338161
20110609,0.000275677134025
20110610,0.00896727452304
20110611,0.0185920563943
20110612,0.120051037758
20110613,0.0234384872731
20110614,0.110819619674
20110615,0.155429053612
20110616,0.00624535499514
20110617,0.00012189637057
20110618,0.000210331556249
20110619,0.00115066984158
20110620,0.0219480547721
20110621,0.00547353230447
20110622,0.0268309731543
20110623,0.000472457740546
20110624,0.00276757559779
20110625,0.0004290540686
20110626,0.0170708628381
20110627,0.0176212527058
20110628,0.00672933411403
20110629,0.000722031384379
20110630,0.000153470697503
20110701,0.00199322306627
20110702,0.0119914557167
20110703,0.007357270302
20110704,0.00171888891915
20110705,0.000152187851815
20110706,0.000104245682798
20110707,1.8030743994e-06
20110708,0.000393877123329
20110709,6.95895885944e-06
20110710,0.0
20110711,0.000106686177067
20110712,1.88491466591e-06
20110713,0.000683116158673
20110714,0.00730301852686
20110715,0.00471358695663
20110716,0.0019283739218
20110717,3.26390647221e-05
20110718,0.00136631978268
20110719,0.013110026397
20110720,0.00574678132086
20110721,0.0199635990271
20110722,0.00116073719151
20110723,0.00386402368552
20110724,0.0852398263258
20110725,0.129820322834
20110726,0.211076699977
20110727,0.0239541339794
20110728,0.00837159349526
20110729,0.00634828595093
20110730,0.000879192208769
20110731,0.0418778182949
20110801,0.305879136406
20110802,0.00745483988496
20110803,0.000628793095721
20110804,1.04652330687e-05
20110805,0.0495291097802
20110806,0.0295487312038
20110807,0.0642662779826
20110808,0.217087931231
20110809,0.0734263448622
20110810,0.247860521229
20110811,0.529916276707
20110812,0.174038349673
20110813,0.0391326328018
20110814,0.0640646330889
20110815,0.00297927946993
20110816,0.166913587207
20110817,0.0424771341267
20110818,0.00562660108439
20110819,0.00185253945329
20110820,0.00176920248489
20110821,0.000442067638782
20110822,0.00838749137914
20110823,0.00144154370802
20110824,0.000717497655255
20110825,0.000966565192235
20110826,0.00916690404879
20110827,0.0194974182013
20110828,0.0317684539172
20110829,0.00269019250074
20110830,3.7719937482e-05
20110831,0.0140568018912
20110901,0.0084657623044
20110902,0.0118704039453
20110903,0.0783417510362
20110904,0.225142476141
20110905,0.252701140037
20110906,0.120373321634
20110907,0.00730731111388
20110908,0.00393722946113
20110909,0.0355069951911
20110910,0.00801706974804
20110911,0.499737630481
20110912,0.224544713035
20110913,0.0156803569013
20110914,0.0062575817155
20110915,0.110240105151
20110916,0.0674559270273
20110917,0.0130723501857
20110918,0.010053182169
20110919,0.0443567759772
20110920,0.0109929277932
20110921,0.000217249030526
20110922,0.000101352472156
20110923,0.000538267489293
20110924,0.976268379701
20110925,0.0626826111998
20110926,0.00131575521389
20110927,0.0142277091573
20110928,0.0141791712555
20110929,0.0198450745536
20110930,0.520299737238
20111001,0.038580128673
20111002,0.0888118944228
20111003,0.126895444511
20111004,0.00570499446275
20111005,0.0014500818174
20111006,0.00217019513213
20111007,0.18842253573
20111008,0.0130479136398
20111009,0.0129189374182
20111010,0.000225215829279
20111011,0.251169225941
20111012,0.164581314371
20111013,0.45825849738
20111014,5.83353488157
20111015,1.97693815376
20111016,0.631651118664
20111017,0.0145593387783
20111018,0.537888825094
20111019,1.87763203991
20111020,0.281689999991
20111021,0.555118302633
20111022,0.0482969283686
20111023,0.120558089033
20111024,0.0111755568527
20111025,0.246003929702
20111026,0.00489361898235
20111027,1.35394457081
20111028,1.16634881904
20111029,1.30994143954
20111030,0.0428260667748
20111031,0.00162095305059
20111101,2.2383567912e-05
20111102,0.293650750463
20111103,0.459091185279
20111104,1.02174577462
20111105,0.0190702569615
20111106,0.00509916075806
20111107,2.09584989687
20111108,1.57186084971
20111109,1.01035051492
20111110,0.744215264516
20111111,0.144533670649
20111112,1.77978695706
20111113,3.31088477877
20111114,3.39684024332
20111115,0.436205753489
20111116,4.02187753825
20111117,1.31244895211
20111118,0.217824400801
20111119,3.80767181425
20111120,6.20700056943
20111121,0.188626262959
20111122,0.835841239867
20111123,0.0365130837629
20111124,9.18538892855
20111125,6.07587094884
20111126,5.24959109208
20111127,0.109681357419
20111128,3.14213154108
20111129,1.38397013332
20111130,0.369110305273
20111201,0.142937451132
20111202,4.61930990937
20111203,2.21798118856
20111204,1.36729694909
20111205,0.0836349543125
20111206,0.0202015236764
20111207,0.810655885354
20111208,0.126612081871
20111209,0.00234219851986
20111210,6.32825217112e-06
20111211,0.0
20111212,0.0
20111213,0.0553516988709
20111214,0.0143317570985
20111215,0.0010920159413
20111216,0.1812065923
20111217,0.0849675117601
20111218,0.645228003796
20111219,0.0381614039273
20111220,0.00047327096132
20111221,0.000185645759428
20111222,0.224596831816
20111223,0.0186044544362
20111224,0.000258593119434
20111225,0.0
20111226,0.00169473110846
20111227,1.00738178152
20111228,0.0993191021132
20111229,0.437899183149
20111230,0.0532840535095
20111231,0.00910805438472
20120101,0.000146694034823
20120102,0.0
20120103,0.0
20120104,0.0
20120105,0.0
20120106,0.146935950019
20120107,0.00259604152269
20120108,0.0
20120109,0.0
20120110,0.0501865058752
20120111,1.09674677123
20120112,0.91344974271
20120113,0.131296607423
20120114,0.00204063606309
20120115,0.0
20120116,0.0
20120117,0.052469653269
20120118,0.0511856772517
20120119,0.000887962006685
20120120,0.00485393358451
20120121,8.5758535309e-05
20120122,0.00278987539456
20120123,0.0262999657268
20120124,0.0152496197751
20120125,0.00244039748348
20120126,0.00106699531619
20120127,1.81712736079e-05
20120128,0.0
20120129,0.0441651950526
20120130,0.00458073006731
20120131,0.00647504266589
20120201,0.000113213727141
20120202,0.0
20120203,0.0
20120204,0.0
20120205,0.0
20120206,0.0
20120207,0.0
20120208,0.0
20120209,0.0
20120210,0.000799368774876
20120211,7.41339895529e-05
20120212,0.00793659759934
20120213,0.00446735059712
20120214,0.00136739015179
20120215,2.28081097012e-05
20120216,0.51455834032
20120217,0.0620262033545
20120218,0.00407810000126
20120219,9.223912205e-05
20120220,6.48616728119e-07
20120221,0.0528776168811
20120222,0.190540772068
20120223,0.00379160648589
20120224,0.000144430754413
20120225,2.41391166225e-06
20120226,0.0293016094798
20120227,0.0591655554652
20120228,0.333836217976
20120229,0.0272299390897
20120301,0.000377209901749
20120302,6.82511970265e-05
20120303,0.0167929736475
20120304,0.00524964140758
20120305,0.125592227854
20120306,0.472895626361
20120307,0.0106548672116
20120308,0.568545060495
20120309,0.0505277034705
20120310,0.0144887848539
20120311,0.000843898879105
20120312,0.0114082756821
20120313,0.000201372179532
20120314,0.0
20120315,0.0
20120316,0.0107842040323
20120317,0.000190533619876
20120318,0.0039696723866
20120319,0.00211357880447
