20010102,2.06708053436
20010103,0.575889306351
20010104,1.44752888487
20010105,0.743975484796
20010106,3.01618465166
20010107,0.911947405542
20010108,2.03307250816
20010109,1.03579273266
20010110,1.1968382561
20010111,1.1488776784
20010112,2.81920287845
20010113,6.02425086211
20010114,0.203332108538
20010115,0.0848555922818
20010116,4.83512703358
20010117,8.35687878246
20010118,2.57782332401
20010119,3.2043624101
20010120,3.08942649545
20010121,2.84153336095
20010122,3.55718092141
20010123,3.50960727253
20010124,2.69163043162
20010125,3.60070905828
20010126,4.63511900429
20010127,2.46626508132
20010128,1.39918871837
20010129,1.28780874864
20010130,0.2385169062
20010131,0.173623692957
20010201,4.03189197798
20010202,1.66397127611
20010203,0.0401559077981
20010204,0.808632129254
20010205,1.58986669457
20010206,2.53483872177
20010207,0.832028353066
20010208,5.34821139801
20010209,1.07326895027
20010210,0.0876933233685
20010211,0.38932081845
20010212,0.730759010921
20010213,0.236217316405
20010214,1.30996846604
20010215,0.0936121158765
20010216,0.0194901631085
20010217,0.259360615361
20010218,0.144068240917
20010219,0.0187077003255
20010220,0.116872726493
20010221,2.98628356576
20010222,0.277637115286
20010223,0.23567615803
20010224,1.79008103059
20010225,0.452422892328
20010226,0.184124216305
20010227,0.628578079296
20010228,0.860810924353
20010301,0.0848056462672
20010302,0.73163854277
20010303,0.549286634967
20010304,0.826973962096
20010305,5.2791495365
20010306,2.33467821872
20010307,1.64351884633
20010308,0.623690500076
20010309,1.71543318745
20010310,0.218987002067
20010311,0.225704480114
20010312,0.0649814026502
20010313,0.511055591644
20010314,0.420997631448
20010315,0.0283877539383
20010316,0.10353385888
20010317,0.248204634479
20010318,0.0448142015083
20010319,0.233631315818
20010320,0.0838580076514
20010321,0.0456938370671
20010322,0.0109498918645
20010323,0.818600679258
20010324,0.43831495709
20010325,1.16370925526
20010326,0.340456769733
20010327,0.448391070822
20010328,0.134464949111
20010329,1.79631190289
20010330,1.68373821876
20010331,2.30581016687
20010401,1.20302521893
20010402,1.75785286916
20010403,0.402925293501
20010404,0.211083784683
20010405,0.488819382722
20010406,0.753421750307
20010407,0.0131598789407
20010408,0.0257560785367
20010409,0.394982051213
20010410,0.652787537003
20010411,0.231823122808
20010412,0.071656813865
20010413,0.0724727020298
20010414,0.636390069598
20010415,0.0329136492078
20010416,2.42074349012
20010417,1.90973967769
20010418,2.34978605982
20010419,0.549342429069
20010420,2.61792004293
20010421,4.10265253886
20010422,0.803687889026
20010423,0.0986595863562
20010424,0.173484172737
20010425,0.112990238496
20010426,0.272799412179
20010427,0.083190936116
20010428,0.00138525590666
20010429,0.0
20010430,0.0228446331271
20010501,0.00040361542075
20010502,0.0
20010503,0.0
20010504,0.0
20010505,0.102099153338
20010506,0.0407161020285
20010507,0.072658910849
20010508,0.0466713455606
20010509,0.0433307965489
20010510,0.000751390129311
20010511,0.000455545883769
20010512,0.0514498831478
20010513,0.0026083230483
20010514,0.25267365194
20010515,0.00446366793051
20010516,0.0
20010517,0.0
20010518,0.0
20010519,0.0
20010520,0.0
20010521,1.65477713952
20010522,2.54845896767
20010523,1.40961176563
20010524,0.19762768969
20010525,0.0143444376403
20010526,0.000199273942141
20010527,0.0
20010528,0.00336234491737
20010529,0.833661888807
20010530,0.0147279592851
20010531,0.0
20010601,0.0
20010602,0.0
20010603,0.0
20010604,0.0
20010605,0.0
20010606,0.0274465166411
20010607,0.000484920746652
20010608,1.63301326835
20010609,0.0288518232453
20010610,0.0
20010611,0.0
20010612,0.0
20010613,0.0
20010614,0.0
20010615,0.0
20010616,0.0
20010617,0.0
20010618,0.0
20010619,0.0
20010620,0.0
20010621,0.191519207594
20010622,0.00339261860277
20010623,0.00718813768068
20010624,0.000126996114655
20010625,0.0
20010626,0.0
20010627,0.0
20010628,0.0
20010629,0.0
20010630,0.0
20010701,0.0
20010702,0.0
20010703,0.0
20010704,0.0
20010705,0.0
20010706,0.0
20010707,0.0
20010708,0.0
20010709,0.0
20010710,0.0
20010711,0.0
20010712,0.0
20010713,0.0
20010714,0.0
20010715,0.0
20010716,0.0
20010717,0.0
20010718,0.0
20010719,0.00621420975356
20010720,0.0080390357463
20010721,0.00493323565465
20010722,8.46845142422e-05
20010723,0.0
20010724,0.0
20010725,0.0
20010726,0.0
20010727,0.0
20010728,0.0
20010729,0.0
20010730,0.0
20010731,0.819810657985
20010801,0.245684764134
20010802,0.0054056256285
20010803,0.000761746596033
20010804,1.30461252731e-05
20010805,0.0
20010806,0.0
20010807,0.0
20010808,0.0
20010809,0.0
20010810,0.0
20010811,0.00182916166978
20010812,0.000552101962133
20010813,9.18347327401e-06
20010814,0.0
20010815,0.0
20010816,0.0
20010817,0.0
20010818,0.0
20010819,0.0
20010820,0.0
20010821,0.0
20010822,0.0
20010823,0.0
20010824,0.0
20010825,0.0
20010826,0.00414598274532
20010827,0.000274378252832
20010828,3.55349306523e-06
20010829,0.0
20010830,0.0
20010831,0.0
20010901,0.0
20010902,0.0
20010903,0.0
20010904,0.0
20010905,0.0
20010906,0.0
20010907,0.0
20010908,0.0
20010909,0.0
20010910,0.0
20010911,0.0
20010912,0.0
20010913,0.0
20010914,0.0
20010915,0.00644574885366
20010916,0.000113882485934
20010917,0.0
20010918,0.0
20010919,2.56822457029e-05
20010920,4.53750012049e-07
20010921,0.0
20010922,0.0
20010923,0.0
20010924,0.0
20010925,0.0
20010926,0.0
20010927,0.0
20010928,0.0
20010929,0.0
20010930,0.0
20011001,0.0
20011002,0.0
20011003,0.0
20011004,0.0
20011005,0.0376601390464
20011006,0.00125019200904
20011007,2.18213365135e-05
20011008,2.02983237198e-07
20011009,0.0
20011010,0.0
20011011,0.0
20011012,0.0
20011013,0.0184235902907
20011014,0.000325505125626
20011015,0.0
20011016,0.0
20011017,0.0
20011018,0.0
20011019,0.0
20011020,0.0592231884689
20011021,0.00104634600551
20011022,0.0
20011023,0.0
20011024,0.0
20011025,0.0
20011026,1.63944704397e-06
20011027,2.89654974903e-08
20011028,0.0016872078563
20011029,2.98093240561e-05
20011030,0.0056471604677
20011031,0.522201139345
20011101,0.231002440427
20011102,0.0312362300562
20011103,0.159781106021
20011104,0.00975252687446
20011105,0.000725696125098
20011106,2.1923557261e-05
20011107,1.99077830764e-07
20011108,0.0
20011109,0.00100291611118
20011110,1.77193602145e-05
20011111,0.0
20011112,0.0
20011113,0.0693988692648
20011114,0.0210102287407
20011115,0.00206611879728
20011116,1.42965051587
20011117,0.0935913733994
20011118,0.0319033435855
20011119,0.00299709361851
20011120,4.33703316651e-05
20011121,0.00196888543508
20011122,0.0124752433681
20011123,0.000219796070411
20011124,0.0
20011125,0.00272420298575
20011126,8.74331958689e-05
20011127,6.94388408379e-07
20011128,0.0
20011129,0.0
20011130,0.377443912052
20011201,0.227380391436
20011202,0.0137704188485
20011203,0.00577692008195
20011204,0.212552722265
20011205,0.15838342268
20011206,0.108532906441
20011207,0.00192478503539
20011208,0.00448785237926
20011209,0.0626106169035
20011210,0.0788861343612
20011211,1.18900957604
20011212,1.15471050139
20011213,0.235002009718
20011214,0.184167360978
20011215,0.293384153344
20011216,0.055941470112
20011217,0.0142200965265
20011218,0.00712592210742
20011219,0.150038431528
20011220,0.0242323178221
20011221,0.888489090743
20011222,0.262821861576
20011223,4.97225175383
20011224,2.97659798399
20011225,1.13382268031
20011226,1.85378098283
20011227,6.28640687779
20011228,0.411863430412
20011229,0.826833334438
20011230,4.06927212745
20011231,0.234140890672
20020101,5.76676186418
20020102,5.17406836769
20020103,5.76297586688
20020104,3.87714627176
20020105,0.912742170098
20020106,0.406266154286
20020107,0.960759999672
20020108,0.0811122048293
20020109,0.00441258369787
20020110,0.176250562683
20020111,0.209022521072
20020112,0.249097492279
20020113,4.72044161123
20020114,9.22924689505
20020115,2.59881613259
20020116,1.42244822851
20020117,0.828077237122
20020118,0.969666755104
20020119,5.62463007611
20020120,3.2074304297
20020121,0.835145834818
20020122,4.14198804309
20020123,15.1288449241
20020124,2.93493469493
20020125,0.731010277625
20020126,13.8443129069
20020127,6.14840872669
20020128,0.285622947771
20020129,2.1130299423
20020130,2.71572061232
20020131,8.21662638035
20020201,0.991527107682
20020202,0.2678908898
20020203,0.101786008428
20020204,0.0139432054855
20020205,0.0043813159086
20020206,0.148940855077
20020207,0.034664429817
20020208,0.628738269652
20020209,0.355451922396
20020210,0.670651994509
20020211,0.852828375872
20020212,0.995600892232
20020213,12.3636855834
20020214,0.807101728978
20020215,5.03020995192
20020216,1.06553769546
20020217,2.0080730007
20020218,2.30008054822
20020219,0.615723872354
20020220,0.668857440381
20020221,0.294523040335
20020222,1.64442014927
20020223,0.250311728223
20020224,0.00391071862384
20020225,0.0125842596274
20020226,0.0115537203481
20020227,0.30939753537
20020228,4.91737072994
20020301,0.667171477032
20020302,1.11485684021
20020303,2.86717833901
20020304,0.178017739665
20020305,0.231205941739
20020306,0.979760672305
20020307,7.06950843431
20020308,0.623439990422
20020309,6.12164023033
20020310,0.587643612843
20020311,2.22487997627
20020312,10.2802038653
20020313,1.10807588303
20020314,1.64930407206
20020315,0.383674911018
20020316,2.33347797274
20020317,0.348602489053
20020318,0.0253583508851
20020319,1.26559324625
20020320,3.06635843919
20020321,0.431305864063
20020322,1.61263549237
20020323,0.693766117529
20020324,0.67129154071
20020325,0.106302737924
20020326,5.33053619677
20020327,0.882003844454
20020328,2.69374935205
20020329,0.243617825649
20020330,3.89588853679
20020331,2.61139974313
20020401,1.41744036035
20020402,2.94567621846
20020403,3.33071231148
20020404,1.11066314054
20020405,1.00181526524
20020406,1.981677136
20020407,2.18246660731
20020408,0.602519133473
20020409,0.812708233631
20020410,1.94282105355
20020411,2.8264236104
20020412,1.92848085192
20020413,4.16131802673
20020414,0.561245130579
20020415,0.270090698538
20020416,0.301002663006
20020417,0.559471820206
20020418,0.769795441987
20020419,1.53794329331
20020420,0.805588338521
20020421,1.46500562934
20020422,0.541501927024
20020423,0.0277401728257
20020424,0.000329081461642
20020425,0.0
20020426,0.593326083483
20020427,6.98515300431
20020428,0.164822922487
20020429,0.136039462464
20020430,0.296985393671
20020501,2.36315178312
20020502,0.0639724751625
20020503,0.000394216158384
20020504,0.0
20020505,0.228945601168
20020506,0.00414772126831
20020507,0.000784850461152
20020508,9.62623150574e-05
20020509,1.45632044366e-06
20020510,0.0
20020511,0.0
20020512,0.0
20020513,0.0
20020514,0.0
20020515,0.0
20020516,0.0
20020517,0.0
20020518,0.0121103974807
20020519,0.000216666561219
20020520,0.183114267376
20020521,0.187193362086
20020522,0.00766392683242
20020523,7.79820376964e-05
20020524,0.0
20020525,0.0
20020526,0.0
20020527,0.0
20020528,0.0
20020529,0.00371473210584
20020530,6.56313092038e-05
20020531,0.0
20020601,0.0
20020602,0.0
20020603,0.0
20020604,0.0
20020605,0.0
20020606,0.0
20020607,0.0
20020608,0.0
20020609,0.0
20020610,0.0
20020611,0.0
20020612,0.0
20020613,0.0
20020614,0.0
20020615,0.0
20020616,0.0
20020617,0.0
20020618,0.0
20020619,0.0
20020620,0.0
20020621,0.0090420021917
20020622,0.449605362344
20020623,0.00794073600143
20020624,0.0
20020625,0.0
20020626,0.0
20020627,0.0
20020628,0.0
20020629,0.0
20020630,7.49057718437e-05
20020701,0.0476964406596
20020702,0.000842669891998
20020703,0.000715306386475
20020704,1.26379224189e-05
20020705,0.0
20020706,0.0
20020707,0.0
20020708,0.0
20020709,0.0
20020710,0.0
20020711,0.0
20020712,0.0
20020713,0.0
20020714,0.0
20020715,0.0
20020716,0.0
20020717,0.0
20020718,0.0
20020719,0.0
20020720,0.0
20020721,0.0
20020722,0.0
20020723,0.0
20020724,0.0
20020725,0.0
20020726,0.0
20020727,0.0
20020728,0.00356416297901
20020729,6.29710888364e-05
20020730,0.0
20020731,0.0
20020801,0.0
20020802,0.0
20020803,0.0
20020804,0.0
20020805,0.0
20020806,0.0
20020807,0.0
20020808,0.0
20020809,0.0
20020810,0.0
20020811,0.0
20020812,0.0
20020813,0.0
20020814,0.0
20020815,0.0
20020816,0.0
20020817,0.0
20020818,0.0
20020819,0.0
20020820,0.0
20020821,0.0
20020822,0.0
20020823,0.0
20020824,0.0
20020825,0.0
20020826,0.0
20020827,0.0
20020828,0.0
20020829,0.0
20020830,0.0
20020831,0.0
20020901,0.00558397373783
20020902,9.86567760227e-05
20020903,0.0
20020904,0.0
20020905,0.0
20020906,0.0
20020907,0.0
20020908,0.000556628899799
20020909,9.83443202758e-06
20020910,0.0
20020911,0.0
20020912,0.000931004212206
20020913,0.000672767278548
20020914,1.15957318151e-05
20020915,0.000445668343606
20020916,7.87399927647e-06
20020917,0.0
20020918,0.0
20020919,0.0
20020920,0.0
20020921,0.0
20020922,0.0
20020923,0.0
20020924,0.0188947143443
20020925,0.00033382889547
20020926,0.0
20020927,0.0
20020928,0.0
20020929,0.00269051466835
20020930,4.75355930432e-05
20021001,0.0
20021002,0.0193029592117
20021003,0.000341041699888
20021004,0.0
20021005,0.0
20021006,0.0
20021007,0.000723074870188
20021008,1.2775174825e-05
20021009,0.0
20021010,0.0
20021011,0.0
20021012,5.17465646563e-05
20021013,0.000527453709539
20021014,6.79705312806e-05
20021015,1.036532192e-06
20021016,0.0
20021017,0.0
20021018,0.0355029668017
20021019,0.000627260834901
20021020,0.0
20021021,0.0
20021022,1.24417388068
20021023,0.166257157756
20021024,0.184776939359
20021025,0.00321957397152
20021026,0.0400374330099
20021027,0.000777250657317
20021028,0.00188088574317
20021029,0.00588069944056
20021030,0.0212678157177
20021031,0.000373931107563
20021101,0.00168486181892
20021102,0.001935756322
20021103,0.128476920418
20021104,0.00260595597364
20021105,0.0348159003087
20021106,0.260528924538
20021107,0.36357452759
20021108,0.593483380103
20021109,0.215365239654
20021110,0.0527641321203
20021111,1.12468991517
20021112,0.0933356697558
20021113,5.38329517363
20021114,0.877736874125
20021115,0.310197372205
20021116,0.330946037662
20021117,0.0167187529162
20021118,0.000193713120178
20021119,0.0336819653293
20021120,0.000783420046746
20021121,0.00240033393117
20021122,0.0182460992321
20021123,0.00474412141181
20021124,0.01896188335
20021125,0.0883970622886
20021126,0.00683910898544
20021127,3.0695334551
20021128,0.0955123172372
20021129,0.000894582510011
20021130,0.0081265033869
20021201,0.000144886629282
20021202,0.383848610562
20021203,0.715447273423
20021204,0.774393838648
20021205,0.111686622658
20021206,0.0270764240568
20021207,0.000908064707379
20021208,0.0033553992518
20021209,0.00368019303669
20021210,0.01713127217
20021211,2.40936738766
20021212,3.66021994713
20021213,0.113515060014
20021214,0.0550330579028
20021215,0.244421363268
20021216,1.36554058194
20021217,0.0456899272406
20021218,0.029191218407
20021219,0.347579067624
20021220,1.03418692935
20021221,6.53649648055
20021222,1.67156887718
20021223,3.49875221673
20021224,2.2828895657
20021225,1.25289751426
20021226,6.38821699215
20021227,4.98754888513
20021228,7.16797322231
20021229,4.22409943063
20021230,1.47174321687
20021231,4.2975434813
20030101,20.4440518157
20030102,3.65993589394
20030103,2.43349845822
20030104,4.31569118829
20030105,3.96268377776
20030106,7.86945286784
20030107,6.83557950176
20030108,0.473412481671
20030109,0.559362703467
20030110,0.0507418597135
20030111,1.04022995985
20030112,2.69784945035
20030113,1.56262547191
20030114,0.853731561379
20030115,4.74347084254
20030116,2.97426423031
20030117,0.366110725975
20030118,0.124096908764
20030119,0.0255527273801
20030120,0.0559380922069
20030121,0.00232465708978
20030122,0.00235209887526
20030123,0.0365010360148
20030124,0.0244006991744
20030125,0.0249872062319
20030126,0.123337324066
20030127,0.0233479976613
20030128,0.78533589085
20030129,0.53272065415
20030130,1.82262291071
20030131,3.0540467214
20030201,0.703693282036
20030202,0.267210685308
20030203,0.260139234178
20030204,0.375874821644
20030205,0.396450196419
20030206,0.88350509189
20030207,4.91695839189
20030208,0.644633256278
20030209,1.58786208418
20030210,3.7829700425
20030211,11.704484134
20030212,4.01700228354
20030213,5.89590716059
20030214,5.03754080133
20030215,0.167096150132
20030216,3.07855545285
20030217,1.69892501366
20030218,0.348462890473
20030219,0.334679433457
20030220,0.262638762589
20030221,0.624056129308
20030222,0.0145387716461
20030223,0.00822462225145
20030224,0.0279509350232
20030225,0.416984580317
20030226,0.0644522320524
20030227,0.00100872251525
20030228,0.00319896368316
20030301,0.060823535844
20030302,0.0106496354435
20030303,0.0212292030454
20030304,0.00132107441614
20030305,0.00136768664154
20030306,0.00430940803412
20030307,0.0026599445498
20030308,0.217237170935
20030309,0.266277670413
20030310,0.281691410724
20030311,1.45981991437
20030312,2.31981612847
20030313,2.25333600392
20030314,1.04865995898
20030315,0.289595929962
20030316,0.00531295666417
20030317,0.153276940646
20030318,0.799035768961
20030319,0.018862955816
20030320,0.0114294221745
20030321,0.00154661492886
20030322,0.272572137967
20030323,0.301539307643
20030324,7.23013941527
20030325,1.56782978435
20030326,1.32391589425
20030327,1.17265680986
20030328,0.900488018376
20030329,3.88992306466
20030330,3.17004804816
20030331,1.33484871055
20030401,1.94222437787
20030402,3.20186162972
20030403,0.774583018448
20030404,5.49527820726
20030405,2.07350523057
20030406,0.715957552129
20030407,3.23671090331
20030408,0.489308065221
20030409,0.0665534961979
20030410,0.0861036347214
20030411,1.77264205772
20030412,0.508673183782
20030413,0.0987156464326
20030414,0.0657385781993
20030415,0.297570603469
20030416,0.0055767867613
20030417,0.0113211000947
20030418,0.000307568704529
20030419,0.00155822521563
20030420,0.0731063298035
20030421,0.00184622946718
20030422,0.000719640352471
20030423,0.719475116398
20030424,0.0250463952879
20030425,0.00359084099292
20030426,0.00363234678476
20030427,6.31228744994e-05
20030428,8.69015703184e-06
20030429,0.000443288458839
20030430,0.000168085628721
20030501,0.701905283509
20030502,0.555399371877
20030503,1.54303696845
20030504,0.74570268989
20030505,0.0126962896592
20030506,0.0119220295934
20030507,0.270625927998
20030508,0.00588463497185
20030509,1.95579462814e-05
20030510,0.0
20030511,0.0
20030512,0.0
20030513,0.0
20030514,0.0
20030515,2.87313990583
20030516,0.0507621880627
20030517,0.0
20030518,0.0
20030519,0.0
20030520,0.0
20030521,1.27408781625
20030522,0.0239251324877
20030523,1.50869070498
20030524,0.0266548722655
20030525,0.0
20030526,5.44851669954e-08
20030527,1.54716847807e-05
20030528,0.00227929696666
20030529,0.747568569749
20030530,0.0613674247216
20030531,1.77338625871
20030601,0.072079527281
20030602,0.000720188126241
20030603,0.0
20030604,0.0
20030605,0.0
20030606,0.0
20030607,0.0
20030608,0.0
20030609,0.0
20030610,0.00431088087175
20030611,0.0160446867996
20030612,0.0002821293189
20030613,0.0
20030614,0.0
20030615,0.0
20030616,0.0
20030617,0.0
20030618,0.0
20030619,0.0
20030620,0.0
20030621,0.0
20030622,0.0
20030623,0.0
20030624,0.0734057171805
20030625,0.00129692088767
20030626,0.0
20030627,0.0
20030628,0.0
20030629,0.0
20030630,0.0
20030701,0.0
20030702,6.8262086946e-06
20030703,0.0355659359788
20030704,0.000628371317698
20030705,0.0
20030706,0.00112680153405
20030707,0.000374651946905
20030708,6.26755725837e-06
20030709,0.0
20030710,0.0
20030711,0.0
20030712,0.0
20030713,0.0
20030714,0.00486622973565
20030715,0.00510036237108
20030716,8.85933972044e-05
20030717,0.000420805116408
20030718,7.43471580925e-06
20030719,0.0
20030720,0.0
20030721,0.000160354519957
20030722,2.8331176812e-06
20030723,0.0
20030724,0.0
20030725,0.0
20030726,0.0106955124567
20030727,0.000188966633788
20030728,0.0
20030729,0.0
20030730,0.0
20030731,0.0
20030801,0.0
20030802,0.0
20030803,0.0
20030804,0.0
20030805,0.0
20030806,0.0
20030807,0.0
20030808,0.0199819684322
20030809,0.000353038317118
20030810,0.00115904020043
20030811,2.0477740764e-05
20030812,0.0
20030813,0.0
20030814,0.0
20030815,0.0
20030816,0.0
20030817,0.0
20030818,0.0
20030819,0.0
20030820,0.0
20030821,0.0
20030822,0.00431802473125
20030823,0.0691019098693
20030824,0.17902391649
20030825,0.00314141987745
20030826,0.0167036378116
20030827,0.000295117326619
20030828,0.0
20030829,0.0
20030830,0.0
20030831,0.0
20030901,0.0
20030902,0.0
20030903,0.0
20030904,0.0
20030905,0.0
20030906,0.0
20030907,0.00119896840112
20030908,2.11831860491e-05
20030909,0.0
20030910,0.0
20030911,0.0
20030912,0.0
20030913,0.0
20030914,0.0
20030915,0.0299147763548
20030916,0.837044812616
20030917,0.0147814646763
20030918,2.28880193769e-06
20030919,3.98061139606e-08
20030920,4.06864405541e-07
20030921,7.18841436992e-09
20030922,0.0
20030923,1.70710622856e-05
20030924,3.01608890949e-07
20030925,0.0
20030926,0.0
20030927,0.0
20030928,0.0
20030929,0.0
20030930,0.00141053944255
20031001,2.49211946421e-05
20031002,0.0
20031003,0.0
20031004,0.0
20031005,0.0
20031006,0.0
20031007,0.0
20031008,0.0516762955832
20031009,0.000913008695504
20031010,0.0
20031011,0.0
20031012,0.0
20031013,0.0
20031014,0.0
20031015,0.0
20031016,0.0738546281287
20031017,0.822178115235
20031018,2.66399746647
20031019,0.502897333519
20031020,0.0288690726781
20031021,0.00036803905145
20031022,0.00229733217916
20031023,4.05888094427e-05
20031024,0.0
20031025,0.0
20031026,4.30777125905e-08
20031027,0.00475849031381
20031028,8.40722521723e-05
20031029,0.0744439373407
20031030,0.364361092196
20031031,0.00658522518992
20031101,3.02099203246e-06
20031102,0.0114622679474
20031103,0.000482676906628
20031104,4.94988217657e-06
20031105,0.000562667938303
20031106,9.94113120382e-06
20031107,0.817272000023
20031108,0.0144394344086
20031109,9.03903289666e-07
20031110,0.000455268281269
20031111,0.0319892005477
20031112,0.000565038108368
20031113,0.0
20031114,0.0
20031115,0.0
20031116,0.000731842683982
20031117,0.0153519637769
20031118,0.0343642656076
20031119,0.0253025384158
20031120,0.00733727129003
20031121,0.0162319164455
20031122,0.000284628838556
20031123,0.0166105328293
20031124,0.0187677728055
20031125,1.08317673844
20031126,2.28908775772
20031127,0.197235297774
20031128,0.629650370784
20031129,0.263977166067
20031130,0.244930694224
20031201,0.0442167959704
20031202,0.73115081456
20031203,0.720749551838
20031204,1.12354943349
20031205,0.109580312803
20031206,0.304023904418
20031207,0.658438424392
20031208,0.0895343576902
20031209,0.0193424662427
20031210,0.00235181320207
20031211,0.314320021157
20031212,7.73918469549
20031213,1.80637842836
20031214,9.12601996643
20031215,4.17639279305
20031216,0.853791374273
20031217,2.39028941824
20031218,2.48386816618
20031219,0.533262168255
20031220,1.90731072711
20031221,0.0440457713882
20031222,0.085980099297
20031223,0.0146030755947
20031224,0.0548837318941
20031225,0.00109418529709
20031226,0.000577626244532
20031227,0.188873375166
20031228,1.78304159171
20031229,1.02127530866
20031230,0.469183809809
20031231,0.0106070870023
20040101,4.64063464972e-05
20040102,0.0386130060046
20040103,0.764604277269
20040104,8.03123188086
20040105,5.43959025454
20040106,0.468759366253
20040107,0.651597018475
20040108,0.134295673096
20040109,3.07624548062
20040110,1.5936318086
20040111,0.553415867533
20040112,0.557769865649
20040113,5.4585237582
20040114,11.0134611664
20040115,2.99557728059
20040116,2.95581228189
20040117,0.346071831909
20040118,2.98391637366
20040119,0.578147420042
20040120,0.25014031044
20040121,0.0263046392208
20040122,0.120982433663
20040123,2.54404434634
20040124,3.53209039801
20040125,0.485095122861
20040126,0.0124022456553
20040127,0.281357603608
20040128,0.593292654114
20040129,3.98399617064
20040130,6.29357646607
20040131,0.845888016646
20040201,9.38521893562
20040202,5.32232699743
20040203,0.366123639081
20040204,0.0197338557001
20040205,4.09489911064
20040206,4.66750451992
20040207,1.67748684053
20040208,1.89883322639
20040209,4.79336671606
20040210,1.26159334736
20040211,0.346200422578
20040212,0.0238710488997
20040213,0.361985303749
20040214,0.31354812863
20040215,0.159435311284
20040216,0.450367201923
20040217,0.138963149686
20040218,0.766185065958
20040219,0.020136723857
20040220,1.87363961382
20040221,2.0820474738
20040222,4.39041071786
20040223,0.349062181543
20040224,6.59519000845
20040225,0.162370902116
20040226,0.00421786318948
20040227,0.0695633214175
20040228,1.46018376798
20040229,0.578320156773
20040301,3.88764876788
20040302,1.87360028522
20040303,0.136455987361
20040304,0.0406587072253
20040305,0.00068571177942
20040306,0.127840674802
20040307,7.07683558948
20040308,1.12916292291
20040309,3.22832711893
20040310,1.52645618459
20040311,2.4784186695
20040312,8.93208763812
20040313,2.40977049509
20040314,0.568335737445
20040315,1.88516023126
20040316,0.481981183423
20040317,0.953370290907
20040318,0.19207334856
20040319,1.08603914333
20040320,1.02650081163
20040321,0.70350526514
20040322,0.120284122766
20040323,0.0410416014644
20040324,0.017319035562
20040325,0.00171376921582
20040326,1.03371325144
20040327,0.0507099891028
20040328,0.253552615958
20040329,0.586484078724
20040330,2.35072611175
20040331,1.94317409952
20040401,10.0662512607
20040402,3.47028763228
20040403,2.04577248034
20040404,0.911037256617
20040405,2.11516482784
20040406,2.41791451616
20040407,1.6037784215
20040408,0.603716776383
20040409,0.40964000956
20040410,0.971491875566
20040411,3.82862162774
20040412,2.44025691173
20040413,7.96750371001
20040414,0.8387979991
20040415,0.430898949758
20040416,0.0686102463134
20040417,2.32156472252
20040418,9.73311640865
20040419,3.44692672732
20040420,0.100878089454
20040421,1.89794266604
20040422,0.137319123684
20040423,0.135865780593
20040424,0.226088340537
20040425,0.094398888242
20040426,0.085729889838
20040427,0.0105473557085
20040428,0.262841066
20040429,0.00464100711423
20040430,0.0
20040501,0.0
20040502,0.0
20040503,0.0
20040504,0.0
20040505,0.0
20040506,0.0
20040507,0.0
20040508,0.0
20040509,0.0
20040510,0.0
20040511,0.0
20040512,0.0
20040513,0.0
20040514,0.0
20040515,0.00512936339874
20040516,9.0624780674e-05
20040517,0.0
20040518,0.0142931704128
20040519,0.000252529513613
20040520,0.0
20040521,0.0
20040522,0.024599972029
20040523,0.000434628429536
20040524,0.168935519057
20040525,0.00298472628273
20040526,0.00434809200535
20040527,0.115491981995
20040528,0.222875119793
20040529,0.00390169565664
20040530,0.0
20040531,0.0
20040601,0.0
20040602,0.0
20040603,0.0
20040604,0.0
20040605,0.0
20040606,0.0
20040607,0.0
20040608,0.0
20040609,0.0
20040610,0.0
20040611,0.0
20040612,0.0
20040613,0.0
20040614,0.0
20040615,0.0
20040616,0.0
20040617,0.0
20040618,0.0
20040619,0.0
20040620,0.0
20040621,0.0
20040622,0.0
20040623,0.0
20040624,0.0
20040625,0.0
20040626,0.0
20040627,0.0
20040628,0.000393982197609
20040629,4.10494536667e-05
20040630,6.02272779796e-07
20040701,0.0
20040702,0.0
20040703,0.0
20040704,0.0
20040705,0.0
20040706,0.0
20040707,0.0137508462002
20040708,0.000242947830926
20040709,0.000517804262388
20040710,9.14848572864e-06
20040711,0.440358678033
20040712,0.00778018825721
20040713,0.00490915920603
20040714,0.000237751977592
20040715,0.0173816914633
20040716,0.00030704987679
20040717,0.00251441733444
20040718,0.0418527606156
20040719,0.000738663121563
20040720,0.0
20040721,0.0
20040722,0.0
20040723,0.0
20040724,0.0
20040725,0.0
20040726,0.0
20040727,0.0
20040728,0.0
20040729,0.00305620351692
20040730,5.39965244402e-05
20040731,0.0
20040801,0.0
20040802,0.0
20040803,6.1238184071e-08
20040804,1.08194680067e-09
20040805,0.00118472474337
20040806,2.09315320776e-05
20040807,0.0
20040808,0.0
20040809,0.00298165371836
20040810,5.26793838971e-05
20040811,0.0
20040812,0.0
20040813,0.0
20040814,0.0
20040815,0.0
20040816,0.0
20040817,0.0
20040818,0.0
20040819,0.0
20040820,0.0
20040821,0.0
20040822,0.00259754225327
20040823,4.58929632798e-05
20040824,0.0
20040825,0.013309413488
20040826,0.000235148625641
20040827,0.0
20040828,0.0
20040829,0.0
20040830,0.0482726446645
20040831,0.880204815822
20040901,0.0461676518122
20040902,0.000541190808724
20040903,0.0279630907533
20040904,1.51462030572
20040905,0.0267560846879
20040906,0.0511666062616
20040907,0.0676786060146
20040908,0.00117976328183
20040909,0.0270860435665
20040910,0.000478552021411
20040911,0.0590043791717
20040912,0.00104248019987
20040913,0.0
20040914,0.0
20040915,0.000475945652327
20040916,2.06682013841e-05
20040917,1.21472965933e-05
20040918,0.00971040227368
20040919,0.000171558167915
20040920,0.0
20040921,0.00287473615596
20040922,0.171332367252
20040923,0.0175127808409
20040924,0.000255947054581
20040925,0.0422045533448
20040926,0.000745663522888
20040927,0.000839644885419
20040928,0.412797538109
20040929,0.00904413025288
20040930,0.0331076749266
20041001,0.000584394590385
20041002,0.0
20041003,0.0
20041004,0.0
20041005,0.0
20041006,0.0
20041007,0.24698493147
20041008,0.00436369135586
20041009,0.0
20041010,0.0
20041011,0.00159343094479
20041012,0.11450384169
20041013,6.00116645715
20041014,0.281601632199
20041015,0.00313518860621
20041016,5.74983339953e-07
20041017,0.286195474413
20041018,0.0174357753206
20041019,0.000242419810922
20041020,0.0775310743395
20041021,0.0568180696281
20041022,0.000979651355658
20041023,0.00179909765797
20041024,0.000342878026245
20041025,0.207297172875
20041026,0.00854722908596
20041027,0.00632187943876
20041028,0.00467045607706
20041029,0.34439352207
20041030,1.00033392225
20041031,0.0211844425752
20041101,0.0164988170318
20041102,0.0196329579652
20041103,0.00847789173536
20041104,0.00110543738521
20041105,1.6990967382e-05
20041106,0.306971619303
20041107,0.00621109926288
20041108,0.30969092284
20041109,0.005471530839
20041110,0.0446111253778
20041111,0.255549036646
20041112,0.0296025130464
20041113,0.000450972328491
20041114,0.0384176776363
20041115,0.022070419437
20041116,0.0150371257683
20041117,0.0401227966873
20041118,0.000704307375877
20041119,0.0
20041120,0.0
20041121,0.107381599931
20041122,0.198607791556
20041123,0.109603434709
20041124,0.352253648125
20041125,0.107810236298
20041126,1.59845998134
20041127,14.3652811176
20041128,4.05918884061
20041129,7.87975202214
20041130,3.33970718219
20041201,7.25003405588
20041202,5.2163649351
20041203,1.789297364
20041204,1.42604448614
20041205,0.0478971039542
20041206,1.70267276378
20041207,0.452778388216
20041208,0.585610352047
20041209,1.12370755735
20041210,1.10365626701
20041211,0.0255817933924
20041212,1.10456092444
20041213,1.41857536579
20041214,1.12533918186
20041215,2.45536871009
20041216,2.72391157353
20041217,2.73244275465
20041218,3.53319495599
20041219,0.408855075566
20041220,12.2298820107
20041221,7.32389960186
20041222,1.44371446746
20041223,4.37025716723
20041224,1.7803860553
20041225,0.359606017732
20041226,0.0891086072673
20041227,0.0664388332618
20041228,0.0440245485941
20041229,8.16018016468
20041230,4.51260683087
20041231,4.34200644931
20050101,1.64550774047
20050102,2.42896724746
20050103,0.647625725645
20050104,1.02660318953
20050105,0.566756328634
20050106,1.18381749169
20050107,3.56051058198
20050108,4.64607373299
20050109,0.256237035624
20050110,0.139601937663
20050111,0.154978301432
20050112,0.56858683149
20050113,3.0926974776
20050114,0.86093813773
20050115,2.56886801548
20050116,0.151035172211
20050117,0.436877136554
20050118,1.44910856131
20050119,0.381569008708
20050120,0.60817065111
20050121,0.156731376844
20050122,0.193611565761
20050123,0.0348335115294
20050124,0.0232731172366
20050125,0.151440026818
20050126,3.73055274827
20050127,3.78828915654
20050128,6.77321191024
20050129,2.33783514942
20050130,1.44304063547
20050131,1.44021725946
20050201,7.10402336019
20050202,0.565379914971
20050203,2.99436367945
20050204,0.751599744487
20050205,2.6135590091
20050206,4.34768277345
20050207,6.29948148892
20050208,0.595465691435
20050209,0.0584724570099
20050210,0.0939296434613
20050211,0.14420065724
20050212,0.00630683779445
20050213,0.00266556361176
20050214,1.03446996595
20050215,0.136298628441
20050216,0.0725079606447
20050217,0.0729116249978
20050218,0.542471735215
20050219,1.8579294826
20050220,6.32602653421
20050221,0.170792619203
20050222,0.310676217963
20050223,0.800386817488
20050224,0.925099453624
20050225,0.453065437859
20050226,0.463510440757
20050227,1.98945907707
20050228,4.51875038237
20050301,0.704689137936
20050302,6.31590152008
20050303,2.25434175496
20050304,8.50950673338
20050305,0.703200558115
20050306,7.51137889028
20050307,0.649265005443
20050308,0.00941891345443
20050309,0.475474243251
20050310,0.0917555451741
20050311,0.44887021056
20050312,0.289846155569
20050313,0.00691912186183
20050314,0.195519707819
20050315,0.064102172381
20050316,2.98215929365
20050317,1.70677138213
20050318,2.34446347295
20050319,0.655369771797
20050320,2.35268781981
20050321,2.35901763301
20050322,5.06141144024
20050323,3.83713289501
20050324,1.55960374192
20050325,3.00743493452
20050326,3.5342787966
20050327,1.85029374409
20050328,0.386051257862
20050329,1.50793705639
20050330,4.38063356274
20050331,0.388045738554
20050401,0.236969354566
20050402,0.172942258996
20050403,2.19570992042
20050404,0.889355323446
20050405,0.371320558018
20050406,0.00700108980339
20050407,0.000947491128677
20050408,0.00751105561371
20050409,0.00258484991595
20050410,4.33292840482e-05
20050411,0.00465111965982
20050412,0.000110774474409
20050413,0.0751679474241
20050414,3.0951927638
20050415,6.78275368762
20050416,0.19018461137
20050417,0.226086899289
20050418,0.0235507617418
20050419,0.497897225737
20050420,0.0464035444191
20050421,0.0656220624497
20050422,0.76877191692
20050423,0.257095848032
20050424,0.586477285144
20050425,0.0168399969414
20050426,0.0327123648911
20050427,0.000631162373619
20050428,0.0570229978836
20050429,0.00585731271233
20050430,0.000515565812396
20050501,7.59504088674e-06
20050502,0.0
20050503,0.00132123848205
20050504,2.3343429813e-05
20050505,0.000168983428416
20050506,2.98557194111e-06
20050507,0.00495974899321
20050508,0.0921887620351
20050509,0.00162722855065
20050510,0.0
20050511,0.40718155674
20050512,0.0163595082376
20050513,0.000161934409283
20050514,0.0
20050515,0.0
20050516,0.0
20050517,0.000390774808963
20050518,6.90414775885e-06
20050519,0.000722005346755
20050520,0.188607042481
20050521,3.66714379595
20050522,0.064799342428
20050523,8.46114731859e-06
20050524,0.068326254891
20050525,0.00120717535931
20050526,1.65249733526
20050527,0.032684902721
20050528,6.16402311391e-05
20050529,0.0
20050530,0.0
20050531,0.0
20050601,0.0
20050602,0.0
20050603,0.0
20050604,0.0
20050605,0.0
20050606,0.0
20050607,0.0
20050608,0.0
20050609,0.0
20050610,0.0
20050611,0.0
20050612,0.0
20050613,0.0
20050614,0.0
20050615,0.0
20050616,0.0
20050617,0.0
20050618,0.0
20050619,0.0
20050620,0.0
20050621,0.0
20050622,0.0
20050623,0.0
20050624,0.0
20050625,0.0
20050626,0.0
20050627,0.0
20050628,0.0
20050629,8.81600919016e-07
20050630,1.55759854603e-08
20050701,0.0
20050702,0.0
20050703,0.0
20050704,0.0
20050705,0.0
20050706,0.0
20050707,0.0
20050708,0.0
20050709,0.0
20050710,0.0
20050711,0.0
20050712,0.0
20050713,0.0
20050714,0.0
20050715,0.0
20050716,0.0
20050717,0.0
20050718,0.277214136151
20050719,0.144766724913
20050720,0.00247118282649
20050721,0.0
20050722,0.0
20050723,5.69538172015e-05
20050724,1.00625078146e-06
20050725,0.0
20050726,0.0
20050727,0.0
20050728,0.0
20050729,0.0
20050730,0.0
20050731,0.0
20050801,0.0
20050802,0.0
20050803,0.0
20050804,0.0
20050805,0.0
20050806,0.0
20050807,0.0
20050808,0.0
20050809,0.0
20050810,0.0
20050811,0.00242860075088
20050812,4.2908133119e-05
20050813,0.0
20050814,0.0
20050815,0.0
20050816,0.0
20050817,0.0
20050818,0.0
20050819,0.00563857966982
20050820,9.96215350016e-05
20050821,0.0
20050822,0.0
20050823,0.0
20050824,0.0
20050825,0.0
20050826,0.0
20050827,0.0
20050828,0.0
20050829,0.0
20050830,0.00319431000443
20050831,5.64365841961e-05
20050901,0.0
20050902,0.0
20050903,0.0
20050904,0.0
20050905,0.0
20050906,0.0
20050907,0.0
20050908,0.0
20050909,0.0
20050910,0.0
20050911,0.145593197872
20050912,0.00257231793415
20050913,0.0
20050914,0.0
20050915,0.0
20050916,0.0
20050917,0.0
20050918,0.0
20050919,0.00561713804254
20050920,9.9242721616e-05
20050921,0.00525025700174
20050922,9.27607244547e-05
20050923,0.0022600328588
20050924,3.99299033212e-05
20050925,0.0
20050926,0.00150415475623
20050927,0.00615707314519
20050928,0.000145792765648
20050929,0.0770203935061
20050930,0.00136077260575
20051001,0.00386610465486
20051002,6.83057431127e-05
20051003,0.0
20051004,0.0
20051005,0.0
20051006,0.0
20051007,0.0
20051008,0.000377144976937
20051009,0.0934505247122
20051010,0.0510911086926
20051011,0.0126286243297
20051012,0.0171817675613
20051013,0.00423723561767
20051014,0.00111143439072
20051015,1.8407599698e-05
20051016,0.0479416534762
20051017,0.000847025681331
20051018,0.0
20051019,0.637156994465
20051020,0.0112991158256
20051021,0.0337641369409
20051022,0.251635014795
20051023,0.0100651739464
20051024,0.116870431526
20051025,0.0817059380506
20051026,0.00718636636779
20051027,0.00310381870147
20051028,0.0769439503842
20051029,0.00195142020158
20051030,0.0626253535146
20051031,0.00120500759059
20051101,1.74448368179e-06
20051102,0.242936386373
20051103,0.0270255939565
20051104,0.179832386262
20051105,0.154695403201
20051106,3.39677594179
20051107,0.332087527822
20051108,0.00584693225394
20051109,0.333933386189
20051110,0.453415737505
20051111,0.00790664573009
20051112,0.0
20051113,0.0
20051114,0.0
20051115,0.0
20051116,0.0
20051117,0.0459285369823
20051118,0.0298155749693
20051119,0.000994796529742
20051120,0.975191447899
20051121,0.294352845934
20051122,0.00489617416888
20051123,0.0611890266117
20051124,0.00108107821533
20051125,0.0
20051126,0.0396157984866
20051127,0.277285518244
20051128,0.0048901543181
20051129,0.0154581539867
20051130,0.000273111154919
20051201,0.640548233571
20051202,0.0220401371368
20051203,0.332542776716
20051204,0.191451842441
20051205,0.177726310671
20051206,0.0080366527281
20051207,0.405094782738
20051208,1.06513935171
20051209,0.151802927922
20051210,0.0383640778397
20051211,1.23658997017
20051212,0.0314681861448
20051213,0.548266748819
20051214,4.01840442356
20051215,0.46744645026
20051216,0.00974623015172
20051217,0.00523344212762
20051218,9.16087207475e-05
20051219,0.320912979407
20051220,0.0825788387431
20051221,0.484872189388
20051222,0.0136125518307
20051223,0.00164200205771
20051224,2.74280456743e-05
20051225,0.0449889761916
20051226,0.586205890893
20051227,1.85678654382
20051228,3.47392481765
20051229,0.918443061864
20051230,0.0299327251486
20051231,0.643196678613
20060101,0.365858543754
20060102,0.0138783503787
20060103,0.0343767589643
20060104,0.00912924861646
20060105,0.436697902547
20060106,0.416769266758
20060107,0.361314297305
20060108,0.12913341593
20060109,0.00901067725438
20060110,0.16488088903
20060111,5.97982728421
20060112,5.99079988372
20060113,3.60518711123
20060114,0.408019456926
20060115,1.29848978879
20060116,4.08431526215
20060117,7.53903007826
20060118,1.82580992999
20060119,0.0398350690494
20060120,0.0421083413094
20060121,0.0417491917581
20060122,0.383624818457
20060123,0.228836027839
20060124,0.054274732224
20060125,0.0182356216446
20060126,0.0120780003524
20060127,0.0002079776163
20060128,0.000858421297515
20060129,0.375176620254
20060130,0.518273237005
20060131,1.86590838604
20060201,0.594538206561
20060202,1.59033513687
20060203,0.381599427616
20060204,0.0814539834109
20060205,0.0129741983606
20060206,0.000205750581839
20060207,0.147251062199
20060208,0.0997957690958
20060209,0.0729297327728
20060210,0.0389644282118
20060211,0.0292446899479
20060212,2.18407973228
20060213,2.97609002723
20060214,5.86185479096
20060215,0.686867072677
20060216,1.0991075576
20060217,0.72102796192
20060218,1.69566012876
20060219,2.69692479619
20060220,0.779508142158
20060221,0.163639549382
20060222,0.00377071418496
20060223,0.0381349316051
20060224,1.12610061371
20060225,0.711796336658
20060226,1.11863393652
20060227,1.19238314443
20060228,2.94383046896
20060301,3.20687670895
20060302,0.949944180274
20060303,3.16557435638
20060304,7.05695663157
20060305,14.21956547
20060306,0.956218086422
20060307,1.27089693743
20060308,1.3644023624
20060309,1.9402513067
20060310,0.973055206921
20060311,0.456094617934
20060312,0.140824630618
20060313,0.309932145734
20060314,0.678494777458
20060315,1.86454216625
20060316,0.735905359904
20060317,0.929252889724
20060318,0.324328537485
20060319,2.88027323247
20060320,0.617656718421
20060321,0.260573662471
20060322,1.68645370832
20060323,0.530000426212
20060324,1.66148465457
20060325,4.67943815887
20060326,2.60040696482
20060327,4.84705631518
20060328,0.166197314728
20060329,0.223503074639
20060330,0.0219514393429
20060331,1.05440445437
20060401,1.32547035191
20060402,0.920405997893
20060403,0.382549826527
20060404,3.27158205375
20060405,4.69879306184
20060406,7.79407345869
20060407,1.69579199644
20060408,1.34917194132
20060409,3.10816453542
20060410,5.79428980989
20060411,8.30987543241
20060412,0.514367741709
20060413,5.5175805526
20060414,2.19575675476
20060415,3.30581017441
20060416,8.64532745445
20060417,0.844575614565
20060418,0.100715372544
20060419,0.0421840642366
20060420,0.000717684016737
20060421,0.0
20060422,0.0
20060423,0.00396529055748
20060424,0.0423432489735
20060425,2.01021355598
20060426,0.47416172457
20060427,0.224407716827
20060428,0.603590649129
20060429,0.397217366127
20060430,0.186756264931
20060501,2.63533934698
20060502,1.43859859625
20060503,0.0247234499874
20060504,0.0129715445736
20060505,0.000229139231507
20060506,0.0
20060507,0.0863654179659
20060508,1.0946043148
20060509,7.28580754995
20060510,0.238280038659
20060511,0.00194163862459
20060512,0.0114061122346
20060513,0.0345294722695
20060514,0.137981602239
20060515,0.00670011971445
20060516,0.179975695372
20060517,0.0362049157559
20060518,0.00444316124126
20060519,0.0540051255557
20060520,0.000952949332962
20060521,0.000232570348844
20060522,4.10901867875e-06
20060523,0.0554325670585
20060524,0.269950061504
20060525,0.140025891489
20060526,0.173189528539
20060527,0.0207734066021
20060528,0.000917672279363
20060529,1.06707854705e-05
20060530,0.00316542359792
20060531,0.01050135105
20060601,0.000184548155891
20060602,0.0
20060603,0.0
20060604,0.0
20060605,0.0073256640039
20060606,0.00012942870905
20060607,0.0
20060608,0.0
20060609,0.614286146485
20060610,0.541311406991
20060611,0.804834132099
20060612,0.023091462048
20060613,0.00015967071212
20060614,0.0
20060615,0.0
20060616,0.0
20060617,0.136019542113
20060618,0.00286982772027
20060619,0.0286306947174
20060620,0.530305631794
20060621,0.00936042303802
20060622,0.0
20060623,0.0
20060624,0.00599381498634
20060625,0.0172783787719
20060626,0.000303400750581
20060627,0.0
20060628,0.0
20060629,0.0
20060630,0.0
20060701,0.0
20060702,0.0
20060703,0.0
20060704,0.0
20060705,0.0
20060706,0.0
20060707,0.0
20060708,0.0
20060709,0.0
20060710,0.010404696925
20060711,0.000183828564901
20060712,0.0
20060713,0.0
20060714,0.0
20060715,0.0
20060716,0.0
20060717,0.00059828670584
20060718,1.05704412713e-05
20060719,1.21799969865
20060720,0.0885896234016
20060721,0.0514166458654
20060722,0.00088748519369
20060723,0.00207024650333
20060724,3.65767895576e-05
20060725,0.0
20060726,0.0
20060727,0.000571402485782
20060728,1.91275101996e-05
20060729,1.59577088991e-07
20060730,1.61463438193
20060731,0.0335618386877
20060801,0.0111111956331
20060802,0.00019473927982
20060803,0.0
20060804,0.019157415887
20060805,0.000338470232464
20060806,0.0825732988704
20060807,0.0129608238699
20060808,0.00458589253378
20060809,7.74324781197e-05
20060810,0.0
20060811,0.0903796324868
20060812,0.00159681321517
20060813,0.0
20060814,0.0115786752657
20060815,0.000204570239214
20060816,0.0
20060817,0.0
20060818,0.0
20060819,0.0
20060820,0.0
20060821,0.0
20060822,0.0
20060823,0.0
20060824,0.0
20060825,0.0
20060826,0.0
20060827,0.0
20060828,0.0
20060829,0.0
20060830,0.0
20060831,0.00328352357934
20060901,0.0059363693603
20060902,0.000103857890847
20060903,0.0722009141167
20060904,0.055291820915
20060905,0.000954349578537
20060906,0.0
20060907,0.0
20060908,0.0
20060909,0.00524016496557
20060910,9.25824342293e-05
20060911,0.0
20060912,0.0
20060913,0.0
20060914,0.0
20060915,0.0
20060916,0.0
20060917,0.0
20060918,0.0
20060919,0.0
20060920,0.0
20060921,0.0
20060922,0.0118919222064
20060923,0.0283164937664
20060924,0.000496579264628
20060925,0.0
20060926,0.0
20060927,0.0
20060928,0.0
20060929,0.0
20060930,0.575105296439
20061001,0.0101608707936
20061002,0.0
20061003,0.0
20061004,0.0
20061005,0.0
20061006,0.0
20061007,0.0
20061008,0.0
20061009,0.0
20061010,0.0507313137317
20061011,0.00650307120511
20061012,0.00198870209145
20061013,6.68134194012e-05
20061014,5.9059197039e-07
20061015,0.0523838069007
20061016,0.117319584162
20061017,0.00263209267289
20061018,1.01706788242e-05
20061019,0.0414201675287
20061020,0.0108195751781
20061021,0.000178229159549
20061022,0.000150880277661
20061023,2.66572888085e-06
20061024,0.314295773434
20061025,0.00714101224014
20061026,0.00331227957102
20061027,0.633546690037
20061028,2.97542882747
20061029,0.0523716684693
20061030,0.0
20061031,0.0085784710892
20061101,2.10782241344
20061102,0.752106222998
20061103,0.0322077392492
20061104,0.0772802090223
20061105,0.903072293334
20061106,0.523768567409
20061107,0.209886313452
20061108,0.00354971584704
20061109,0.0
20061110,0.0727032726366
20061111,0.240326796329
20061112,0.0994687963091
20061113,0.00168278160337
20061114,0.0493516715017
20061115,0.506176755897
20061116,0.213557570538
20061117,0.274098022424
20061118,0.0123997440502
20061119,0.0507164852004
20061120,1.95420467913
20061121,0.841979198149
20061122,0.0627785427806
20061123,0.335396723664
20061124,2.69112811338
20061125,0.852967445198
20061126,0.534253602385
20061127,1.32333628527
20061128,6.260157247
20061129,3.81703642191
20061130,7.56455500723
20061201,1.34849530357
20061202,7.09394746997
20061203,1.84941091315
20061204,0.600816916555
20061205,1.32979516749
20061206,0.184117586522
20061207,0.498041076931
20061208,2.58884836728
20061209,4.71537089436
20061210,2.5188332633
20061211,0.627052263399
20061212,2.36177981552
20061213,0.955242015639
20061214,1.57563170322
20061215,1.17394862746
20061216,2.70041241258
20061217,2.58957510401
20061218,1.81213725492
20061219,13.8658555058
20061220,1.56351158954
20061221,7.17801022154
20061222,1.22061397671
20061223,2.02074762221
20061224,12.5203454413
20061225,1.42800923382
20061226,2.77826348628
20061227,6.91778883825
20061228,1.90047229997
20061229,2.51916964085
20061230,8.41632917545
20061231,1.41874782844
20070101,1.79841885109
20070102,10.5559788416
20070103,0.704109337034
20070104,3.88012015557
20070105,0.496606696387
20070106,0.128475200084
20070107,0.963266336747
20070108,0.489733679747
20070109,0.193239987704
20070110,1.29522629801
20070111,4.18558190131
20070112,4.42721294162
20070113,1.17479882682
20070114,3.03577259785
20070115,0.711684023351
20070116,1.20979723967
20070117,0.188332111155
20070118,0.0704218840946
20070119,0.259591198479
20070120,0.299986520209
20070121,0.270928620592
20070122,0.335062888998
20070123,0.190119194127
20070124,0.0112969868566
20070125,0.025076492353
20070126,6.14311836769
20070127,2.11771912877
20070128,2.22898107756
20070129,2.13198330246
20070130,13.6744642383
20070131,0.913312193416
20070201,4.96743538551
20070202,4.24986958559
20070203,7.05044523096
20070204,1.75317007017
20070205,3.98077229657
20070206,1.17040311217
20070207,1.30264937488
20070208,0.117826029849
20070209,3.50093811972
20070210,1.3461367112
20070211,2.34589429646
20070212,1.25798204567
20070213,20.929223753
20070214,1.3108692132
20070215,0.271231403534
20070216,3.14721910627
20070217,1.55456079363
20070218,0.435641375119
20070219,0.0325409174515
20070220,0.0413076134612
20070221,0.127093060602
20070222,0.00249195602323
20070223,1.37021912656
20070224,1.78861947126
20070225,2.194010646
20070226,0.45950732852
20070227,1.00512470304
20070228,7.52214317398
20070301,1.93896413466
20070302,2.15558718477
20070303,0.578960925794
20070304,0.125243752899
20070305,0.01349876723
20070306,0.723730185033
20070307,0.825409361944
20070308,0.141953777464
20070309,2.10579984404
20070310,1.6184242626
20070311,6.33760165429
20070312,1.2922120381
20070313,3.26842391375
20070314,1.01120580758
20070315,0.588460095759
20070316,3.87137614085
20070317,0.497758943623
20070318,2.52022653599
20070319,8.76344408081
20070320,0.415511573634
20070321,0.495193536415
20070322,0.0428202550699
20070323,0.0168664866612
20070324,0.446436730669
20070325,0.012047723458
20070326,0.0167450358856
20070327,0.0901986458398
20070328,1.07177382208
20070329,1.35822382931
20070330,1.27312561072
20070331,0.022861077556
20070401,0.00983705284863
20070402,0.501801535432
20070403,0.0231815721713
20070404,0.053475890635
20070405,0.440105175196
20070406,0.0398113723797
20070407,0.0111939584119
20070408,0.739835853499
20070409,0.154860150735
20070410,2.84594689803
20070411,2.86732084399
20070412,1.78453586236
20070413,0.192058149474
20070414,0.177675955233
20070415,0.00650276480978
20070416,0.232614578697
20070417,0.671896414054
20070418,0.510848038667
20070419,2.28869189703
20070420,0.196423751412
20070421,0.00487765311727
20070422,0.514629660752
20070423,0.0834457631517
20070424,0.138656134231
20070425,0.525475190526
20070426,0.587260634284
20070427,0.555210291765
20070428,0.0262292216083
20070429,0.000293385393921
20070430,1.66399486782e-09
20070501,0.0341428066282
20070502,1.36789818321
20070503,0.0604201576576
20070504,0.000640689116351
20070505,0.00158807063228
20070506,0.0729856566657
20070507,0.00128900355532
20070508,0.0
20070509,0.000182942609104
20070510,0.00776018916921
20070511,0.00183724977183
20070512,3.00388858545e-05
20070513,0.0291385235599
20070514,0.00162584978254
20070515,0.00106072682022
20070516,1.83939448496e-05
20070517,0.134152338055
20070518,0.0311920315264
20070519,0.000509219976352
20070520,0.0
20070521,0.0
20070522,0.00796847413859
20070523,0.0270425401522
20070524,0.749837271858
20070525,0.0798930019477
20070526,0.00117762172633
20070527,0.00265940143391
20070528,0.0151265800692
20070529,0.00143843675202
20070530,2.07069420968e-05
20070531,0.128199070569
20070601,0.162024572836
20070602,0.384924184844
20070603,0.282170982286
20070604,0.239193378848
20070605,0.00414005818895
20070606,0.00095085589338
20070607,0.00643235296538
20070608,0.000315913309721
20070609,0.00438962604885
20070610,0.0410149649977
20070611,0.0237486129833
20070612,0.0960332280874
20070613,0.00168951272536
20070614,0.0930857503893
20070615,0.00164462450782
20070616,0.00525734680937
20070617,0.00219156102547
20070618,0.178293795761
20070619,0.00314941200414
20070620,0.742826309923
20070621,0.0143588691887
20070622,2.18150150717e-05
20070623,0.0072574136097
20070624,0.000128222846578
20070625,0.00126347046077
20070626,2.2322798668e-05
20070627,0.0
20070628,0.0
20070629,0.0
20070630,0.0
20070701,0.0
20070702,0.0
20070703,0.0
20070704,1.90679078363
20070705,0.0870677928543
20070706,0.000943090289161
20070707,0.0
20070708,0.0
20070709,0.0
20070710,0.0
20070711,0.0
20070712,0.0
20070713,0.0
20070714,0.621333552564
20070715,0.123140686331
20070716,0.00198167952527
20070717,0.0169029095964
20070718,0.00177324827127
20070719,2.60531854016e-05
20070720,0.0661008377847
20070721,0.192530362214
20070722,0.0697359626164
20070723,0.00392146016299
20070724,4.85708548213e-05
20070725,0.0
20070726,0.0
20070727,0.00253609308587
20070728,4.48073038755e-05
20070729,0.0
20070730,0.016560107192
20070731,0.640484525323
20070801,0.011310811739
20070802,0.202953967932
20070803,0.00358575898139
20070804,0.0
20070805,0.0
20070806,0.969329033844
20070807,0.0187314169423
20070808,2.83650434038e-05
20070809,0.0
20070810,0.0
20070811,0.0
20070812,0.0
20070813,0.00245954242768
20070814,4.34548086678e-05
20070815,0.0
20070816,0.0604204785136
20070817,0.105353778125
20070818,0.00644144571132
20070819,0.0810509006691
20070820,0.00143055917183
20070821,0.25078784669
20070822,0.00558862412474
20070823,0.0219184562166
20070824,0.000386890450635
20070825,0.0
20070826,0.00397191912448
20070827,7.01752386945e-05
20070828,0.0105119379576
20070829,0.000325662484699
20070830,2.47242324063e-06
20070831,0.0
20070901,0.0
20070902,0.0
20070903,0.0
20070904,0.0
20070905,0.0
20070906,0.0
20070907,0.000473765316268
20070908,0.00242647412826
20070909,4.2722680965e-05
20070910,0.0
20070911,0.0
20070912,0.0
20070913,0.0
20070914,0.0
20070915,0.00283744604396
20070916,5.0131555756e-05
20070917,0.0
20070918,0.0
20070919,0.0
20070920,0.0
20070921,0.0
20070922,0.0
20070923,0.0
20070924,0.0
20070925,0.000714259806921
20070926,1.26194366759e-05
20070927,0.0
20070928,0.0
20070929,0.0
20070930,0.0
20071001,0.0
20071002,0.0
20071003,0.0
20071004,0.0
20071005,0.0
20071006,0.0
20071007,0.0
20071008,0.0
20071009,0.0
20071010,0.0
20071011,0.0
20071012,0.0
20071013,0.0
20071014,0.0
20071015,7.60094986129e-07
20071016,0.00750938706481
20071017,0.0988603389203
20071018,0.00174430515706
20071019,0.0247373513596
20071020,0.0112875389126
20071021,0.000191704632804
20071022,0.177205095113
20071023,0.0214075182372
20071024,0.0611496079385
20071025,0.177499571242
20071026,0.19105640667
20071027,0.902716868524
20071028,1.02007075944
20071029,0.651993832928
20071030,0.0119340589031
20071031,0.0120574521388
20071101,0.00142979784273
20071102,2.15016926206e-05
20071103,0.207860526926
20071104,0.0144440019592
20071105,0.0765943859177
20071106,0.249884608141
20071107,0.0148920780467
20071108,0.000185530127201
20071109,0.0
20071110,0.156705371623
20071111,0.128805163946
20071112,0.543022107562
20071113,1.81630257504
20071114,0.210470699754
20071115,1.48432512412
20071116,0.20072953227
20071117,0.00308434637411
20071118,0.0
20071119,0.0334465693245
20071120,0.00307370124654
20071121,0.188407707368
20071122,0.0311681333592
20071123,0.000491875427486
20071124,0.00376315877441
20071125,0.00510916526405
20071126,0.233937490874
20071127,0.163492515385
20071128,0.0362802832899
20071129,0.506707801206
20071130,4.44713920945
20071201,1.00819873263
20071202,0.390095978564
20071203,0.0467835603522
20071204,0.000709922927753
20071205,0.0391772003906
20071206,0.157789546623
20071207,0.162306257978
20071208,1.24090730725
20071209,8.38010168532
20071210,6.23089723236
20071211,0.258606191166
20071212,1.65552493743
20071213,2.51221412366
20071214,0.733936781992
20071215,1.26506715871
20071216,1.4587399445
20071217,0.441064044885
20071218,0.916758243799
20071219,5.48006699005
20071220,1.93827605981
20071221,5.52524562872
20071222,2.79836090812
20071223,0.135537002804
20071224,0.522044273353
20071225,4.6587392167
20071226,1.77158321044
20071227,1.72020382224
20071228,4.1066071312
20071229,0.141124339578
20071230,0.388041498888
20071231,0.0675515085181
20080101,0.108531200306
20080102,0.615118744524
20080103,0.0515152869019
20080104,0.0211236341306
20080105,0.373773349182
20080106,0.768533939822
20080107,1.18136308846
20080108,0.907378325149
20080109,2.13678924657
20080110,0.749054557294
20080111,0.433485268823
20080112,0.0128416976962
20080113,0.0339851429215
20080114,0.951093489745
20080115,1.00384674161
20080116,0.324600310246
20080117,1.25192248918
20080118,1.71345978634
20080119,0.0957624137724
20080120,1.91756998162
20080121,0.233084268726
20080122,2.23762481697
20080123,4.12702942215
20080124,3.54086094418
20080125,0.739844415027
20080126,6.45806445667
20080127,3.94494679449
20080128,0.941589769237
20080129,0.297135257378
20080130,1.15570120457
20080131,1.09164556119
20080201,1.99202950038
20080202,1.11250311783
20080203,0.663422645103
20080204,0.647426305848
20080205,3.15164007916
20080206,2.72649356316
20080207,1.46259257547
20080208,4.34292652986
20080209,1.25637388543
20080210,5.27613307233
20080211,9.40087773473
20080212,1.2581230797
20080213,12.9674921429
20080214,1.22773480741
20080215,1.16593144155
20080216,0.844045072376
20080217,16.5732866484
20080218,3.35922333064
20080219,2.6471734441
20080220,2.19955688378
20080221,0.622117308861
20080222,3.46927960702
20080223,1.00039556357
20080224,0.0677373448251
20080225,0.00447119392369
20080226,0.00122732331352
20080227,0.00114548549014
20080228,1.98748277095e-05
20080229,0.0
20080301,1.06477883383
20080302,1.94853511118
20080303,2.65270980005
20080304,3.65298945109
20080305,0.0753933753452
20080306,0.512624021044
20080307,0.299230798188
20080308,1.12316017327
20080309,0.47117201575
20080310,2.23846144298
20080311,0.192254763403
20080312,0.150450254716
20080313,0.178439951337
20080314,0.942903244043
20080315,0.279326307999
20080316,0.493510747314
20080317,0.16723699253
20080318,0.333020987497
20080319,1.13774426256
20080320,0.930947444031
20080321,1.29017744622
20080322,4.50618050502
20080323,3.84703636327
20080324,4.42977466677
20080325,1.8554369896
20080326,0.390418211179
20080327,1.13845534353
20080328,1.62402365182
20080329,1.68890740592
20080330,1.12243835867
20080331,0.205528751488
20080401,0.642284975834
20080402,0.757741366561
20080403,1.10089604634
20080404,3.94252125634
20080405,1.43346576277
20080406,0.538948016244
20080407,0.964408030519
20080408,0.71227787821
20080409,2.55723767154
20080410,0.690042899659
20080411,2.22349368848
20080412,3.08913569027
20080413,1.13772446936
20080414,1.84220873583
20080415,7.35924561984
20080416,1.78398783747
20080417,0.594846639096
20080418,1.79323871668
20080419,0.102373779278
20080420,0.0370302287854
20080421,0.0768750376336
20080422,0.110644568543
20080423,1.73449786435
20080424,1.40853523748
20080425,1.84457824669
20080426,0.0396898436515
20080427,0.0455294458558
20080428,0.0307907420589
20080429,0.485669480376
20080430,0.0932496686655
20080501,0.175458338567
20080502,0.0481239018084
20080503,0.00231357619193
20080504,2.68133124724e-05
20080505,0.00149385609634
20080506,2.63932111853e-05
20080507,0.0
20080508,0.0111814875369
20080509,1.46324736469
20080510,0.0329421537112
20080511,0.239198450819
20080512,0.0056108487
20080513,0.000494039557691
20080514,0.00779890957236
20080515,0.029310436401
20080516,0.00123358518562
20080517,0.000127417484731
20080518,2.02701431607e-06
20080519,0.0
20080520,3.32285278799e-06
20080521,5.87076568429e-08
20080522,0.0
20080523,0.0
20080524,0.101074623133
20080525,0.0292376021051
20080526,0.000817693543424
20080527,5.87772015956e-06
20080528,0.0654684270557
20080529,0.0283277123251
20080530,0.000480053481186
20080531,7.53089552661e-05
20080601,1.3305468589e-06
20080602,0.0
20080603,0.0131906085126
20080604,0.000233049589345
20080605,0.0147773637435
20080606,0.000261084162832
20080607,0.0
20080608,0.0
20080609,0.000310792825918
20080610,5.49103847165e-06
20080611,0.000331287570479
20080612,5.85313669302e-06
20080613,0.0
20080614,0.0
20080615,0.0
20080616,0.0
20080617,0.0
20080618,0.000493611905431
20080619,8.7210596407e-06
20080620,0.0
20080621,0.0
20080622,0.0
20080623,0.0
20080624,0.0
20080625,0.0
20080626,0.0
20080627,0.0
20080628,0.0
20080629,0.0
20080630,0.0577486378461
20080701,0.00102029391382
20080702,0.0
20080703,0.0
20080704,0.00514688418426
20080705,9.09343300379e-05
20080706,0.0
20080707,5.66315020033e-06
20080708,1.00055617839e-07
20080709,0.0
20080710,0.0
20080711,0.0
20080712,0.0
20080713,0.0
20080714,0.0
20080715,0.0539283740369
20080716,0.212855870487
20080717,0.00374387044517
20080718,0.0
20080719,0.0
20080720,0.00484649886116
20080721,0.01030746981
20080722,0.0279389907464
20080723,0.229684707618
20080724,0.00407324455881
20080725,0.00206201408832
20080726,3.64238981955e-05
20080727,0.0
20080728,0.0
20080729,0.0
20080730,0.0
20080731,0.000935737222584
20080801,1.65324582824e-05
20080802,0.0
20080803,0.0067975351865
20080804,0.000120097805978
20080805,0.0
20080806,0.0
20080807,0.0152797039239
20080808,0.000269959457034
20080809,0.0
20080810,0.0
20080811,0.0677220747226
20080812,0.00119650301245
20080813,0.0
20080814,0.000305120977478
20080815,0.0363220166639
20080816,0.00451686173606
20080817,0.0203285299394
20080818,0.000357951623923
20080819,0.0
20080820,0.0
20080821,0.0
20080822,0.000113303941873
20080823,0.00416661868637
20080824,7.35797934121e-05
20080825,0.0
20080826,0.0
20080827,0.0
20080828,0.0
20080829,0.0
20080830,0.0
20080831,0.0
20080901,0.0
20080902,0.0
20080903,0.0
20080904,0.000259685024917
20080905,4.58807372917e-06
20080906,0.0
20080907,0.0
20080908,0.00511822215148
20080909,9.04279610978e-05
20080910,0.0
20080911,0.0
20080912,0.0
20080913,0.0
20080914,0.0
20080915,0.0
20080916,0.0
20080917,0.0
20080918,0.0
20080919,0.0
20080920,0.0
20080921,0.0
20080922,0.92584197406
20080923,0.111375106981
20080924,0.0339126320168
20080925,0.0928603874842
20080926,0.0018083885691
20080927,3.14147785974e-06
20080928,0.00209265392052
20080929,3.69726872459e-05
20080930,0.0
20081001,0.0
20081002,0.0
20081003,0.0216190659962
20081004,0.000381962250997
20081005,0.0
20081006,0.000427948422536
20081007,0.420650365431
20081008,0.0444146551525
20081009,0.0544880213567
20081010,0.102578325588
20081011,5.02737820331
20081012,0.322765279669
20081013,0.0147136152333
20081014,0.000186922221761
20081015,0.0
20081016,0.0
20081017,0.0
20081018,0.00150662228946
20081019,2.66187740821e-05
20081020,0.0
20081021,0.00830950159946
20081022,0.000146810982137
20081023,0.0
20081024,0.00545558449866
20081025,0.0189259094387
20081026,4.05689519163
20081027,0.0792756195101
20081028,0.478104719089
20081029,0.0483944438669
20081030,0.251051081514
20081031,0.0600909365691
20081101,0.0603154022584
20081102,0.0159518594823
20081103,0.00204721685556
20081104,0.00401020774516
20081105,2.61393981501
20081106,3.291451899
20081107,0.505029293688
20081108,0.0842087025796
20081109,0.0154930158455
20081110,0.0358838685736
20081111,0.0714772061548
20081112,0.0844795287997
20081113,0.335742502568
20081114,0.381577224032
20081115,0.00663730299117
20081116,0.0
20081117,0.0147481367565
20081118,0.00321824454743
20081119,0.0441808133432
20081120,0.757505201924
20081121,0.268301753908
20081122,0.598974901207
20081123,1.05104341692
20081124,0.273374474062
20081125,0.0915137943089
20081126,0.879827488784
20081127,1.0619345977
20081128,3.09045309402
20081129,1.99143679936
20081130,0.529691943221
20081201,1.56140170131
20081202,0.336035768888
20081203,1.9443520233
20081204,0.71226237095
20081205,0.358249926643
20081206,0.122775992064
20081207,0.014396339797
20081208,0.599705317605
20081209,0.804387673345
20081210,2.42244177007
20081211,1.08317618685
20081212,0.78108066647
20081213,0.654517282515
20081214,0.191672240647
20081215,0.459630841909
20081216,0.401384296089
20081217,3.34048396953
20081218,4.18961613321
20081219,5.60059501618
20081220,1.40478037943
20081221,0.221256413787
20081222,0.302779344499
20081223,0.0464054015393
20081224,0.249411201353
20081225,2.74685336867
20081226,2.37629611615
20081227,0.469797952094
20081228,0.89231280521
20081229,0.158443748503
20081230,0.0796722003161
20081231,0.0177716717651
20090101,0.0511937478099
20090102,1.08155445789
20090103,2.79162418742
20090104,0.609150742953
20090105,0.988624196434
20090106,2.07125668188
20090107,0.27960667671
20090108,0.00433678549782
20090109,6.69417529999e-07
20090110,0.000282390828943
20090111,0.092556354833
20090112,2.71405682976
20090113,0.0906356941738
20090114,0.0178634275975
20090115,0.103256361721
20090116,0.530396674578
20090117,0.0994604878655
20090118,0.00159225549442
20090119,0.000893396167856
20090120,1.57843833214e-05
20090121,0.748192074812
20090122,0.587581629324
20090123,0.562581043703
20090124,5.89690895084
20090125,0.152382485646
20090126,1.59955063045
20090127,0.0
20090128,0.0
20090130,0.0
20090131,0.0
20090202,0.0
20090204,0.0
20090207,0.0
20090208,0.0
20090209,0.0
20090210,0.0
20090213,0.0
20090214,0.0
20090215,0.0
20090216,0.0
20090217,0.0
20090218,0.0
20090220,0.0
20090221,0.0
20090222,0.0
20090223,0.0
20090224,0.0
20090225,0.0
20090228,0.0
20090301,0.0
20090302,0.0
20090303,0.0
20090305,0.0
20090306,0.0
20090308,0.0
20090309,0.0
20090310,0.0
20090312,0.466566170587
20090313,2.22699387326
20090314,12.2193768233
20090315,2.14677724437
20090316,1.85084757717
20090317,1.33629417091
20090318,2.07475846498
20090319,0.9021942222
20090320,0.0669185702694
20090321,0.0900033545532
20090322,0.510312017525
20090323,1.65968173577
20090324,0.721269544261
20090325,2.45632957567
20090326,0.154630240943
20090327,0.261056682331
20090328,0.309639638068
20090329,0.852391173967
20090330,4.29081613675
20090331,5.8743257379
20090401,7.0999944991
20090402,1.26487323205
20090403,1.63738410641
20090404,1.07597640628
20090405,3.41636665939
20090406,0.861010597074
20090407,0.0281045185726
20090408,2.96413698314
20090409,0.929591878825
20090410,0.171316191352
20090411,0.0150383591012
20090412,0.160215143378
20090413,0.245717891251
20090414,0.0911363260871
20090415,0.0047530354922
20090416,5.68669968794e-05
20090417,0.0
20090418,0.0
20090419,0.07874872762
20090420,0.0260052756631
20090421,0.239056426192
20090422,0.59852587986
20090423,0.258213584713
20090424,0.00437656173373
20090425,0.0134522152452
20090426,0.503531051114
20090427,0.647721661259
20090428,0.516231514916
20090429,0.120430095141
20090430,0.00390127467442
20090501,0.0860775389415
20090502,0.0949155649024
20090503,0.102559792118
20090504,0.352578335579
20090505,0.563265812291
20090506,0.0213712302658
20090507,0.0805938330114
20090508,0.457159339923
20090509,0.0526855170563
20090510,0.0214623774083
20090511,0.0728283726882
20090512,0.240071802347
20090513,0.105864963073
20090514,0.0145675075887
20090515,0.000225647353023
20090516,0.0
20090517,0.0
20090518,0.0
20090519,0.0
20090520,0.00130052169509
20090521,0.603883553012
20090522,0.010668914906
20090523,0.0
20090524,0.0
20090525,0.0
20090526,0.0
20090527,0.0
20090528,0.0
20090529,0.0
20090530,0.000120990915565
20090531,2.13764768849e-06
20090601,0.000199479082194
20090602,0.0124915933166
20090603,0.229037702149
20090604,0.00404270407738
20090605,0.0137318428844
20090606,0.000242612057114
20090607,0.0
20090608,0.0
20090609,0.0
20090610,0.0
20090611,0.0
20090612,0.0
20090613,0.0
20090614,0.0033714953424
20090615,5.95670642335e-05
20090616,0.0
20090617,0.0
20090618,0.0841363418726
20090619,0.0074587878489
20090620,0.000105517313721
20090621,0.0251077705697
20090622,0.000443600183181
20090623,0.0
20090624,0.0
20090625,0.0
20090626,0.0
20090627,0.141753752171
20090628,0.189752860523
20090629,0.00621552425054
20090630,0.00419513334342
20090701,7.32114415298e-05
20090702,0.00454017079905
20090703,0.283060445238
20090704,0.00499965036088
20090705,0.0
20090706,0.10660486727
20090707,0.00189038824417
20090708,1.22083910676e-07
20090709,0.0
20090710,0.00129944560117
20090711,0.0922348011701
20090712,0.0204421682371
20090713,0.000332384862029
20090714,0.0
20090715,0.0
20090716,0.0
20090717,0.0
20090718,0.00385812492351
20090719,6.81647421701e-05
20090720,0.0
20090721,0.0
20090722,0.0
20090723,0.0
20090724,0.0
20090725,0.0
20090726,0.0
20090727,0.0
20090728,0.0
20090729,0.0
20090730,0.0
20090731,0.0
20090801,0.0
20090802,0.0
20090803,0.0
20090804,0.0
20090805,0.00835111084733
20090806,0.000147546127757
20090807,0.0
20090808,0.0
20090809,0.00228942911538
20090810,4.04492852184e-05
20090811,0.0
20090812,0.0
20090813,0.0
20090814,0.0
20090815,0.0
20090816,0.0
20090817,0.0
20090818,0.0
20090819,0.0
20090820,0.0
20090821,0.0
20090822,0.00124145536339
20090823,2.19338397124e-05
20090824,0.0
20090825,0.0
20090826,0.0
20090827,0.0
20090828,0.0
20090829,0.0
20090830,0.0
20090831,0.0
20090901,0.0
20090902,0.0
20090903,0.0
20090904,0.0
20090905,0.0
20090906,0.0
20090907,0.0
20090908,0.0
20090909,0.0
20090910,0.0
20090911,0.0
20090912,0.0
20090913,0.0
20090914,0.0
20090915,0.0
20090916,0.0
20090917,0.0
20090918,0.0
20090919,0.0575023413451
20090920,0.00101594242315
20090921,0.0
20090922,0.0
20090923,0.0
20090924,0.0
20090925,0.0
20090926,0.0
20090927,0.0
20090928,0.177668188998
20090929,0.00313901388491
20090930,0.276267796013
20091001,0.00488105638407
20091002,0.0572805299237
20091003,0.00101202352333
20091004,0.016667623344
20091005,0.00438037160119
20091006,0.00886517320956
20091007,0.000155353069641
20091008,0.0
20091009,0.0
20091010,0.0
20091011,0.0187419817343
20091012,0.000331130369162
20091013,0.0
20091014,0.0
20091015,0.0
20091016,0.0013877985454
20091017,0.000921701004979
20091018,1.38387344732
20091019,0.109929286013
20091020,0.00151023843829
20091021,0.0888484377895
20091022,0.00156976033505
20091023,0.0184677532242
20091024,0.0254741870799
20091025,0.000444669000077
20091026,0.239389542488
20091027,0.170820584686
20091028,0.00343034503624
20091029,8.60494727818e-06
20091030,0.0136276623911
20091031,1.78297184064
20091101,0.0340907665978
20091102,4.58259933112e-05
20091103,0.0
20091104,0.0180896456739
20091105,1.95957968136
20091106,1.78735666411
20091107,0.128671679787
20091108,3.80851129895
20091109,3.19815880069
20091110,2.00275260085
20091111,0.996461499242
20091112,3.02516562446
20091113,0.492412090156
20091114,0.441432939291
20091115,0.0712106093865
20091116,0.0101948995788
20091117,0.000160285045653
20091118,0.0399299608648
20091119,0.0630698742567
20091120,0.14163994343
20091121,0.0890981933668
20091122,0.0267588603964
20091123,0.278108736997
20091124,0.0511437947751
20091125,1.20818485683
20091126,1.47651092607
20091127,0.810207251687
20091128,0.0993240171517
20091129,0.275251605039
20091130,0.229264111988
20091201,0.0615891623619
20091202,0.0976977966936
20091203,0.0818521434011
20091204,0.009010811092
20091205,0.0393883179351
20091206,0.000693535846155
20091207,0.306095696405
20091208,0.895616362048
20091209,0.425409074308
20091210,0.0409689512454
20091211,3.90335312511
20091212,0.257854203197
20091213,1.62932778272
20091214,3.2872968796
20091215,7.31504512913
20091216,1.36122768604
20091217,1.86947672881
20091218,1.71005367148
20091219,0.613399414417
20091220,0.0891136264155
20091221,0.136100298224
20091222,0.212318919531
20091223,5.64030543845
20091224,2.7112550088
20091225,9.67761297542
20091226,4.6512324027
20091227,10.769458788
20091228,1.07795264911
20091229,5.42278298097
20091230,9.29673004498
20091231,0.385889112032
20100101,10.8247521287
20100102,1.07215265714
20100103,6.67711326386
20100104,0.394634125922
20100105,1.17329371655
20100106,3.7598126711
20100107,3.49033663585
20100108,1.5951334402
20100109,1.92015058823
20100110,4.03411394818
20100111,1.18456122291
20100112,2.2792186583
20100113,0.563688772919
20100114,2.37679822351
20100115,0.243123931862
20100116,0.00715494790149
20100117,0.011608708569
20100118,0.107439610457
20100119,0.00189529237151
20100120,0.00890800854217
20100121,0.00907523703173
20100122,1.1042815147
20100123,3.03964246599
20100124,0.537584639661
20100125,2.11596906889
20100126,1.49031234886
20100127,3.25493798817
20100128,2.13034204846
20100129,0.216804981996
20100130,0.106666612281
20100131,0.109088806876
20100201,0.0401921614663
20100202,0.0631391081834
20100203,0.20274105083
20100204,0.905714711668
20100205,1.61117404248
20100206,6.55863355854
20100207,2.00299910562
20100208,1.60580160176
20100209,0.470767400536
20100210,0.035193267448
20100211,0.243899070027
20100212,0.403261746003
20100213,2.51342080672
20100214,0.180256581915
20100215,0.064393196378
20100216,0.034064663907
20100217,0.496722490871
20100218,3.76093494165
20100219,4.23066933655
20100220,5.1822174053
20100221,2.55101845482
20100222,1.81024145034
20100223,2.54367373165
20100224,1.78844722482
20100225,0.272417201117
20100226,0.149033903781
20100227,0.169731439347
20100228,0.137507760888
20100301,1.30318869202
20100302,3.8904301664
20100303,3.01659094826
20100304,0.74986518984
20100305,0.80713301698
20100306,3.65438721553
20100307,1.65453259988
20100308,1.6695749315
20100309,2.12390067202
20100310,0.0990559561591
20100311,0.0436135077932
20100312,0.0657232171045
20100313,0.101371545082
20100314,0.221466547719
20100315,1.17090599742
20100316,2.060521488
20100317,1.46508436994
20100318,0.127743559693
20100319,0.122392020462
20100320,0.484232270779
20100321,0.0472065585478
20100322,2.2577146643
20100323,0.816746335824
20100324,0.810348156478
20100325,1.38609421719
20100326,0.778235548025
20100327,0.254705099443
20100328,3.28182499962
20100329,0.753251984552
20100330,0.348881534218
20100331,0.126795333456
20100401,1.43552673662
20100402,0.100097895524
20100403,0.156170296223
20100404,0.0806847504157
20100405,2.22466428719
20100406,1.94407871906
20100407,0.341759418897
20100408,0.994731147437
20100409,1.33877631522
20100410,0.288391378223
20100411,0.57540149351
20100412,0.0408357234742
20100413,0.0778129976904
20100414,0.573123344135
20100415,0.347536594624
20100416,0.092562692669
20100417,1.34881731869
20100418,0.829700437822
20100419,0.788920875325
20100420,0.0185660384406
20100421,0.0101348232439
20100422,0.319900479525
20100423,2.30195954029
20100424,0.547584786267
20100425,0.280142573954
20100426,5.81399036691
20100427,0.684899779507
20100428,0.24591315726
20100429,0.4291013401
20100430,0.474847308089
20100501,0.888176916682
20100502,1.58847989566
20100503,0.113759177586
20100504,0.00151888529929
20100505,0.029585142275
20100506,1.07220379856
20100507,0.229505741363
20100508,0.0469250545332
20100509,0.000763334183637
20100510,0.0
20100511,0.0
20100512,0.0
20100513,0.0
20100514,0.0
20100515,0.0
20100516,0.0
20100517,0.0
20100518,0.0
20100519,0.134834783414
20100520,0.00238223990015
20100521,0.0
20100522,0.0272285878762
20100523,2.6785547568
20100524,2.82958183944
20100525,0.094438485501
20100526,0.0446213269316
20100527,1.30223846087
20100528,0.0229940655354
20100529,0.00348354455363
20100530,6.15467158785e-05
20100531,0.0
20100601,0.0
20100602,0.178960239937
20100603,0.00353068977569
20100604,0.0449643567605
20100605,0.000794308179122
20100606,0.0
20100607,0.0
20100608,0.0
20100609,0.000267593660047
20100610,0.0059145050542
20100611,0.000104413029939
20100612,3.08284036008
20100613,0.0544671460303
20100614,0.0
20100615,0.0
20100616,0.0
20100617,0.0
20100618,0.0
20100619,0.156081912413
20100620,0.366585666098
20100621,0.0542925335729
20100622,0.000845661999923
20100623,0.0
20100624,7.28984307191e-05
20100625,1.28795844771e-06
20100626,0.0
20100627,8.31820156722e-05
20100628,1.46964678256e-06
20100629,0.0
20100630,0.0
20100701,1.76178044119
20100702,5.01278720859
20100703,0.0880152080987
20100704,0.0
20100705,0.0
20100706,0.0
20100707,0.0
20100708,0.0
20100709,0.0
20100710,0.0
20100711,0.0
20100712,0.0
20100713,0.0
20100714,0.00246137413477
20100715,4.34871845267e-05
20100716,0.0
20100717,0.0
20100718,0.0028450469775
20100719,5.03659156718e-05
20100720,1.76806881892e-09
20100721,0.0
20100722,0.0
20100723,5.47435606509e-05
20100724,9.67200351085e-07
20100725,0.0620365262033
20100726,0.00109605168577
20100727,0.0
20100728,0.0
20100729,0.0
20100730,0.0
20100731,0.0
20100801,0.0
20100802,0.0
20100803,0.0133887650884
20100804,0.0130210217837
20100805,0.000225874025478
20100806,0.0
20100807,0.0
20100808,0.0
20100809,0.0
20100810,0.0
20100811,0.0
20100812,0.651173573418
20100813,0.0377816458678
20100814,0.000464254623854
20100815,0.0
20100816,0.0
20100817,0.0
20100818,0.0
20100819,0.0101228074561
20100820,0.000178848208381
20100821,0.0
20100822,0.0
20100823,0.0
20100824,0.0
20100825,0.0
20100826,0.0
20100827,0.0112019891574
20100828,0.0053500314894
20100829,9.10586602729e-05
20100830,5.62790195105e-10
20100831,9.60837104037e-06
20100901,1.69759268371e-07
20100902,3.76597965981e-06
20100903,0.00487028973224
20100904,8.60463300283e-05
20100905,0.0
20100906,0.0
20100907,0.0
20100908,0.0
20100909,0.0
20100910,0.0
20100911,0.0
20100912,0.0
20100913,0.0
20100914,0.0154820260719
20100915,0.000273534003405
20100916,0.00422014928955
20100917,7.45609482962e-05
20100918,0.0
20100919,0.0
20100920,0.0
20100921,0.0
20100922,0.0
20100923,0.0
20100924,0.0
20100925,0.0
20100926,0.0
20100927,0.00155449934364
20100928,2.74646548927e-05
20100929,0.0
20100930,0.00140111556067
20101001,2.47546888107e-05
20101002,0.0
20101003,0.0
20101004,0.0
20101005,0.0
20101006,0.0
20101007,0.0
20101008,0.0
20101009,0.0
20101010,0.0
20101011,0.0
20101012,0.0
20101013,0.0
20101014,0.0
20101015,0.0
20101016,0.0
20101017,0.0
20101018,0.0
20101019,0.0
20101020,0.0
20101021,0.0209221977798
20101022,0.000370799249369
20101023,0.00341136554813
20101024,0.0106124583007
20101025,0.00891019688396
20101026,0.000154130089189
20101027,0.0
20101028,0.0
20101029,0.0
20101030,0.0
20101031,0.0
20101101,0.0
20101102,0.0
20101103,0.0
20101104,0.00852271477925
20101105,0.213941276552
20101106,0.00377722061852
20101107,0.0
20101108,0.151905230432
20101109,0.0159205377348
20101110,0.357178820343
20101111,0.0257501292718
20101112,0.0699859678239
20101113,0.206197481059
20101114,0.011181688525
20101115,0.165517665236
20101116,0.0641365809128
20101117,0.00108153005068
20101118,0.0
20101119,0.0105457699987
20101120,0.0281086878672
20101121,0.0093587792325
20101122,0.683687624486
20101123,0.106068921856
20101124,0.00474080151109
20101125,5.4419765236e-05
20101126,0.00269505804805
20101127,0.00464604060912
20101128,0.02372579889
20101129,0.00128963230302
20101130,0.00522925765394
20101201,0.0138297893431
20101202,0.0962389683564
20101203,0.00246145638491
20101204,0.0380648884069
20101205,0.00192384638292
20101206,2.72911068517
20101207,6.10979418875
20101208,4.51116247885
20101209,0.448053763214
20101210,10.0153862951
20101211,2.01842451496
20101212,0.235750335934
20101213,0.947012029924
20101214,0.0280956816495
20101215,0.000201898494238
20101216,3.34383585183e-06
20101217,1.06055478753e-05
20101218,0.000332584704278
20101219,0.00582114866214
20101220,0.0018292519806
20101221,1.86434021646
20101222,3.33715960584
20101223,3.13806971811
20101224,1.58038555948
20101225,2.26269591498
20101226,1.02872174365
20101227,0.0734205124733
20101228,0.0313453041178
20101229,0.370932990286
20101230,0.219822675441
20101231,0.303252223851
20110101,0.104200131395
20110102,0.24326898869
20110103,0.0386520089404
20110104,0.376688915273
20110105,0.0864533508982
20110106,0.247367167311
20110107,2.19380291679
20110108,2.3481808487
20110109,0.494545432495
20110110,1.25153559843
20110111,0.60505340891
20110112,1.74638581156
20110113,3.15575853306
20110114,2.09614725543
20110115,4.12419980984
20110116,0.579959618593
20110117,0.913014123939
20110118,1.73052907978
20110119,0.10238737554
20110120,0.00347697563706
20110121,0.133272799203
20110122,0.148332890663
20110123,0.174266485261
20110124,0.286969117359
20110125,0.0660980527657
20110126,0.0320977070162
20110127,0.978127014549
20110128,0.0576262567127
20110129,0.0727178650359
20110130,1.19846018135
20110131,0.125994841155
20110201,0.596514886523
20110202,0.768023462112
20110203,2.13151921454
20110204,0.903345653114
20110205,0.346523771084
20110206,2.12418305826
20110207,2.97833560557
20110208,2.67103006169
20110209,0.975153764582
20110210,0.489199450335
20110211,0.829855011643
20110212,18.1809995722
20110213,2.02945693245
20110214,1.17780988422
20110215,1.36136543018
20110216,14.521384919
20110217,5.27083119032
20110218,6.85236441617
20110219,7.98970659856
20110220,2.81544100864
20110221,1.6056574283
20110222,0.872567613176
20110223,0.296052189956
20110224,0.0399465685674
20110225,0.838582772093
20110226,0.634337297913
20110227,2.81634455643
20110228,1.46443823528
20110301,0.0364895510445
20110302,1.02519801863
20110303,3.68960850097
20110304,1.09116710587
20110305,2.9189883068
20110306,11.8322082958
20110307,0.783370159319
20110308,4.92841488509
20110309,0.932639781336
20110310,1.69091200688
20110311,0.0490715180595
20110312,0.00312568594564
20110313,0.0139408286452
20110314,0.162506697737
20110315,1.23913869573
20110316,7.78549329221
20110317,2.35733912052
20110318,1.73381122025
20110319,4.92058272868
20110320,7.39767489369
20110321,1.39656174656
20110322,2.93574519018
20110323,3.14303847519
20110324,1.18840201171
20110325,1.69400043878
20110326,0.336352901662
20110327,0.677233609148
20110328,2.07072085003
20110329,0.763924952693
20110330,3.68544290183
20110331,2.64347179999
20110401,2.24524683648
20110402,3.02451939639
20110403,2.25279711551
20110404,1.89080326837
20110405,0.411190656744
20110406,2.16007549855
20110407,9.2108686611
20110408,6.80458860435
20110409,7.65304820737
20110410,0.345846579796
20110411,0.482597358807
20110412,0.61866580347
20110413,2.43799661471
20110414,2.19354624656
20110415,0.773728489851
20110416,0.584008909232
20110417,0.373438238449
20110418,0.406473425723
20110419,2.95236510331
20110420,5.37432625405
20110421,3.89687203389
20110422,3.06571450623
20110423,3.83787253242
20110424,2.14230510499
20110425,0.68103873788
20110426,0.0221649322058
20110427,1.03451913759
20110428,0.658147984878
20110429,0.0499236779265
20110430,0.144160668839
20110501,0.0623945456527
20110502,0.45163747555
20110503,0.00889848873837
20110504,1.65673665754e-05
20110505,0.000255677623415
20110506,0.000338237150288
20110507,0.0138080308402
20110508,0.00526327166792
20110509,0.220595326707
20110510,0.109276280287
20110511,0.0605242959948
20110512,0.0116836732696
20110513,0.000461103509173
20110514,4.63665410432e-05
20110515,7.33982313174e-07
20110516,0.0241539474279
20110517,0.0334678467229
20110518,0.000583764938863
20110519,0.00513911285667
20110520,0.102104429439
20110521,0.0914616695056
20110522,0.00301583768429
20110523,0.00322399743998
20110524,3.3042991576
20110525,0.152654287534
20110526,0.0155800087186
20110527,0.00410745410327
20110528,0.44192705488
20110529,0.027469288095
20110530,0.000347395716408
20110531,6.62147880559e-07
20110601,0.000211658996555
20110602,3.73935215138e-06
20110603,0.0
20110604,0.0574241576504
20110605,0.600319849183
20110606,0.0213548329832
20110607,0.000190219078308
20110608,0.0
20110609,0.0
20110610,0.0
20110611,0.0
20110612,0.0
20110613,0.00792084553083
20110614,0.000191473750251
20110615,9.10415012514e-07
20110616,0.0
20110617,0.0
20110618,0.0
20110619,0.0216048144127
20110620,0.000381710488735
20110621,0.0
20110622,0.0
20110623,0.000368143106979
20110624,0.0203057340419
20110625,0.000358643617622
20110626,2.82905052931e-05
20110627,0.000146305914997
20110628,7.49546450783e-05
20110629,1.27877341967e-06
20110630,0.0
20110701,0.0037376114994
20110702,6.60355327556e-05
20110703,0.0
20110704,0.0
20110705,5.61037678866e-05
20110706,9.91232753902e-07
20110707,0.000227064069973
20110708,0.00336463179851
20110709,5.93749108349e-05
20110710,0.0
20110711,0.0
20110712,0.0
20110713,0.161485654421
20110714,0.0134538769954
20110715,0.00027221062212
20110716,0.000547788342239
20110717,9.65173093053e-06
20110718,0.0
20110719,2.07632522928e-05
20110720,0.000153102457327
20110721,2.69850954092e-06
20110722,0.0
20110723,0.0
20110724,0.00408813214697
20110725,7.22284750791e-05
20110726,0.0
20110727,0.0
20110728,0.0
20110729,0.0
20110730,0.0
20110731,0.0
20110801,0.00158886835177
20110802,7.28722362716e-05
20110803,7.91525396666e-07
20110804,0.110085722301
20110805,0.00217528705496
20110806,0.0902912411445
20110807,0.0372967609381
20110808,0.000723832782425
20110809,0.000267235878233
20110810,4.69243153634e-06
20110811,0.00286436133373
20110812,0.000670900476086
20110813,0.000695691740357
20110814,0.0434300221539
20110815,0.00679725875606
20110816,0.000640222901036
20110817,0.00517227414872
20110818,0.000113696149575
20110819,3.97169638741e-07
20110820,2.16895728045e-05
20110821,3.83208079261e-07
20110822,0.0
20110823,0.0
20110824,0.00118134640043
20110825,2.08718423285e-05
20110826,0.0
20110827,0.0
20110828,0.00304550510532
20110829,0.000812715538883
20110830,0.000182139799184
20110831,2.98112131195e-06
20110901,0.0
20110902,0.0
20110903,0.000135779056883
20110904,0.0013646439011
20110905,2.40679338714e-05
20110906,0.0127220259148
20110907,0.000224770777609
20110908,0.0
20110909,0.00228540170442
20110910,0.000408285053397
20110911,0.0607704503989
20110912,0.00107356797003
20110913,0.0
20110914,0.144366676314
20110915,0.0385167688832
20110916,0.00768694702522
20110917,0.000124584861992
20110918,0.0
20110919,0.0
20110920,0.0813056806132
20110921,0.00292142126175
20110922,2.62354226616e-05
20110923,0.0861808874559
20110924,0.126987384038
20110925,0.0635515028732
20110926,0.00117810100329
20110927,1.66867685102e-06
20110928,0.0
20110929,0.0
20110930,0.2145613249
20111001,0.00827688175582
20111002,9.94477946371e-06
20111003,1.72652448048e-07
20111004,0.0
20111005,0.000429429066436
20111006,0.0100578467874
20111007,0.36842333588
20111008,0.0483666990815
20111009,0.618647415791
20111010,0.227175554503
20111011,0.202695845053
20111012,0.0371888776459
20111013,0.0532590314327
20111014,0.346437399685
20111015,0.0067897255418
20111016,1.21088775949e-05
20111017,0.0
20111018,0.0
20111019,0.00222591674241
20111020,0.000695384688419
20111021,1.15911204914e-05
20111022,0.0198292100406
20111023,0.000350339380328
20111024,0.0
20111025,0.0
20111026,0.000447826271368
20111027,0.000348142129025
20111028,0.000175788754312
20111029,2.99960510751e-06
20111030,0.0
20111031,0.0
20111101,0.0
20111102,0.0
20111103,0.0069291443786
20111104,0.000122423063186
20111105,3.4429246379e-05
20111106,0.663014268231
20111107,0.190327840328
20111108,0.0328761194658
20111109,0.45074476326
20111110,0.0811115165855
20111111,0.0216923335907
20111112,0.000532927085191
20111113,0.777611623145
20111114,0.497752311981
20111115,3.34983788723
20111116,0.941062263767
20111117,0.0700022027701
20111118,0.0669681780658
20111119,0.155324151426
20111120,0.00273835325102
20111121,0.00525662907559
20111122,0.0183150975712
20111123,0.00574328495256
20111124,0.320785749783
20111125,1.56782427756
20111126,1.65236551103
20111127,0.261792763931
20111128,0.0286784159655
20111129,0.646133711388
20111130,1.91776085189
20111201,0.659517603011
20111202,0.0111297756776
20111203,1.2825856618e-06
20111204,0.0
20111205,1.18089448078
20111206,2.24377575203
20111207,2.64971979625
20111208,5.24649358651
20111209,4.49830395521
20111210,7.35297757226
20111211,0.469010335028
20111212,5.02396465069
20111213,3.11033367291
20111214,4.43966225366
20111215,12.8630267192
20111216,0.226655047822
20111217,0.0290889962938
20111218,0.767828501538
20111219,8.3151175012
20111220,8.97794116715
20111221,8.97356733406
20111222,5.96496675393
20111223,2.3647183436
20111224,0.226595638015
20111225,0.648172325603
20111226,0.0280338407189
20111227,0.381895243545
20111228,2.0751909128
20111229,0.776357319645
20111230,1.85966491148
20111231,0.631230743868
20120101,2.72014307945
20120102,0.130905614655
20120103,1.14382349017
20120104,0.32631010418
20120105,4.21818812049
20120106,2.31704417936
20120107,4.12723728464
20120108,1.84591350921
20120109,0.496355056713
20120110,7.84568575075
20120111,0.142405893539
20120112,1.23855390104
20120113,7.52813521234
20120114,3.1775444467
20120115,1.13219627322
20120116,10.3573291987
20120117,0.381173142791
20120118,5.7393507041
20120119,4.38221187234
20120120,1.43184695465
20120121,0.354162561667
20120122,0.154855318941
20120123,1.67247214289
20120124,0.0860203060351
20120125,0.323906672444
20120126,0.426139495276
20120127,0.0733776855555
20120128,0.109612459183
20120129,2.44556952684
20120130,5.62500417599
20120131,2.19882571069
20120201,1.31660884866
20120202,0.405908276715
20120203,0.0579231001361
20120204,0.0719943272019
20120205,0.332005734193
20120206,0.108895634143
20120207,0.344872321495
20120208,0.170884635401
20120209,0.0997559285544
20120210,0.436942944648
20120211,0.401503333651
20120212,0.0697577204933
20120213,0.0982442751894
20120214,0.0597745620118
20120215,0.605033292409
20120216,0.254340108828
20120217,0.192816226353
20120218,0.512435266586
20120219,0.130616857716
20120220,2.55450820357
20120221,2.86587310905
20120222,1.70726180807
20120223,3.1330338894
20120224,4.60592424038
20120225,0.240967521777
20120226,9.24149304493
20120227,5.62860469863
20120228,1.73043259971
20120229,2.03840758737
20120301,7.22551548749
20120302,1.16313457032
20120303,0.160049333423
20120304,2.47923128008
20120305,1.49503965787
20120306,2.35834599658
20120307,4.382467764
20120308,15.1137446607
20120309,0.37069300953
20120310,3.30008566051
20120311,4.6955065267
20120312,2.00332299792
20120313,0.716247197081
20120314,3.68543124316
20120315,0.294593678755
20120316,2.86610532089
20120317,0.413609976052
20120318,5.74903455082
20120319,2.13138949929
