20010102,0.0
20010103,0.254209195941
20010104,0.121321783294
20010105,1.36879993248
20010106,1.1487227189
20010107,0.940788100724
20010108,0.150858839911
20010109,0.0583030273339
20010110,6.95581336418
20010111,0.132289149123
20010112,0.0283238126699
20010113,0.0557815909279
20010114,0.00140695144466
20010115,0.000765458739013
20010116,1.33897174617e-05
20010117,0.39696610282
20010118,0.10858786645
20010119,0.0133838935479
20010120,0.00225883475084
20010121,0.00298773712067
20010122,0.0295606292987
20010123,0.382557253274
20010124,0.497202824218
20010125,0.512417766433
20010126,3.09470261192
20010127,0.117927153288
20010128,0.641655594619
20010129,0.147073275511
20010130,0.0933538451637
20010131,0.00160698440842
20010201,0.00192892453898
20010202,3.40799420392e-05
20010203,0.0
20010204,2.67460593759
20010205,1.36958365585
20010206,0.883648417685
20010207,0.0260996577984
20010208,0.0230119835615
20010209,0.743501557594
20010210,0.0131289465627
20010211,0.0496898710752
20010212,0.00310262294914
20010213,0.00636262069375
20010214,0.0312350736353
20010215,0.000549882656183
20010216,0.0
20010217,0.000578651373364
20010218,1.02235264503e-05
20010219,0.0
20010220,0.0141889766916
20010221,0.00392071951711
20010222,6.54112957543e-05
20010223,0.0110032792232
20010224,0.787946837931
20010225,0.100806201548
20010226,0.00179408777453
20010227,0.107714686982
20010228,0.00694306245239
20010301,0.0027509561438
20010302,0.117898775527
20010303,0.00455663801422
20010304,0.00426833926734
20010305,0.339806070131
20010306,6.24637485911
20010307,0.37459547783
20010308,0.720660066285
20010309,0.0205699092152
20010310,0.125860901644
20010311,0.00222121847915
20010312,0.0023060710886
20010313,0.634211647338
20010314,0.0112183333234
20010315,0.00965144629741
20010316,0.00517824091454
20010317,0.000937020177698
20010318,0.066365654902
20010319,0.0212653664367
20010320,0.00275782283368
20010321,4.24526633073e-05
20010322,0.0
20010323,0.00585743618804
20010324,0.154505187327
20010325,0.654931910099
20010326,0.230007252334
20010327,0.529683873601
20010328,1.03204490707
20010329,1.0321482197
20010330,0.500027095082
20010331,0.0130036173684
20010401,0.933100605939
20010402,0.0527608713424
20010403,0.000640925736601
20010404,0.0010606694082
20010405,0.010141762469
20010406,0.0181294711934
20010407,0.00389500272105
20010408,1.00712104521
20010409,1.36168632595
20010410,0.370771476999
20010411,0.296892783377
20010412,0.075870201421
20010413,0.0612117743633
20010414,0.00224958201449
20010415,0.000821038007816
20010416,0.22494073993
20010417,0.171977110496
20010418,0.00296825353683
20010419,0.0504541234119
20010420,0.0574362679735
20010421,0.141983042162
20010422,0.026393871523
20010423,0.0761780966383
20010424,0.161810886147
20010425,0.131101968898
20010426,0.00240737123586
20010427,0.00678396778978
20010428,0.00268606147186
20010429,0.0264494083769
20010430,0.000596988530639
20010501,2.30539852062e-06
20010502,0.0
20010503,0.0
20010504,0.0
20010505,0.0845673103459
20010506,0.0131471875526
20010507,0.000205884521025
20010508,0.00533920782427
20010509,0.000707109373599
20010510,1.08264489754e-05
20010511,0.0576455667271
20010512,0.0330068688543
20010513,0.276621619652
20010514,0.00487732242587
20010515,0.00198224014564
20010516,0.000403167551683
20010517,0.00400992058993
20010518,0.000601944836455
20010519,0.00107340225298
20010520,0.395298626541
20010521,0.805520293493
20010522,0.235331160614
20010523,0.329402225289
20010524,0.0656820037784
20010525,0.0151862034059
20010526,0.141885962392
20010527,2.82983783018
20010528,4.03398729099
20010529,0.0703893029961
20010530,0.0
20010531,0.0
20010601,0.64263306915
20010602,0.029079750708
20010603,0.0752063309569
20010604,0.0193858738555
20010605,1.39254481917
20010606,0.215836293309
20010607,0.00337877497859
20010608,5.64944512755
20010609,0.116710531851
20010610,0.000943867486863
20010611,1.14016546604e-05
20010612,0.0
20010613,0.0
20010614,0.0
20010615,0.0012708127596
20010616,3.57597721139e-05
20010617,2.35109379834e-07
20010618,0.00405890280087
20010619,7.17120723564e-05
20010620,0.0293742225899
20010621,0.143046453479
20010622,1.43892683289
20010623,0.04522886495
20010624,0.000350717651128
20010625,0.011769104873
20010626,0.000435286261027
20010627,4.016812881e-06
20010628,0.0
20010629,0.0
20010630,0.0
20010701,0.0
20010702,0.0
20010703,0.00603278294815
20010704,0.000106586265752
20010705,0.0
20010706,0.0
20010707,0.0465836821646
20010708,0.0181356705211
20010709,0.000305876986271
20010710,0.0
20010711,0.0
20010712,0.0
20010713,5.25169078716e-07
20010714,0.0123437827576
20010715,0.00805408767251
20010716,1.42049839172
20010717,0.0251749894862
20010718,0.00512143581075
20010719,0.000936159024504
20010720,0.00299597592854
20010721,0.0204866115478
20010722,0.0256060994374
20010723,0.619679221202
20010724,0.0109405972777
20010725,0.000529905193785
20010726,9.36225298991e-06
20010727,0.00621990997239
20010728,0.0158700317067
20010729,0.000467707395132
20010730,3.34380993976e-06
20010731,0.0
20010801,0.00769105472381
20010802,0.0109822530603
20010803,0.000191631989563
20010804,0.0
20010805,0.0
20010806,0.0
20010807,0.0
20010808,0.0
20010809,0.204044427664
20010810,0.00360502511725
20010811,0.0
20010812,0.0
20010813,0.0
20010814,0.0
20010815,0.0
20010816,0.0
20010817,0.0432268253358
20010818,0.000763724795762
20010819,0.0211785683126
20010820,0.000374179658809
20010821,1.41758753719e-05
20010822,0.00055214611964
20010823,9.75081205025e-06
20010824,0.00508842645566
20010825,0.00212827679136
20010826,3.60136868576e-05
20010827,0.027631040286
20010828,0.0223400331364
20010829,0.000386075154639
20010830,0.213818189055
20010831,0.0281367115936
20010901,0.0129297074245
20010902,0.000220836371741
20010903,0.0
20010904,0.0
20010905,0.0
20010906,0.0
20010907,0.000542982950898
20010908,0.000133398033257
20010909,2.18736177237e-06
20010910,0.0
20010911,0.011367253505
20010912,0.0105731483513
20010913,0.000183256447226
20010914,0.0
20010915,0.0
20010916,0.0
20010917,0.0
20010918,0.000948689650882
20010919,0.0096430767908
20010920,0.0106215894649
20010921,0.000478204649985
20010922,5.1863784454e-06
20010923,0.0
20010924,0.0
20010925,0.0
20010926,0.0
20010927,0.0364138319856
20010928,0.000643353789096
20010929,0.000962837763732
20010930,1.70112692772e-05
20011001,1.10166187648
20011002,0.0194639878886
20011003,0.028428001511
20011004,0.000502261575889
20011005,4.39882614184
20011006,0.0807188638662
20011007,0.142360656827
20011008,0.0375345370973
20011009,0.00696565992749
20011010,0.00332649544772
20011011,0.00209768896743
20011012,0.0023979290324
20011013,4.17291737794e-05
20011014,0.0
20011015,0.0
20011016,0.000470377162259
20011017,0.0437567835305
20011018,0.000772941239344
20011019,0.0
20011020,0.0
20011021,0.144014290084
20011022,0.0218892486701
20011023,0.000341781317834
20011024,0.000193212420594
20011025,0.0418890545646
20011026,0.00680939596671
20011027,0.000107232613975
20011028,0.00055366692471
20011029,0.000160629869032
20011030,0.00141719511527
20011031,0.0146934615849
20011101,0.000259160226562
20011102,0.166378676661
20011103,0.265940826252
20011104,0.687013726129
20011105,0.0830675259747
20011106,0.00125462143758
20011107,0.000280071567208
20011108,0.0012308071711
20011109,0.101843738874
20011110,0.0568890326292
20011111,3.84682560001
20011112,0.0706365019792
20011113,0.0604863859735
20011114,0.048320542761
20011115,0.0208142005543
20011116,0.142600467132
20011117,0.0167601114696
20011118,0.00292806157477
20011119,0.000220315887277
20011120,0.0317555572436
20011121,0.274083612316
20011122,0.0694922876204
20011123,0.999376003641
20011124,0.0244994336918
20011125,0.462095559853
20011126,0.0547260646882
20011127,0.000822684930844
20011128,0.00522944218082
20011129,0.0188364205702
20011130,0.00600838896307
20011201,0.0156049970491
20011202,0.000285518423813
20011203,0.00672698747126
20011204,0.0988531662201
20011205,0.0495613865643
20011206,0.22971680904
20011207,0.0727654647876
20011208,0.0182365274239
20011209,0.00152811605389
20011210,2.16849404141e-05
20011211,6.57654849792
20011212,0.372695533334
20011213,0.146849808998
20011214,0.188251237095
20011215,0.227817080825
20011216,0.119168114969
20011217,0.00445569506194
20011218,0.0495787651065
20011219,0.345616689935
20011220,0.121910172084
20011221,0.00596963628614
20011222,8.31991608211e-05
20011223,0.0861969299706
20011224,0.00181688016498
20011225,0.00175925095593
20011226,3.09904068309e-05
20011227,0.200564098505
20011228,0.605087535093
20011229,0.0106279851865
20011230,0.00028037594929
20011231,4.95363815017e-06
20020101,0.0
20020102,0.0
20020103,0.00335186627059
20020104,7.92768233224e-05
20020105,0.00902532091451
20020106,0.00291527696117
20020107,4.86895001799e-05
20020108,0.0
20020109,0.0
20020110,0.0123790445109
20020111,0.0563327292055
20020112,0.0251181095043
20020113,0.72957819496
20020114,0.707216999338
20020115,0.952163990801
20020116,1.55191468236
20020117,0.809123077651
20020118,0.0155638261133
20020119,0.0015869791633
20020120,7.02242920077e-05
20020121,0.015149014875
20020122,0.0497837496066
20020123,0.208244356539
20020124,1.00555774733
20020125,0.79782221745
20020126,2.04382982995
20020127,1.12594372585
20020128,0.0883524432708
20020129,0.00516108140125
20020130,6.96175742785e-05
20020131,0.0
20020201,0.0
20020202,0.0
20020203,1.16557598668e-05
20020204,2.05932163125e-07
20020205,0.00246736110564
20020206,0.00588842000637
20020207,0.0213528386428
20020208,0.0010530729022
20020209,0.00388064060338
20020210,6.83510173627e-05
20020211,0.0
20020212,0.000476888653436
20020213,0.563463566944
20020214,0.0181223613041
20020215,0.000229456803119
20020216,0.0197792399967
20020217,0.0163810205022
20020218,0.0429316069698
20020219,0.00959616316892
20020220,0.00301703219842
20020221,5.05441925061e-05
20020222,0.0
20020223,0.0
20020224,0.0
20020225,0.0
20020226,0.0255569494401
20020227,1.47904789798
20020228,0.38262625345
20020301,0.990581984812
20020302,0.120635340273
20020303,0.338712412513
20020304,0.0973455148627
20020305,0.468660512097
20020306,0.227361968913
20020307,0.0820176452159
20020308,0.0013828338775
20020309,3.80686787012e-08
20020310,0.165429610503
20020311,0.0498551118243
20020312,0.41531987605
20020313,0.0140472425805
20020314,0.181700334765
20020315,0.161784779283
20020316,0.0135829242021
20020317,0.000194490396276
20020318,0.00163838817274
20020319,6.8707223926e-05
20020320,2.04522566421
20020321,0.18604793599
20020322,0.0117010926713
20020323,0.0142717685931
20020324,0.0312490098549
20020325,0.00380526742822
20020326,0.000187493320195
20020327,0.178945479587
20020328,0.00782783703093
20020329,0.239682216268
20020330,0.00778128655656
20020331,0.020594585135
20020401,0.398819609278
20020402,0.334788577374
20020403,0.119349353595
20020404,0.148190925704
20020405,0.0828623540366
20020406,0.600750475356
20020407,0.398939907829
20020408,0.00686132479275
20020409,0.0175639514401
20020410,0.121706738123
20020411,4.37004598327
20020412,1.69171350466
20020413,4.41767731299
20020414,0.263139387323
20020415,0.372126715367
20020416,0.0767682320192
20020417,0.105371237786
20020418,0.20766559099
20020419,7.10386770761
20020420,0.617801361097
20020421,0.30365333607
20020422,0.366478097647
20020423,1.18856811468
20020424,0.0334746042546
20020425,0.121946497964
20020426,0.00846411829155
20020427,0.143452666849
20020428,0.00820099710476
20020429,0.0310239833254
20020430,0.0691463316586
20020501,0.0817713236779
20020502,0.0361480508745
20020503,0.000716010705797
20020504,4.76138904828e-05
20020505,0.0294074764034
20020506,0.0150516339778
20020507,0.00762021788857
20020508,0.000130096607942
20020509,0.985990309483
20020510,0.0272396741834
20020511,0.0121458311908
20020512,0.00261725956209
20020513,0.00277863759627
20020514,5.99637698079e-05
20020515,2.05339514572e-07
20020516,3.8092781514e-05
20020517,6.7301734546e-07
20020518,1.57474252965
20020519,0.034930518106
20020520,1.03041800024
20020521,0.957296034574
20020522,0.0820173566611
20020523,0.00149227754914
20020524,0.00845418952894
20020525,0.00014926229416
20020526,0.196636919261
20020527,0.0107972764277
20020528,0.226766680392
20020529,0.219851928437
20020530,0.0038135636926
20020531,0.000258583301625
20020601,0.000497083010095
20020602,8.70166341605e-06
20020603,0.00211032095068
20020604,3.72848154764e-05
20020605,8.78887340243e-05
20020606,1.55280418433e-06
20020607,0.0
20020608,0.151609364982
20020609,0.00267861084169
20020610,0.0257489586204
20020611,0.00112057661718
20020612,0.000432688331307
20020613,7.43688741802e-06
20020614,0.019274780333
20020615,0.0478751463051
20020616,0.0022384689888
20020617,0.00518137925521
20020618,0.00693225885485
20020619,0.000120868429893
20020620,0.0054791295275
20020621,9.68043956969e-05
20020622,2.37753119487e-05
20020623,4.20058494873e-07
20020624,0.0
20020625,0.0
20020626,0.0
20020627,0.0
20020628,0.00382953375429
20020629,0.0310407636986
20020630,0.08341840724
20020701,0.0336782420828
20020702,0.00251967821076
20020703,3.44615704891e-05
20020704,0.00366375409448
20020705,0.0610056540574
20020706,0.00107669477805
20020707,0.0
20020708,0.0
20020709,0.011460992124
20020710,0.000695782198922
20020711,8.71539577556e-06
20020712,0.0
20020713,0.0
20020714,0.0
20020715,0.0
20020716,0.0
20020717,0.0250504683525
20020718,0.00044258778354
20020719,0.0
20020720,7.44641516724
20020721,0.131562128806
20020722,0.0
20020723,0.0
20020724,0.0
20020725,0.0
20020726,0.0
20020727,0.0
20020728,0.0
20020729,0.0
20020730,0.0
20020731,0.0
20020801,0.0
20020802,0.0
20020803,0.0
20020804,0.0
20020805,0.0
20020806,0.0
20020807,0.0
20020808,0.0168037407334
20020809,0.00029688584676
20020810,0.0
20020811,1.81273861063
20020812,0.0320271870662
20020813,0.0
20020814,1.16884453258
20020815,0.18385783492
20020816,0.0028835134096
20020817,0.0
20020818,0.0
20020819,0.0
20020820,0.0
20020821,0.0
20020822,0.0
20020823,0.0
20020824,0.0
20020825,0.0
20020826,0.0
20020827,0.0
20020828,0.0
20020829,0.0
20020830,0.0
20020831,0.0
20020901,0.0
20020902,0.0
20020903,0.0
20020904,0.0
20020905,0.0
20020906,0.0
20020907,0.0
20020908,0.0
20020909,0.0
20020910,0.0
20020911,0.0
20020912,0.0
20020913,0.0
20020914,0.0
20020915,0.0
20020916,0.0
20020917,5.8147813
20020918,0.176978514689
20020919,0.327836966741
20020920,0.00576899700793
20020921,0.0
20020922,0.0350145175974
20020923,0.000618631047231
20020924,0.0
20020925,0.0
20020926,0.0
20020927,0.0
20020928,0.0
20020929,0.06373207863
20020930,0.00308007275799
20021001,3.452410529e-05
20021002,0.125176306441
20021003,0.0378095713747
20021004,0.0182228948626
20021005,0.000310847272423
20021006,0.376819001713
20021007,0.0309746651566
20021008,0.00356508729851
20021009,0.015519251645
20021010,0.041913154538
20021011,0.000735688114399
20021012,0.0389149136551
20021013,0.00896084212668
20021014,0.220083429886
20021015,0.00388581734157
20021016,0.000322603785312
20021017,5.69971562669e-06
20021018,0.0896071097561
20021019,0.00158316452855
20021020,0.0326558831196
20021021,0.0140639968089
20021022,0.41504209427
20021023,5.96908308794
20021024,0.290224563399
20021025,0.16620850776
20021026,3.09398597268
20021027,0.491988445746
20021028,1.27015130989
20021029,7.08316040964
20021030,1.77436679122
20021031,0.190914715058
20021101,6.76240632797
20021102,0.13256123133
20021103,0.000232059910855
20021104,0.0487729056047
20021105,0.0108129101108
20021106,0.00552010841768
20021107,0.561048921635
20021108,1.79931678808
20021109,0.0316149444423
20021110,0.000618925570037
20021111,1.09350745691e-05
20021112,0.212640522905
20021113,0.777847002837
20021114,12.6484605546
20021115,0.800834397066
20021116,0.595581589892
20021117,0.112272276283
20021118,1.15386309108
20021119,0.0281228961519
20021120,0.15759983745
20021121,0.00302732670847
20021122,4.33396290135e-06
20021123,0.000550615376611
20021124,0.144545715108
20021125,0.696007357807
20021126,4.1092313353
20021127,0.0992650051452
20021128,0.0130420194841
20021129,0.551713488064
20021130,0.00974366455824
20021201,0.0
20021202,1.71975545641
20021203,0.0314841264173
20021204,0.0158354754575
20021205,0.228663736467
20021206,0.301513894335
20021207,0.100368152048
20021208,0.0945266840995
20021209,0.0989082571178
20021210,0.0195396036363
20021211,0.000314860216168
20021212,0.0
20021213,0.0
20021214,0.0
20021215,0.0458415892124
20021216,0.000809922034869
20021217,0.0
20021218,0.0
20021219,1.12604881816
20021220,0.793676848681
20021221,5.73782203151
20021222,4.89277925507
20021223,0.710156572909
20021224,0.270524623588
20021225,1.59566706448
20021226,7.83957024944
20021227,0.558225626202
20021228,0.0123341671237
20021229,1.01767171855
20021230,0.0380354530889
20021231,0.0062837245816
20030101,0.00708420185334
20030102,0.0154857057069
20030103,0.125565354604
20030104,0.0485701478895
20030105,0.276860913392
20030106,0.00494762374327
20030107,0.0684681770905
20030108,0.00667881877701
20030109,9.66282060373e-05
20030110,0.0
20030111,0.036174388332
20030112,0.00152292641386
20030113,0.0108216636738
20030114,0.0723129677454
20030115,0.00797499140927
20030116,0.00768620613151
20030117,0.000133707033746
20030118,5.8447499116e-06
20030119,1.03264125775e-07
20030120,0.0
20030121,0.0
20030122,0.0
20030123,0.0
20030124,0.0112741048826
20030125,0.0162945587464
20030126,0.011966038737
20030127,0.000206389936391
20030128,0.0
20030129,0.00783335664653
20030130,0.0163588333602
20030131,0.000286580083687
20030201,0.00481946610456
20030202,0.0199208711918
20030203,0.00245744380954
20030204,3.72259546939e-05
20030205,0.0125408027375
20030206,0.0287082250116
20030207,0.20522422044
20030208,0.688362753426
20030209,0.0156085948391
20030210,0.882107544541
20030211,2.30239872068
20030212,0.159392476506
20030213,3.01474548716
20030214,1.42773980873
20030215,0.242082519591
20030216,0.0191674915967
20030217,0.0890715976233
20030218,0.00517737586454
20030219,0.0217784413701
20030220,0.0199871630218
20030221,0.0474655887658
20030222,0.000832495267906
20030223,0.000721403997827
20030224,1.2745657036e-05
20030225,0.00951071588521
20030226,0.0364820478383
20030227,0.000641590309546
20030228,0.0
20030301,0.0
20030302,0.0052674677076
20030303,9.30648047124e-05
20030304,0.00247882320794
20030305,4.3795452458e-05
20030306,0.0
20030307,0.0264592957444
20030308,0.000467478745256
20030309,0.0
20030310,0.0934703019699
20030311,0.00495666492886
20030312,5.8396590231e-05
20030313,0.0108621248846
20030314,0.0370040670151
20030315,0.0104312811463
20030316,0.0523303504344
20030317,0.000921511432837
20030318,2.25254967256e-05
20030319,0.00902478706813
20030320,0.000159441473868
20030321,0.0321696137272
20030322,0.0398903591145
20030323,0.384566220722
20030324,0.495402102823
20030325,0.187155145762
20030326,0.00316182002802
20030327,0.0393330123223
20030328,0.18345958393
20030329,0.244130392268
20030330,5.6425886479
20030331,0.181780185614
20030401,0.998920100022
20030402,0.0380693363756
20030403,0.0238102610083
20030404,0.0169869207089
20030405,8.12540995517
20030406,1.01960743331
20030407,0.0523115775043
20030408,0.0154459665162
20030409,0.0325660974121
20030410,0.000570754346615
20030411,0.00121546648292
20030412,2.14746740416e-05
20030413,0.0
20030414,0.000267926143016
20030415,0.324356373042
20030416,0.103961538273
20030417,0.095315494286
20030418,0.473392764388
20030419,0.090918127709
20030420,0.00173887950493
20030421,0.205241947789
20030422,0.022731858076
20030423,0.738447608468
20030424,0.0169551537412
20030425,0.45614872845
20030426,0.00858113344006
20030427,0.00944782344206
20030428,0.00241801576645
20030429,0.0493419402458
20030430,0.0923193303251
20030501,0.953249394526
20030502,6.94281381219
20030503,17.2152063585
20030504,0.387700029408
20030505,0.0627458131443
20030506,0.0996895264485
20030507,0.307319411473
20030508,0.275106427983
20030509,0.00478154548895
20030510,0.0280850662877
20030511,0.00166378794459
20030512,0.0848082040875
20030513,0.0016381599369
20030514,0.00347996549087
20030515,0.0145822413028
20030516,0.000256551284725
20030517,0.017268538788
20030518,0.0715180961596
20030519,0.0974331859394
20030520,0.212654466498
20030521,0.021133135341
20030522,0.304458521068
20030523,0.669333128118
20030524,0.817996978981
20030525,0.0587252725654
20030526,0.000785870777198
20030527,0.00603068476848
20030528,0.381705255997
20030529,0.971536773
20030530,0.710186974653
20030531,0.367442794635
20030601,0.148560113037
20030602,0.00441642747943
20030603,3.36142462101e-05
20030604,0.0364575410932
20030605,0.000644126199743
20030606,0.0175686187581
20030607,0.0654762911898
20030608,0.00259939992844
20030609,2.55840807425e-05
20030610,0.0
20030611,0.0
20030612,0.0
20030613,1.91085670565e-06
20030614,3.3760730277e-08
20030615,0.0174668250743
20030616,0.000334606378057
20030617,0.0434983255258
20030618,0.000768513661763
20030619,0.0047661228698
20030620,0.00199226379291
20030621,0.00495165743441
20030622,0.000260172222211
20030623,0.0278459942109
20030624,3.2553003087
20030625,0.0596673157646
20030626,0.00175665762489
20030627,0.0017273481556
20030628,0.0062029553135
20030629,0.00257875757299
20030630,4.36341722937e-05
20030701,0.0
20030702,0.0119841495122
20030703,0.000211734124277
20030704,0.0
20030705,0.0
20030706,0.0
20030707,0.0
20030708,0.0
20030709,0.0
20030710,0.0
20030711,0.217996415736
20030712,0.00385152670534
20030713,0.0
20030714,0.0
20030715,0.0
20030716,0.0676027452177
20030717,0.00264896439176
20030718,2.56991089078e-05
20030719,0.0106597655785
20030720,0.000188335070188
20030721,0.0
20030722,0.0
20030723,0.0
20030724,0.0
20030725,0.0106325632781
20030726,0.0203255310548
20030727,0.00562002179054
20030728,0.00608137052637
20030729,0.00148373094763
20030730,2.43450555348e-05
20030731,0.0
20030801,0.000199925330502
20030802,3.53224878068e-06
20030803,0.0
20030804,0.0295257859064
20030805,0.0058838421469
20030806,0.000515652627357
20030807,7.43664927671e-06
20030808,0.000688694479501
20030809,0.00112630730036
20030810,0.00245986377923
20030811,4.31127082415e-05
20030812,0.0371351261641
20030813,0.0230461212227
20030814,0.000395583483735
20030815,0.0
20030816,0.0
20030817,0.00820636986631
20030818,0.00014498882898
20030819,0.0
20030820,0.0
20030821,0.0
20030822,6.27684154305e-05
20030823,1.10898319511e-06
20030824,0.0
20030825,0.0363217444554
20030826,0.00509074807604
20030827,7.86045989321e-05
20030828,0.0
20030829,0.0119721031458
20030830,0.000211521231733
20030831,0.0
20030901,0.0164433548916
20030902,0.34396282813
20030903,0.00834317947197
20030904,2.47319882294
20030905,0.0436953821242
20030906,0.000149052883913
20030907,0.0153668512224
20030908,0.00809929745136
20030909,0.000138301143684
20030910,0.0
20030911,0.0
20030912,0.0585696468183
20030913,0.00103479939384
20030914,0.0
20030915,0.0
20030916,0.00694269141779
20030917,0.169918715088
20030918,0.0114732789818
20030919,0.000149705859586
20030920,0.00145167694666
20030921,0.0465999497125
20030922,0.00360245249466
20030923,0.00284246387898
20030924,4.93525499969e-05
20030925,0.0223064223998
20030926,0.00039410638666
20030927,0.0
20030928,0.0
20030929,0.0
20030930,0.0
20031001,0.0
20031002,0.00696834282221
20031003,0.000123115596207
20031004,0.0
20031005,0.0
20031006,0.0
20031007,0.0
20031008,1.06670799089
20031009,0.0188464309158
20031010,0.0
20031011,0.0
20031012,0.0
20031013,0.0
20031014,0.0
20031015,0.0
20031016,0.00895272357366
20031017,0.00941872732624
20031018,0.0109378100562
20031019,0.215038485696
20031020,0.00379590353096
20031021,0.0059160750052
20031022,0.0776024374386
20031023,0.00136922109116
20031024,0.623652236107
20031025,0.0110185905459
20031026,0.000280745502334
20031027,0.00326741703151
20031028,0.0395266715895
20031029,0.000697332752717
20031030,0.227460119965
20031031,0.290710261346
20031101,0.123126325215
20031102,0.039329061523
20031103,0.00289012509939
20031104,0.0165443744803
20031105,0.000571671126847
20031106,0.0264457388177
20031107,0.000467151764145
20031108,0.0
20031109,0.0
20031110,0.0
20031111,0.0
20031112,0.0
20031113,0.0
20031114,0.00409733116463
20031115,7.23910020348e-05
20031116,0.0
20031117,0.0
20031118,0.0
20031119,0.0
20031120,0.0
20031121,0.0
20031122,0.0
20031123,0.00255992531895
20031124,0.0727491417608
20031125,0.0895050931689
20031126,0.0738471030448
20031127,0.0555295436049
20031128,0.00483866507841
20031129,0.0190851460112
20031130,0.0560771761659
20031201,0.000984826659069
20031202,0.0171096074453
20031203,0.292215047661
20031204,0.0051574691164
20031205,0.0107337465003
20031206,0.000276883439256
20031207,0.00252199207463
20031208,4.45309171098e-05
20031209,0.246101997089
20031210,0.0116717627434
20031211,0.000129393483207
20031212,0.0256986822725
20031213,0.29603380114
20031214,0.00522225710079
20031215,1.01237518644
20031216,0.0178864876038
20031217,0.0
20031218,0.0
20031219,0.00414264248201
20031220,0.328208092616
20031221,0.0361904640687
20031222,2.62552441679
20031223,0.226807180338
20031224,0.00318779748716
20031225,0.0
20031226,0.0
20031227,0.0
20031228,0.0
20031229,0.0
20031230,0.0
20031231,0.0
20040101,0.0
20040102,0.0
20040103,0.0
20040104,0.00283885558454
20040105,0.130408371141
20040106,0.00249272554275
20040107,0.0788368526517
20040108,0.00139281811762
20040109,3.3678746686
20040110,0.462582709912
20040111,0.00712154804836
20040112,0.0
20040113,0.0
20040114,0.405284579901
20040115,0.694027794983
20040116,8.51879795938
20040117,0.349911025306
20040118,0.00352679540689
20040119,0.113309159922
20040120,0.00200192865305
20040121,0.0
20040122,0.0
20040123,0.21789512284
20040124,3.50167749942
20040125,0.753868256729
20040126,0.37855108393
20040127,0.0628157862228
20040128,0.00167077977244
20040129,1.19629985323
20040130,0.904489047734
20040131,0.018720990684
20040201,5.01075690022
20040202,12.5812814187
20040203,11.1615545315
20040204,2.6602657954
20040205,12.4078987308
20040206,0.21845075965
20040207,0.0127419141121
20040208,0.000295741512369
20040209,0.0144978828916
20040210,0.00129977524354
20040211,1.84390595907e-05
20040212,0.0
20040213,0.0
20040214,0.0
20040215,0.0527905397972
20040216,0.0684290618718
20040217,0.164991471005
20040218,0.00289397463257
20040219,0.230999717514
20040220,1.74575294793
20040221,1.73869155799
20040222,9.48967663302
20040223,4.17627666211
20040224,4.76853772824
20040225,0.215093246787
20040226,0.00407862833976
20040227,0.032942654507
20040228,0.0570168969376
20040229,0.0122380942291
20040301,0.000198604283908
20040302,0.0
20040303,0.0
20040304,0.0
20040305,0.0
20040306,0.0
20040307,11.1337505146
20040308,2.0418335796
20040309,0.251862017835
20040310,0.243939598158
20040311,0.413099604317
20040312,4.79047069967
20040313,0.110757630513
20040314,0.113948029942
20040315,0.00200502276158
20040316,0.00163961407303
20040317,2.89684398698e-05
20040318,0.0210841074428
20040319,1.51118159261
20040320,3.0307688652
20040321,0.348872940754
20040322,0.0280999595956
20040323,0.892757925942
20040324,0.125468836163
20040325,0.0668129810484
20040326,0.0378574571372
20040327,0.308932107041
20040328,0.00570414890054
20040329,0.115622551157
20040330,1.29582343843
20040331,0.0768924451174
20040401,7.94405717846
20040402,5.33380942233
20040403,2.03572326401
20040404,1.07443515408
20040405,4.62422467708
20040406,0.444700930919
20040407,8.94413314054
20040408,1.68638771338
20040409,1.1854614659
20040410,1.6033967335
20040411,0.90472522
20040412,5.27836214203
20040413,2.94283508559
20040414,0.796462452816
20040415,0.27100275181
20040416,0.060832381684
20040417,0.0143310244681
20040418,0.000235631271861
20040419,0.666842319964
20040420,0.591706697497
20040421,0.101779549476
20040422,0.0621290412036
20040423,0.0547406399936
20040424,0.336465496206
20040425,0.0059278664475
20040426,0.0
20040427,0.0908844784994
20040428,0.129100670243
20040429,0.0617850953715
20040430,0.00105181155574
20040501,0.0
20040502,0.0
20040503,0.0
20040504,0.0
20040505,1.39015038365
20040506,0.0246889454174
20040507,2.26120671302e-06
20040508,0.0
20040509,0.0
20040510,0.00015915020025
20040511,2.81183999363e-06
20040512,0.0203825775688
20040513,0.000360116193809
20040514,0.0245580535425
20040515,0.000433887876636
20040516,0.0
20040517,0.0
20040518,0.0
20040519,0.404575883514
20040520,0.00714798328146
20040521,0.0
20040522,0.0
20040523,0.0
20040524,0.0
20040525,0.0
20040526,0.0
20040527,11.9452941064
20040528,1.66971832133
20040529,0.0257715677295
20040530,0.0
20040531,0.0
20040601,0.0
20040602,0.0
20040603,0.0
20040604,0.0
20040605,0.0
20040606,0.0
20040607,0.0
20040608,0.0
20040609,0.0
20040610,0.0
20040611,0.0
20040612,0.0
20040613,0.0
20040614,0.0
20040615,0.0
20040616,0.0
20040617,0.0
20040618,0.0
20040619,0.0
20040620,0.110952153229
20040621,0.00196028556189
20040622,0.0
20040623,0.0
20040624,0.0
20040625,0.0
20040626,0.0149515516017
20040627,0.0002641617013
20040628,0.0
20040629,0.137571975086
20040630,0.0603856130209
20040701,0.0723844236927
20040702,0.00126078597032
20040703,0.0
20040704,0.0
20040705,0.0
20040706,0.0
20040707,0.0
20040708,0.0
20040709,0.0
20040710,0.129142324652
20040711,0.00228166651208
20040712,0.0
20040713,0.0
20040714,0.0
20040715,0.0
20040716,0.0
20040717,0.0
20040718,0.0
20040719,0.150548714679
20040720,0.00782777429897
20040721,9.13056929735e-05
20040722,0.0
20040723,0.0
20040724,0.0
20040725,0.0
20040726,0.0
20040727,0.0
20040728,0.0
20040729,0.0
20040730,0.0
20040731,0.0
20040801,0.0
20040802,0.908502200852
20040803,0.0162248773361
20040804,3.06717150825e-06
20040805,0.0
20040806,0.0
20040807,0.0
20040808,0.0
20040809,0.0
20040810,0.0
20040811,0.0
20040812,0.0
20040813,0.0
20040814,0.0
20040815,0.0210114544616
20040816,0.000371227064847
20040817,0.0
20040818,0.0
20040819,0.0
20040820,0.0
20040821,0.0
20040822,0.0
20040823,0.0
20040824,0.0
20040825,0.0
20040826,0.0
20040827,0.0
20040828,0.0
20040829,0.0
20040830,0.0
20040831,0.0
20040901,0.0
20040902,0.0
20040903,0.0
20040904,0.00147537257713
20040905,0.00492463359685
20040906,8.65471329384e-05
20040907,0.0
20040908,0.0
20040909,0.0
20040910,0.0160865138927
20040911,0.00303708910158
20040912,4.86373635812e-05
20040913,0.0
20040914,0.0
20040915,0.054228516857
20040916,0.0191801163612
20040917,0.000321943728049
20040918,0.0928011355558
20040919,0.00163959606235
20040920,0.0
20040921,0.0
20040922,0.0
20040923,0.0
20040924,0.0
20040925,0.0
20040926,0.0
20040927,0.0
20040928,0.0
20040929,0.0
20040930,0.0
20041001,0.560050741001
20041002,0.00989488976391
20041003,0.0
20041004,0.0
20041005,0.0
20041006,0.0
20041007,0.24292050305
20041008,0.0044613955548
20041009,2.99494766999e-06
20041010,0.0
20041011,0.0
20041012,0.196884810628
20041013,3.09142870639
20041014,1.10462122421
20041015,2.09457955526
20041016,0.0366789236723
20041017,0.0
20041018,22.693445191
20041019,0.411132353405
20041020,0.000180002226349
20041021,0.0
20041022,0.0
20041023,0.0
20041024,0.000154484100937
20041025,0.241194033503
20041026,0.0042613306838
20041027,0.0
20041028,0.0
20041029,0.0082179529308
20041030,0.00838606780757
20041031,0.000145598541182
20041101,0.0
20041102,0.0
20041103,0.0
20041104,0.0
20041105,1.04341526593
20041106,0.310947095534
20041107,0.0712037117236
20041108,0.475404633732
20041109,0.0116275295613
20041110,0.171233950336
20041111,0.0461273392844
20041112,0.000761537575138
20041113,0.0
20041114,0.0
20041115,0.0
20041116,0.00864179521092
20041117,0.000152681899868
20041118,0.0
20041119,0.0
20041120,0.0
20041121,0.0
20041122,0.0501065751343
20041123,0.0192501700585
20041124,0.0692697555624
20041125,0.0453073238625
20041126,0.390784657211
20041127,6.9753684312
20041128,0.434666183415
20041129,0.0237234085096
20041130,0.243356964452
20041201,0.216488995673
20041202,1.12599567424
20041203,0.188787615603
20041204,1.04482480022
20041205,1.54635510789
20041206,3.23328034913
20041207,1.48260985898
20041208,0.335654958154
20041209,0.211736371129
20041210,1.70230188383
20041211,0.0949445992724
20041212,1.18886062981
20041213,0.0209843357407
20041214,0.000132519319122
20041215,0.0927542095211
20041216,4.20893406657
20041217,0.107707443807
20041218,0.000989997854474
20041219,7.07346676445e-06
20041220,0.0
20041221,1.78449269509
20041222,0.052610097847
20041223,0.0102986205991
20041224,0.0875137533532
20041225,0.0015430811601
20041226,0.0
20041227,0.0
20041228,0.0
20041229,0.0
20041230,18.3953017269
20041231,0.501657935813
20050101,0.02202678099
20050102,0.000334023142704
20050103,0.0
20050104,0.0
20050105,0.0039252516358
20050106,7.0594716049e-05
20050107,2.19785416915e-08
20050108,0.149472577528
20050109,0.0982193856717
20050110,0.00168866655139
20050111,0.0
20050112,0.84873511058
20050113,0.0164535291096
20050114,2.57634344704e-05
20050115,0.0
20050116,0.0
20050117,0.543355746347
20050118,0.00959992183556
20050119,0.01677743284
20050120,0.0171232342196
20050121,0.00245171885653
20050122,3.80640486894e-05
20050123,0.0
20050124,0.0
20050125,0.0410779031446
20050126,6.47261650014
20050127,0.116204024567
20050128,0.867196563299
20050129,0.467757009884
20050130,2.81483764789
20050131,6.65730550344
20050201,2.40494821438
20050202,0.0456473875043
20050203,9.22218921669e-05
20050204,0.0201896708236
20050205,0.0019194328706
20050206,0.00796093229258
20050207,0.0538201205677
20050208,0.000948408955619
20050209,0.0
20050210,0.0
20050211,0.0
20050212,0.0
20050213,0.0
20050214,0.0
20050215,0.0
20050216,2.69659303191
20050217,0.0476429849129
20050218,0.0
20050219,0.0256416369463
20050220,0.000453032506156
20050221,0.0
20050222,0.0
20050223,0.0
20050224,0.0
20050225,0.0
20050226,0.12481491841
20050227,0.00232066859486
20050228,5.1238279491
20050301,3.2108874457
20050302,0.515708201261
20050303,0.020584924977
20050304,0.138329275143
20050305,3.13941141258
20050306,0.163956503312
20050307,0.00191754365464
20050308,0.0
20050309,0.0
20050310,0.0
20050311,4.3336554028e-05
20050312,7.65663695069e-07
20050313,0.200440236467
20050314,0.00996491603979
20050315,0.000116529648577
20050316,5.36931050441e-08
20050317,1.23524333677
20050318,0.095661553149
20050319,1.20420347104
20050320,4.24328832932
20050321,10.8917339285
20050322,5.83975980909
20050323,6.23488800711
20050324,1.37243321074
20050325,3.21682335181
20050326,1.56373495489
20050327,0.0433208352714
20050328,0.016245512613
20050329,0.000298888790449
20050330,13.2624629328
20050331,2.254204162
20050401,0.0356870127945
20050402,0.0
20050403,0.0
20050404,6.31675186854
20050405,4.75930215766
20050406,1.4097853421
20050407,3.27835573976
20050408,0.187337787055
20050409,1.12373134371
20050410,0.335893360976
20050411,0.233466395678
20050412,0.11027830946
20050413,0.017844092693
20050414,1.81492544522
20050415,4.81356799873
20050416,0.248919968752
20050417,0.0284525843259
20050418,0.0694770056754
20050419,0.0843116160604
20050420,0.00146805788048
20050421,0.00282647449344
20050422,0.0372004866105
20050423,0.00065637009197
20050424,0.0
20050425,0.00265082972514
20050426,4.68344420616e-05
20050427,0.53856236481
20050428,0.00951523644483
20050429,0.00591689703127
20050430,0.0017780820637
20050501,0.356174475772
20050502,0.00946308910233
20050503,9.74145984914e-05
20050504,7.31339416567e-07
20050505,0.0
20050506,0.0
20050507,0.00820302691685
20050508,0.390769891463
20050509,0.0069015014957
20050510,0.0
20050511,0.0
20050512,0.0
20050513,0.000428891314678
20050514,7.57758553085e-06
20050515,0.0134065207858
20050516,0.000236864313406
20050517,0.0
20050518,0.0
20050519,0.0
20050520,0.0
20050521,6.14776253954
20050522,0.800736090967
20050523,2.0573722366
20050524,1.77631329054
20050525,0.0457957189905
20050526,4.68467955199
20050527,1.28849913103
20050528,0.0272613625733
20050529,0.00170127963196
20050530,2.81979495527e-05
20050531,0.0430232205774
20050601,0.0240173170474
20050602,0.000410904306546
20050603,0.0
20050604,0.0
20050605,0.0
20050606,0.0
20050607,0.0
20050608,0.0
20050609,0.0
20050610,0.0
20050611,0.0
20050612,0.0
20050613,0.0
20050614,0.0
20050615,0.0
20050616,0.0
20050617,0.0
20050618,0.0
20050619,0.0
20050620,0.0
20050621,0.0
20050622,0.0
20050623,0.0
20050624,0.0
20050625,0.0
20050626,0.0
20050627,0.0
20050628,0.0
20050629,0.0
20050630,0.0154151160415
20050701,0.000272351906043
20050702,0.0
20050703,0.0414695650898
20050704,0.0132758080183
20050705,0.000221610095248
20050706,0.0
20050707,0.0
20050708,0.0646702995114
20050709,0.00175962685981
20050710,1.09018007055e-05
20050711,0.0
20050712,0.0
20050713,0.0
20050714,0.0
20050715,0.0
20050716,0.0
20050717,0.0
20050718,0.0
20050719,0.0
20050720,0.0
20050721,0.0
20050722,0.0
20050723,0.0
20050724,0.0
20050725,0.0
20050726,0.262577438717
20050727,0.0046391773444
20050728,0.0
20050729,0.0
20050730,0.0
20050731,0.0
20050801,0.000132595318153
20050802,2.34267242719e-06
20050803,0.0
20050804,0.0
20050805,0.0
20050806,0.0
20050807,0.0
20050808,0.0
20050809,0.0
20050810,0.0
20050811,0.0
20050812,0.0
20050813,0.0
20050814,0.0
20050815,0.0
20050816,0.0
20050817,0.0
20050818,0.0
20050819,0.0
20050820,0.0
20050821,0.0
20050822,0.0
20050823,0.0
20050824,0.0
20050825,0.0
20050826,0.0
20050827,0.0
20050828,0.0
20050829,0.0
20050830,0.0563763561452
20050831,0.000996048604835
20050901,0.0
20050902,0.0
20050903,0.0
20050904,0.0
20050905,0.0
20050906,0.0
20050907,0.0
20050908,0.0
20050909,0.0
20050910,0.0
20050911,0.0
20050912,0.0
20050913,0.0
20050914,0.0
20050915,0.0
20050916,0.0
20050917,0.0
20050918,0.0
20050919,0.0
20050920,0.0
20050921,0.0
20050922,0.186656015466
20050923,0.00329780935362
20050924,0.0
20050925,0.0
20050926,0.0
20050927,0.0
20050928,0.0
20050929,0.498608418184
20050930,0.00880933545861
20051001,0.0
20051002,0.0433430279814
20051003,0.000765777886343
20051004,0.0167774120355
20051005,0.000296420720677
20051006,0.0
20051007,0.0
20051008,0.0
20051009,0.0
20051010,0.0
20051011,0.0
20051012,0.0
20051013,0.0
20051014,0.0
20051015,0.0
20051016,0.0
20051017,0.00161763798535
20051018,2.85801705292e-05
20051019,0.0
20051020,0.0
20051021,0.000374917341836
20051022,0.695352722538
20051023,0.0230240543171
20051024,0.000189731237439
20051025,0.0
20051026,0.156211334451
20051027,0.40807695524
20051028,0.00800161394689
20051029,0.00868310996996
20051030,0.000153149419661
20051031,0.0
20051101,0.907617214224
20051102,0.0181926039421
20051103,3.81089310377e-05
20051104,0.0
20051105,0.341240296889
20051106,0.168680996953
20051107,0.17520712301
20051108,0.0523892823226
20051109,0.813322863484
20051110,0.0549878355097
20051111,0.000717907709642
20051112,0.0
20051113,0.0
20051114,0.0
20051115,0.00236137363181
20051116,4.17203962892e-05
20051117,0.0
20051118,0.0
20051119,0.0
20051120,0.0
20051121,0.272572978245
20051122,0.0349369742239
20051123,0.224745328532
20051124,0.317616769718
20051125,0.0502655079153
20051126,0.125709853618
20051127,0.00220706150743
20051128,0.0
20051129,0.0
20051130,0.0
20051201,0.0
20051202,0.0
20051203,0.0502407369628
20051204,0.0771488947408
20051205,0.195386914917
20051206,0.0061247060317
20051207,0.0631142538574
20051208,0.00155561740593
20051209,7.79799303327e-06
20051210,1.40356632284e-06
20051211,0.00486449178079
20051212,0.132169376373
20051213,0.0023336295817
20051214,0.0
20051215,0.0
20051216,0.0
20051217,0.0
20051218,0.0
20051219,0.0
20051220,1.31803289594e-06
20051221,0.00351888779527
20051222,6.21707519921e-05
20051223,0.0
20051224,0.0
20051225,0.0
20051226,0.000676667597097
20051227,0.277169272329
20051228,0.494869160826
20051229,0.00865675701903
20051230,0.0
20051231,0.0
20060101,0.0
20060102,0.0
20060103,0.0
20060104,0.0
20060105,0.0
20060106,0.0
20060107,0.0145826702949
20060108,0.00911696744073
20060109,0.000156525125566
20060110,0.0
20060111,3.84833409627
20060112,4.66383201244
20060113,0.7429929366
20060114,0.0436194044679
20060115,0.00596160030644
20060116,0.0559792384202
20060117,0.29001535017
20060118,0.223806284849
20060119,0.00462614020221
20060120,0.0108654792903
20060121,0.000191731670699
20060122,0.0
20060123,0.0
20060124,0.0
20060125,0.0
20060126,0.000264448080252
20060127,4.67222689128e-06
20060128,0.0
20060129,0.0
20060130,0.0
20060131,0.0
20060201,0.0
20060202,0.0681913447831
20060203,0.00120479394344
20060204,0.0
20060205,0.0
20060206,0.00566525125473
20060207,0.000100092790795
20060208,0.0
20060209,0.0
20060210,0.0
20060211,0.0
20060212,0.0
20060213,0.00217987494915
20060214,0.0893963283847
20060215,0.00186271365554
20060216,0.0370394627708
20060217,0.0694893980554
20060218,0.473603838362
20060219,0.00954384305841
20060220,2.1162055068e-05
20060221,0.0109618751678
20060222,0.0177891666279
20060223,0.0354864557389
20060224,0.023728404761
20060225,4.39312312567
20060226,0.780778457071
20060227,0.0918508291833
20060228,0.944555185728
20060301,5.09749998142
20060302,0.130889095
20060303,0.0550421181078
20060304,12.2017472644
20060305,4.19060271846
20060306,7.93049087998
20060307,0.146651083174
20060308,0.666220270381
20060309,0.0729998217704
20060310,0.00387940171773
20060311,0.149128658333
20060312,0.00622011005088
20060313,0.202836937289
20060314,0.855443414951
20060315,1.10869252961
20060316,0.435207372376
20060317,0.0087567512068
20060318,0.000698719188599
20060319,4.70434050583
20060320,0.710823002016
20060321,3.43204062464
20060322,0.345741170853
20060323,0.488118246524
20060324,1.4364874939
20060325,6.21422998532
20060326,0.858899195885
20060327,1.23781095103
20060328,0.0244944549198
20060329,0.0246775513111
20060330,0.0171631347292
20060331,0.0123896056004
20060401,0.424678010524
20060402,0.169829445513
20060403,0.498795049495
20060404,0.0150084358859
20060405,0.000110361719993
20060406,2.38836120906
20060407,5.99955394649
20060408,1.89550055954
20060409,2.31581787413
20060410,0.434724914546
20060411,0.241347632343
20060412,2.60779821801
20060413,0.0460010111246
20060414,0.343745209236
20060415,0.067038451542
20060416,0.0110698185772
20060417,0.00018129945762
20060418,0.381331584784
20060419,1.22994265861
20060420,0.247537545811
20060421,0.00990792396405
20060422,0.27772807629
20060423,0.792430494247
20060424,0.105708733302
20060425,2.81511007997
20060426,0.0758416933969
20060427,0.584631527945
20060428,1.03240215723
20060429,0.567288834815
20060430,0.106011002196
20060501,0.870753966345
20060502,6.49756069615
20060503,1.00608011264
20060504,0.0747875143525
20060505,0.0666521217502
20060506,0.402270946293
20060507,0.167194465508
20060508,0.206832473097
20060509,1.06035248877
20060510,1.94647915181
20060511,0.0443694391325
20060512,0.00018214159944
20060513,0.0
20060514,0.00320540357309
20060515,5.66325670792e-05
20060516,0.0457431071739
20060517,0.803907741205
20060518,0.0593612704953
20060519,0.0376085428861
20060520,0.0447410839017
20060521,0.000778988019826
20060522,0.110993360032
20060523,0.139997992736
20060524,0.386605084688
20060525,0.41906069039
20060526,0.279629847035
20060527,0.0048117643323
20060528,0.0
20060529,0.0
20060530,0.0317885497903
20060531,0.0339543510887
20060601,0.000589977183854
20060602,0.0
20060603,0.0
20060604,0.0
20060605,0.0
20060606,0.0
20060607,0.0
20060608,0.0
20060609,0.0
20060610,0.0
20060611,1.08972235338
20060612,0.656874920563
20060613,0.214732184313
20060614,0.00359481955913
20060615,0.0
20060616,0.139521670926
20060617,0.00246504711584
20060618,0.223199337051
20060619,0.509485994182
20060620,0.0136769378221
20060621,0.0780469541937
20060622,0.0105491058662
20060623,0.000162043573607
20060624,0.0
20060625,0.0
20060626,0.191922676424
20060627,0.00339086019712
20060628,0.0
20060629,0.0
20060630,0.0
20060701,0.0
20060702,0.0
20060703,0.0
20060704,0.0
20060705,0.0
20060706,4.95777207196e-05
20060707,8.7593138513e-07
20060708,0.0
20060709,0.0
20060710,0.0
20060711,0.0
20060712,0.0
20060713,0.0
20060714,0.00834837013733
20060715,0.000147497724293
20060716,0.41510255305
20060717,0.0208112827061
20060718,0.000238115105286
20060719,0.0
20060720,0.0
20060721,0.0
20060722,0.0
20060723,0.0389189346016
20060724,0.000687613663404
20060725,0.0
20060726,0.270302093469
20060727,0.00477565565864
20060728,0.0
20060729,0.0
20060730,0.27816779182
20060731,0.0121651541709
20060801,0.00012810120515
20060802,0.0
20060803,0.0
20060804,0.0
20060805,0.0
20060806,0.0
20060807,0.225403633924
20060808,0.00684999191305
20060809,5.42949817932e-05
20060810,6.41474715968e-08
20060811,0.00962186243326
20060812,0.000169997591516
20060813,0.0
20060814,0.0
20060815,0.0
20060816,0.0
20060817,0.0
20060818,0.0
20060819,0.0
20060820,0.0
20060821,0.0
20060822,0.0
20060823,0.0
20060824,0.0
20060825,0.0
20060826,0.0
20060827,0.0
20060828,0.0
20060829,0.0
20060830,0.0
20060831,0.0
20060901,0.0731098303928
20060902,0.0274792160592
20060903,0.00046267703378
20060904,0.0
20060905,0.0345359778377
20060906,0.000610176300075
20060907,0.0
20060908,0.0
20060909,0.0
20060910,0.0
20060911,0.0
20060912,0.0
20060913,0.0
20060914,0.0
20060915,0.0
20060916,0.0
20060917,0.0
20060918,0.0
20060919,0.0
20060920,1.36124821817
20060921,0.0259245112433
20060922,3.31129105827e-05
20060923,0.0
20060924,0.00732886525175
20060925,0.000129485190719
20060926,0.0
20060927,0.0
20060928,0.0
20060929,0.139219419755
20060930,2.48738288426
20061001,0.0439032346809
20061002,0.0704292170527
20061003,0.00124433246844
20061004,0.0
20061005,0.0
20061006,0.0
20061007,0.0
20061008,0.0
20061009,0.0
20061010,0.0
20061011,0.0
20061012,0.0
20061013,0.00823603117587
20061014,0.0537984319871
20061015,0.000947931279309
20061016,4.09404275801
20061017,0.285216938881
20061018,0.0037997451634
20061019,0.185655014205
20061020,0.232700616667
20061021,6.23124749541
20061022,1.01084377253
20061023,0.015915593792
20061024,0.0
20061025,0.0856684147104
20061026,0.0594393229689
20061027,0.00102342307877
20061028,0.102859061435
20061029,0.00440584316585
20061030,4.57340160649e-05
20061031,0.0
20061101,7.33260147558
20061102,0.74933373714
20061103,1.20962143986
20061104,0.0760250845554
20061105,0.927590635638
20061106,2.60518346392
20061107,3.51854802087
20061108,0.0663625378141
20061109,1.82372770727
20061110,5.40625816649
20061111,0.157707485083
20061112,0.0383376106861
20061113,0.0034518819197
20061114,0.000129220157281
20061115,0.279554204218
20061116,1.24210613803
20061117,1.29716741407
20061118,0.0265931579545
20061119,0.268932555572
20061120,0.00497700066525
20061121,1.88996761866
20061122,5.06752484885
20061123,0.920474312717
20061124,0.85062060914
20061125,0.22262239707
20061126,0.229511780326
20061127,0.163296399817
20061128,0.56185365415
20061129,0.261695194318
20061130,18.0751292215
20061201,0.572716664633
20061202,0.542808480216
20061203,0.19021930216
20061204,0.356303472514
20061205,0.0724869924522
20061206,0.00117046436606
20061207,0.09246670405
20061208,0.00286962377578
20061209,0.00857223269669
20061210,0.0528249307863
20061211,0.083259447514
20061212,5.0371254046
20061213,1.79176582853
20061214,0.951658208288
20061215,0.901689112232
20061216,1.14900508692
20061217,0.0626310077081
20061218,0.213606995695
20061219,0.0877297855628
20061220,1.06441819229
20061221,2.21158777554
20061222,1.15833025889
20061223,4.39690674809
20061224,16.1836256557
20061225,17.4643761414
20061226,0.310202426548
20061227,1.50977090763
20061228,8.80614852027
20061229,5.34280783929
20061230,0.722078967943
20061231,5.88351081108
20070101,1.2767963596
20070102,0.174398045281
20070103,1.57503017499
20070104,0.124081056843
20070105,0.00415006539115
20070106,4.32618909912e-05
20070107,0.0
20070108,0.198180864774
20070109,0.0420314351265
20070110,0.0273492439426
20070111,0.000471174967564
20070112,0.0
20070113,0.70850255151
20070114,0.0128251356822
20070115,0.0362367634182
20070116,0.0283932516531
20070117,0.0055153617905
20070118,0.0147661679793
20070119,0.0245219235749
20070120,0.00810638711384
20070121,0.000135648743008
20070122,0.000101410974024
20070123,1.7917137205e-06
20070124,0.0
20070125,0.0
20070126,0.0534353685397
20070127,0.000944087592334
20070128,0.0
20070129,0.0
20070130,0.145523272059
20070131,0.557267039115
20070201,7.48456610884
20070202,1.28716794809
20070203,0.239265078951
20070204,0.00585145215062
20070205,0.00567445495135
20070206,0.00637056077805
20070207,0.000131083010852
20070208,3.58467742047e-07
20070209,0.0164667622919
20070210,0.214824771483
20070211,3.21228757544
20070212,1.58496882771
20070213,1.13509058354
20070214,0.274270856663
20070215,0.218763251148
20070216,0.00427221211197
20070217,1.00200069619e-05
20070218,2.51258345277e-08
20070219,0.0
20070220,0.00697131637965
20070221,0.000123168125676
20070222,0.0
20070223,0.0
20070224,0.0
20070225,3.38819532277
20070226,0.357956056721
20070227,0.129473590525
20070228,16.0363103852
20070301,0.28329001932
20070302,0.57605415836
20070303,0.232833926493
20070304,0.00394026798099
20070305,1.1327144026e-07
20070306,0.0
20070307,0.0
20070308,0.0
20070309,0.0
20070310,4.99007633736
20070311,3.36500782741
20070312,0.432132873326
20070313,0.185020558487
20070314,1.16168763303
20070315,0.764492379227
20070316,0.890500098527
20070317,0.0888264995045
20070318,0.0470029052375
20070319,5.64632736173
20070320,0.742922818357
20070321,0.0565622764627
20070322,1.01486807512
20070323,0.324613484086
20070324,0.00676228267486
20070325,0.249584186445
20070326,0.0874828889515
20070327,0.102227720633
20070328,0.859594124577
20070329,0.181547816809
20070330,0.0772028485319
20070331,0.177301891647
20070401,2.20825717343
20070402,0.747806809331
20070403,0.0180128234955
20070404,0.0809509226818
20070405,0.0311673102787
20070406,0.0133148360363
20070407,0.00022596142898
20070408,0.0
20070409,0.0
20070410,0.000168539069714
20070411,0.261656702054
20070412,0.600173961182
20070413,0.646193103011
20070414,0.373734262272
20070415,0.0125358422796
20070416,1.47867990506
20070417,0.394804524405
20070418,0.103863832018
20070419,0.66923082162
20070420,6.2995343627
20070421,0.136400085137
20070422,0.00049367472946
20070423,0.0252436702794
20070424,0.427724081575
20070425,0.11220385967
20070426,1.69999830483
20070427,0.191492281813
20070428,0.11705254795
20070429,0.00420335492335
20070430,0.000165195042076
20070501,0.0463207614716
20070502,1.06748473739
20070503,1.62100371925
20070504,0.387132874495
20070505,0.0301621607134
20070506,0.00042089174023
20070507,0.0
20070508,0.0526724745238
20070509,0.785292571197
20070510,0.0304309910026
20070511,0.369657540917
20070512,0.239081077939
20070513,0.223630734605
20070514,0.66676790886
20070515,1.03943968664
20070516,0.0181577362695
20070517,0.227480496524
20070518,2.12514634314
20070519,0.0374757442292
20070520,0.0
20070521,0.0
20070522,0.0
20070523,0.0
20070524,0.142630968073
20070525,0.00251998181451
20070526,0.0
20070527,1.66127337565e-05
20070528,2.93511366032e-07
20070529,0.0422956524348
20070530,0.00220613777046
20070531,3.8324836794
20070601,3.29004208757
20070602,0.288625058473
20070603,0.406850037222
20070604,0.135122275668
20070605,0.0523566205866
20070606,0.231069077948
20070607,0.00406685506832
20070608,0.0124437165077
20070609,0.000219853663031
20070610,0.0420391452242
20070611,0.000742741098464
20070612,0.0
20070613,0.0
20070614,0.120146780847
20070615,0.00212273491675
20070616,0.0
20070617,0.0
20070618,0.0
20070619,0.00140546294565
20070620,0.0564193187344
20070621,0.000996369057523
20070622,0.0
20070623,0.0
20070624,0.0
20070625,0.0
20070626,0.0
20070627,0.0
20070628,0.0
20070629,0.0
20070630,0.0
20070701,0.0
20070702,0.0
20070703,0.0
20070704,0.0
20070705,0.0
20070706,0.0
20070707,0.0
20070708,0.0
20070709,0.0
20070710,0.0
20070711,0.0
20070712,0.0
20070713,0.0
20070714,0.0
20070715,0.213496831719
20070716,0.0761709717529
20070717,0.372796906639
20070718,0.48171328125
20070719,0.00874214758841
20070720,9.59664748979e-06
20070721,0.000687428874533
20070722,1.21443040594e-05
20070723,0.0
20070724,0.0
20070725,0.0
20070726,0.0
20070727,0.0
20070728,0.0
20070729,0.00351051857693
20070730,6.20232899109e-05
20070731,0.0
20070801,0.833952047535
20070802,0.0147341344339
20070803,0.034104503774
20070804,0.000602553071171
20070805,0.0
20070806,0.0
20070807,0.00120840863558
20070808,2.13499740647e-05
20070809,0.0998835496767
20070810,0.662717161282
20070811,0.0116776038403
20070812,0.0
20070813,0.0
20070814,0.0
20070815,0.0
20070816,0.0
20070817,0.00908459117827
20070818,0.0498995890249
20070819,0.000878782400564
20070820,1.17510020645
20070821,0.110477924148
20070822,0.00158509590515
20070823,0.0
20070824,0.0
20070825,0.0
20070826,0.0
20070827,0.0
20070828,0.0
20070829,0.0
20070830,0.0
20070831,0.0
20070901,0.0
20070902,0.0
20070903,0.0
20070904,0.0
20070905,0.0
20070906,0.0371894994938
20070907,0.000657058196253
20070908,0.0
20070909,0.0
20070910,0.0
20070911,0.0
20070912,0.0
20070913,0.0
20070914,0.0
20070915,0.0
20070916,0.0
20070917,0.0
20070918,3.54805611776e-07
20070919,6.26865199094e-09
20070920,0.0488729079466
20070921,0.0118612843275
20070922,0.000194307515861
20070923,0.0
20070924,0.0
20070925,0.00352407380038
20070926,6.22628010474e-05
20070927,0.0
20070928,0.0
20070929,0.0
20070930,0.0
20071001,0.0
20071002,0.0
20071003,0.0
20071004,0.0
20071005,0.0
20071006,0.0
20071007,0.0
20071008,0.0
20071009,0.0
20071010,0.0
20071011,0.0
20071012,0.0
20071013,0.0
20071014,0.00110683336255
20071015,1.95553622659e-05
20071016,0.0
20071017,0.0
20071018,0.615993793763
20071019,0.107232880944
20071020,0.00170228952437
20071021,0.0
20071022,0.000374456457259
20071023,6.61583678595e-06
20071024,0.0
20071025,0.0
20071026,0.445666291913
20071027,0.491320643681
20071028,0.0513540102402
20071029,0.104190287828
20071030,0.00182745375132
20071031,0.560579309065
20071101,0.00991552508758
20071102,1.99590663996e-07
20071103,0.0
20071104,0.000709857325047
20071105,0.471122164219
20071106,0.222872104107
20071107,0.00379061153034
20071108,0.0
20071109,0.0
20071110,0.0350452380347
20071111,0.113603171023
20071112,0.00937257057734
20071113,1.98657869216
20071114,0.488127011658
20071115,3.79064734674
20071116,0.251420487447
20071117,0.044888465645
20071118,0.000735345336315
20071119,0.0161021314137
20071120,0.562831009215
20071121,0.189008134374
20071122,0.123605404462
20071123,0.329617636985
20071124,0.00587020762539
20071125,0.000108954489867
20071126,2.70154885898e-05
20071127,4.43759353362e-07
20071128,0.0182508042411
20071129,0.0286832997072
20071130,0.000501074897714
20071201,0.0
20071202,0.0
20071203,0.0
20071204,0.0
20071205,0.0
20071206,0.904236501994
20071207,0.255071649307
20071208,0.45596280436
20071209,0.00798124481686
20071210,0.300463442194
20071211,0.227119222389
20071212,0.25155463465
20071213,0.0235493070528
20071214,0.0187013971642
20071215,0.00379034966206
20071216,6.12353668467e-05
20071217,0.122607449033
20071218,0.0185646598881
20071219,0.298873076271
20071220,4.07695690222
20071221,1.91621795956
20071222,0.0894784954514
20071223,0.477213446335
20071224,0.0152366728157
20071225,0.000120549452506
20071226,0.0565680374821
20071227,0.425700379247
20071228,0.0763924459221
20071229,0.00121711824699
20071230,0.0
20071231,6.29942222975e-08
20080101,0.0270974471967
20080102,0.000478945502802
20080103,0.00530264920135
20080104,9.36863542862e-05
20080105,0.00360258754255
20080106,6.36499524143e-05
20080107,0.0
20080108,0.0
20080109,0.0
20080110,0.0
20080111,0.0
20080112,0.0162272427399
20080113,0.158992913045
20080114,0.171313329937
20080115,0.00322394426231
20080116,0.16765357255
20080117,0.105184139592
20080118,0.0504193891861
20080119,0.000858892703498
20080120,0.0137885100037
20080121,2.61257805018
20080122,0.046590950575
20080123,0.054873261695
20080124,0.597366606829
20080125,0.182851671787
20080126,0.00304902422988
20080127,11.397304808
20080128,1.21397401997
20080129,0.0178906054312
20080130,0.380694232585
20080131,0.0304158407375
20080201,4.69808977845
20080202,0.0974603340976
20080203,0.000255523164909
20080204,0.0
20080205,0.133540636931
20080206,3.18777734411
20080207,1.17555130335
20080208,2.56416846808
20080209,0.893150146885
20080210,0.0149858587319
20080211,2.09915224551
20080212,1.05782457652
20080213,2.49559698385
20080214,2.91205036823
20080215,0.406605016773
20080216,0.0274861396087
20080217,0.0950068466119
20080218,0.00205553963333
20080219,0.00150908971121
20080220,2.65426170014e-05
20080221,0.0
20080222,0.00787053873089
20080223,0.348952183946
20080224,0.0814279873191
20080225,0.00132977396526
20080226,0.000209145358155
20080227,3.69514622703e-06
20080228,0.00292860922885
20080229,5.17422085977e-05
20080301,0.0277208666341
20080302,0.00048976881497
20080303,0.812463282744
20080304,0.717033764357
20080305,0.073692421265
20080306,1.1628025214
20080307,0.777751495135
20080308,0.211142161658
20080309,0.0787112496886
20080310,0.00585200246789
20080311,0.0353664518721
20080312,0.000623437044167
20080313,0.414156917759
20080314,0.2481480249
20080315,0.241260784593
20080316,0.285704183839
20080317,0.9705569884
20080318,0.0171520823904
20080319,1.32731115377
20080320,0.572694143363
20080321,1.46533477101
20080322,4.89869022261
20080323,1.53905566185
20080324,10.2471561421
20080325,0.304856268739
20080326,3.48235299594
20080327,7.27970718404
20080328,5.41227353709
20080329,2.36112448258
20080330,0.568849779603
20080331,0.216236273473
20080401,0.00365536770127
20080402,0.0192200117668
20080403,0.788569720579
20080404,3.32513883936
20080405,0.400383271989
20080406,0.0453257431842
20080407,0.000694089080221
20080408,0.00335642101424
20080409,2.99984402734
20080410,0.411220445993
20080411,3.97550072787
20080412,1.30658599564
20080413,0.928720049917
20080414,0.0160225175426
20080415,0.121983162544
20080416,3.8011317087
20080417,0.0747987177823
20080418,1.64850622056
20080419,0.111146026681
20080420,0.220942468087
20080421,0.0450532688981
20080422,0.487818216816
20080423,0.32258891599
20080424,0.131764239553
20080425,0.249994898305
20080426,1.04052614379
20080427,0.0277727789905
20080428,0.0100222298526
20080429,0.464111118513
20080430,0.737597202723
20080501,0.197641957289
20080502,1.9147180019
20080503,0.0337712678599
20080504,0.0
20080505,0.0131248211804
20080506,0.00240835432958
20080507,0.020858861987
20080508,0.000367851704141
20080509,0.0793398413368
20080510,0.00140176421785
20080511,0.246936822729
20080512,0.00436284139085
20080513,0.0
20080514,0.0
20080515,0.107662413352
20080516,0.173368256883
20080517,0.0183144345041
20080518,0.000270052918393
20080519,0.0
20080520,0.0
20080521,0.265507359539
20080522,0.00469094304525
20080523,0.0
20080524,0.0
20080525,0.00558437965142
20080526,0.0339127499232
20080527,0.000597421995635
20080528,0.0
20080529,0.0332269939684
20080530,0.00251132762936
20080531,0.0745203950476
20080601,0.00131601410709
20080602,0.0
20080603,0.00566130323664
20080604,0.000100023016524
20080605,0.0
20080606,1.01496727883
20080607,0.0374688894363
20080608,0.000345169754927
20080609,0.0
20080610,0.0
20080611,0.0
20080612,0.0
20080613,0.0
20080614,0.0
20080615,0.413238227603
20080616,1.25306098431
20080617,0.0220195136232
20080618,1.69971661663e-07
20080619,0.0
20080620,0.0
20080621,0.0
20080622,0.0
20080623,0.0
20080624,0.0
20080625,0.0260119535068
20080626,0.000459575173081
20080627,0.0
20080628,0.0
20080629,0.0
20080630,0.0
20080701,0.0
20080702,0.0
20080703,0.0
20080704,0.0
20080705,0.180706713794
20080706,0.00319269773459
20080707,0.0178617480121
20080708,0.000315578575154
20080709,0.0
20080710,0.104967683612
20080711,0.00185455275911
20080712,0.0808609463346
20080713,0.00142863881466
20080714,0.0173160755152
20080715,0.180428327109
20080716,0.0590099994422
20080717,0.000986353697305
20080718,0.0327558186843
20080719,0.000578724713466
20080720,0.0
20080721,0.0
20080722,0.360162137534
20080723,0.0166504560083
20080724,0.0228575423089
20080725,0.000400632329724
20080726,0.0
20080727,0.0
20080728,0.0
20080729,0.0
20080730,0.0
20080731,0.991627758755
20080801,0.0249810644921
20080802,0.0260564319324
20080803,0.00474780419684
20080804,7.57910188589e-05
20080805,0.0
20080806,0.0
20080807,0.0
20080808,0.0
20080809,0.0
20080810,0.0
20080811,0.0
20080812,0.0
20080813,0.132759312172
20080814,0.00670766003861
20080815,0.00314296764765
20080816,5.41678282111e-05
20080817,0.0
20080818,0.0
20080819,0.0
20080820,0.0
20080821,0.00709168536142
20080822,0.000125294784688
20080823,0.0
20080824,0.0
20080825,0.0
20080826,0.0
20080827,0.0
20080828,0.0
20080829,0.0
20080830,0.0
20080831,0.0
20080901,0.0
20080902,0.0
20080903,5.67766140688
20080904,0.100312043622
20080905,0.0
20080906,0.0
20080907,0.0
20080908,0.0
20080909,0.0
20080910,0.0
20080911,0.0
20080912,0.0
20080913,0.0
20080914,0.0
20080915,0.0
20080916,0.0
20080917,0.0
20080918,0.0
20080919,0.0
20080920,0.0
20080921,0.0
20080922,0.0783559328783
20080923,0.219207581324
20080924,0.00384846579621
20080925,0.353521774568
20080926,0.00624596748359
20080927,0.0
20080928,0.0
20080929,0.0
20080930,0.0
20081001,0.0
20081002,0.0
20081003,0.0
20081004,0.0
20081005,0.0
20081006,0.0
20081007,0.0
20081008,0.0
20081009,0.0
20081010,0.0
20081011,0.0474045576039
20081012,0.325338038943
20081013,0.00573322506174
20081014,0.0
20081015,0.0202064979182
20081016,0.0307192442401
20081017,0.000536435243684
20081018,0.0774299627044
20081019,0.00136802055334
20081020,0.0
20081021,0.202633168388
20081022,0.0700885698108
20081023,0.00117506153372
20081024,0.0
20081025,0.0
20081026,0.0784330419646
20081027,0.00152596445828
20081028,0.682262630906
20081029,0.0120540661065
20081030,0.0
20081031,0.0
20081101,0.380755147636
20081102,0.00676945232511
20081103,7.47871398908e-07
20081104,0.0
20081105,0.0
20081106,6.47668132574
20081107,12.9207555003
20081108,5.23883941174
20081109,0.527928020373
20081110,0.344297863729
20081111,0.884533199249
20081112,0.113884968131
20081113,0.00478328387752
20081114,0.00963944618719
20081115,0.25660396703
20081116,0.00453064645143
20081117,0.655912333488
20081118,0.0267405010107
20081119,0.00026770216368
20081120,0.0
20081121,0.0
20081122,0.0
20081123,0.0019536001551
20081124,0.00742349115295
20081125,0.00013054725581
20081126,0.0
20081127,0.0
20081128,0.912256401001
20081129,0.571666623742
20081130,2.87545718007
20081201,0.0890987317663
20081202,0.112768982488
20081203,9.12959150396
20081204,1.13552664593
20081205,0.0190464452772
20081206,0.172881130396
20081207,0.00305386517718
20081208,0.0115419245939
20081209,2.11809995635
20081210,0.167864376562
20081211,0.00230469477202
20081212,0.0
20081213,0.0
20081214,0.0
20081215,0.0
20081216,0.0
20081217,0.00577140215414
20081218,0.00316347486771
20081219,0.0277156723141
20081220,0.00064555261448
20081221,0.000257985138298
20081222,4.50908532807e-06
20081223,0.0
20081224,0.0
20081225,0.00968966609634
20081226,0.0625230128085
20081227,0.00245428209981
20081228,2.3898580866e-05
20081229,0.0
20081230,0.0
20081231,0.0
20090101,0.0
20090102,0.0
20090103,0.0
20090104,0.0
20090105,0.0
20090106,0.0157676830794
20090107,0.000278580915026
20090108,0.0
20090109,0.0
20090110,0.0
20090111,0.0
20090112,0.0
20090113,0.0
20090114,0.0
20090115,0.0
20090116,0.0928309019827
20090117,0.00259880508893
20090118,0.00147832238736
20090119,2.58195218596e-05
20090120,0.0
20090121,0.0
20090122,0.367081613869
20090123,0.00648554083515
20090124,0.0
20090125,2.67140621388e-05
20090126,0.678755988718
20090127,0.0
20090128,0.0
20090130,0.0
20090131,0.0
20090202,0.0
20090204,0.0
20090207,0.0
20090208,0.0
20090209,0.0
20090210,0.0
20090213,0.0
20090214,0.0
20090215,0.0
20090216,0.0
20090217,0.0
20090218,0.0
20090220,0.0
20090221,0.0
20090222,0.0
20090223,0.0
20090224,0.0
20090225,0.0
20090228,0.0
20090301,0.0
20090302,0.0
20090303,0.0
20090305,0.0
20090306,0.0
20090308,0.0
20090309,0.0
20090310,0.0
20090312,0.0796800633855
20090313,0.335839315308
20090314,0.026587908973
20090315,0.00277000159534
20090316,0.036163261315
20090317,0.000638176260296
20090318,0.0074958480865
20090319,0.00304002594211
20090320,0.000275316538658
20090321,0.0314028888282
20090322,0.016813246148
20090323,0.000287909327341
20090324,0.000794467627865
20090325,1.4036327514e-05
20090326,0.0
20090327,0.00801814845381
20090328,0.114251268084
20090329,2.86331991911
20090330,0.0946119403609
20090331,0.0741557494563
20090401,0.223152772364
20090402,0.429076899116
20090403,0.243949881857
20090404,0.0041773542814
20090405,0.349709464189
20090406,0.0577157674229
20090407,2.39671433282
20090408,1.47617186608
20090409,2.2829388143
20090410,0.139827918548
20090411,0.0932354103151
20090412,0.174245248389
20090413,0.0216947947416
20090414,1.82421402731
20090415,0.0683119914391
20090416,0.0297188526161
20090417,0.117167024712
20090418,0.0304057405473
20090419,0.000500790284562
20090420,0.417498698764
20090421,0.00737630186509
20090422,0.0146585602246
20090423,0.00780067440885
20090424,0.39694703466
20090425,0.0518860030367
20090426,0.011885060639
20090427,0.475720650484
20090428,0.984628882857
20090429,0.0297569107941
20090430,0.0451696337118
20090501,0.000794145273964
20090502,0.521345459217
20090503,5.2864791527
20090504,0.0935076773892
20090505,0.740110463096
20090506,0.0277053061343
20090507,0.482381641819
20090508,0.00851807684069
20090509,0.0163778840048
20090510,0.00899284391067
20090511,0.0486912929172
20090512,0.0602015299065
20090513,0.15623348605
20090514,0.0126633594961
20090515,0.000175292881053
20090516,0.0
20090517,0.0419656746089
20090518,0.116120970844
20090519,0.00203850750912
20090520,0.47227961703
20090521,0.208644955357
20090522,0.00353888334373
20090523,0.0
20090524,0.0
20090525,0.0
20090526,0.0
20090527,0.0
20090528,0.00613610934318
20090529,0.0173051534707
20090530,0.369001315572
20090531,0.00651409009319
20090601,0.0
20090602,0.00889689375415
20090603,0.000157188931825
20090604,0.0
20090605,0.0280525702489
20090606,0.000495628503359
20090607,0.290030877365
20090608,0.264593758851
20090609,0.00458426756804
20090610,0.0
20090611,0.157169256028
20090612,0.00302051193177
20090613,4.30512740735e-06
20090614,0.163504252249
20090615,0.00288876780576
20090616,0.0
20090617,4.12024800549
20090618,0.0727959067916
20090619,0.0
20090620,0.0
20090621,0.0
20090622,0.278137086301
20090623,0.00491408277567
20090624,0.0
20090625,0.0
20090626,0.0
20090627,0.0
20090628,0.0
20090629,0.285305721711
20090630,0.00504073659595
20090701,0.0
20090702,0.820835496678
20090703,0.0145023947368
20090704,0.0
20090705,0.0
20090706,0.0
20090707,0.00209279734113
20090708,0.377283620794
20090709,0.0110487902526
20090710,0.735086582408
20090711,0.143620915454
20090712,0.0023080368763
20090713,0.0
20090714,0.0
20090715,0.0
20090716,0.0
20090717,0.0
20090718,0.0
20090719,0.197712213296
20090720,0.00349314826629
20090721,0.0
20090722,0.0
20090723,0.0
20090724,0.0
20090725,0.0920171241517
20090726,0.00162574420584
20090727,0.0
20090728,0.0
20090729,0.0
20090730,0.0
20090731,0.0
20090801,0.0
20090802,0.0
20090803,0.0
20090804,0.00695597298814
20090805,0.244971814759
20090806,0.0410510783379
20090807,0.00064885370564
20090808,0.0
20090809,0.0
20090810,0.0
20090811,0.0
20090812,0.0
20090813,0.0
20090814,0.0
20090815,0.0
20090816,0.0
20090817,0.0100859732641
20090818,0.000178197421042
20090819,0.0355344206967
20090820,0.000627816710325
20090821,0.0
20090822,0.00244800506954
20090823,4.32509756115e-05
20090824,0.0
20090825,0.0
20090826,0.0
20090827,0.0
20090828,0.0
20090829,0.0
20090830,0.0
20090831,0.0
20090901,0.0
20090902,0.0
20090903,0.0
20090904,0.0
20090905,0.0
20090906,0.0
20090907,0.0
20090908,0.0
20090909,0.0
20090910,0.0
20090911,0.0
20090912,0.0
20090913,0.0
20090914,0.0
20090915,0.0
20090916,0.0
20090917,0.0
20090918,0.0
20090919,0.0
20090920,0.0
20090921,0.0
20090922,0.0
20090923,0.0
20090924,0.0
20090925,0.0
20090926,0.0
20090927,0.0
20090928,0.0
20090929,0.0
20090930,0.0
20091001,0.0
20091002,0.0
20091003,0.0
20091004,0.0
20091005,0.0
20091006,0.0
20091007,0.0
20091008,0.0
20091009,0.0
20091010,0.0
20091011,0.015390511276
20091012,0.000271917203337
20091013,0.0
20091014,0.0
20091015,0.0496995015228
20091016,0.00401493979254
20091017,5.54214956105e-05
20091018,0.00500030472081
20091019,0.855289136698
20091020,0.0151095542727
20091021,0.0
20091022,0.0
20091023,0.0192446756907
20091024,0.0387423190506
20091025,0.382361447256
20091026,0.298873911547
20091027,0.691876425316
20091028,1.61820091118
20091029,0.0465522255207
20091030,0.000321138948367
20091031,0.152738163109
20091101,0.0574658642072
20091102,0.669075427868
20091103,0.0168911850651
20091104,0.0293294751797
20091105,0.000516600567145
20091106,0.103473680995
20091107,0.247333857293
20091108,0.375969490179
20091109,0.00696139127268
20091110,0.0604936821624
20091111,0.822095320002
20091112,0.150446088609
20091113,0.059630206001
20091114,0.00209909282165
20091115,1.92224351479e-05
20091116,0.0
20091117,0.0
20091118,4.60885645719
20091119,0.152384236453
20091120,0.0250513440969
20091121,0.00106548557137
20091122,1.13963114311e-05
20091123,0.188161536099
20091124,0.603448728673
20091125,0.437731478263
20091126,0.212943473221
20091127,0.00362892217388
20091128,0.00562541829956
20091129,0.0396865877605
20091130,0.0006994204665
20091201,0.0
20091202,0.000549395915977
20091203,0.459884556963
20091204,0.0776415461039
20091205,0.0406558801347
20091206,0.0645473740109
20091207,0.0415748537202
20091208,0.517072477008
20091209,0.874975323601
20091210,0.304783664251
20091211,0.136887080379
20091212,0.0280116615184
20091213,0.0695868545551
20091214,0.464206438945
20091215,0.201098776579
20091216,4.72763020712
20091217,0.120414044446
20091218,0.000652777926303
20091219,0.0
20091220,0.00441625477427
20091221,7.80256963879e-05
20091222,0.0
20091223,0.952509479024
20091224,4.47153287265
20091225,0.308289697638
20091226,1.36417980776
20091227,0.6294754412
20091228,1.04633202139
20091229,0.0566668309168
20091230,0.0608269687459
20091231,0.0396104513298
20100101,0.0925960276116
20100102,0.023187547818
20100103,0.234784691829
20100104,1.83695748484
20100105,0.216866071828
20100106,0.877697046321
20100107,0.209963520423
20100108,4.16870340257
20100109,0.972748106022
20100110,8.3003865837
20100111,2.75942171465
20100112,0.487628355728
20100113,0.0111443086302
20100114,6.00140592337e-05
20100115,1.62800599231e-08
20100116,0.0
20100117,0.000722827904946
20100118,1.27708143822e-05
20100119,0.0
20100120,0.0
20100121,0.0048211439881
20100122,8.51792321451e-05
20100123,0.00045467168746
20100124,2.57834053779e-05
20100125,3.13610247279e-07
20100126,0.0
20100127,0.0
20100128,0.0
20100129,0.0
20100130,0.0
20100131,0.0
20100201,0.0
20100202,0.0
20100203,0.0
20100204,0.0
20100205,5.29061008891
20100206,0.576191569423
20100207,1.37534208243
20100208,0.0440820620141
20100209,0.000352180434681
20100210,0.0
20100211,0.0
20100212,0.0
20100213,0.0
20100214,0.00051874966956
20100215,0.00362344337221
20100216,6.38565045877e-05
20100217,0.000234479796104
20100218,0.583789265043
20100219,0.936910881097
20100220,0.902858564507
20100221,1.29890358245
20100222,0.0523239712308
20100223,3.0694478799
20100224,0.492833021789
20100225,0.107562303325
20100226,0.00176348024536
20100227,0.099473737331
20100228,0.980093721517
20100301,0.579111123688
20100302,0.383542342764
20100303,0.185138746354
20100304,0.128362664411
20100305,0.00982844131084
20100306,0.511400605169
20100307,0.0999046411927
20100308,0.0383526884334
20100309,0.0283403469501
20100310,0.000489242071157
20100311,0.0
20100312,0.0
20100313,0.0
20100314,0.0
20100315,0.0
20100316,0.529101318122
20100317,0.0481238425841
20100318,0.539412696762
20100319,0.00951815581324
20100320,0.0
20100321,0.876649769881
20100322,0.0813078664581
20100323,1.65625902916
20100324,1.04637024251
20100325,2.70419447394
20100326,1.02032763346
20100327,0.632253881723
20100328,1.02715793406
20100329,1.16008192464
20100330,0.192989794229
20100331,0.172145853971
20100401,1.06269625728
20100402,0.20170692204
20100403,0.156405116633
20100404,0.227639951351
20100405,0.455319492214
20100406,0.0362696842407
20100407,0.0874682065448
20100408,1.40237458344
20100409,0.676737138476
20100410,0.0936519537376
20100411,0.00212224593502
20100412,1.18575539944e-05
20100413,0.123690165734
20100414,0.0397397892435
20100415,0.103365897832
20100416,2.10766434593
20100417,0.23774238089
20100418,0.153637220699
20100419,0.969756522044
20100420,0.0361180062629
20100421,0.146879679175
20100422,0.00258910575868
20100423,0.14943065543
20100424,0.00429790848394
20100425,2.92895919819e-05
20100426,0.0
20100427,0.112646524532
20100428,0.539438831527
20100429,0.0282333024345
20100430,0.224804573402
20100501,0.0587550911615
20100502,0.961644450241
20100503,0.665902873505
20100504,0.0114651888678
20100505,0.00691272403438
20100506,0.831282959614
20100507,3.31295146719
20100508,0.0835767438559
20100509,0.000806480864834
20100510,0.00213140692325
20100511,3.75451716091e-05
20100512,0.0393978507901
20100513,0.00166108533233
20100514,1.70496597824e-05
20100515,0.0
20100516,9.09793588663e-07
20100517,1.60741010666e-08
20100518,0.156425203163
20100519,0.00410016405742
20100520,2.36125277075e-05
20100521,0.0270237463296
20100522,0.000477451428017
20100523,0.62508498788
20100524,0.0110439048443
20100525,0.0
20100526,0.0
20100527,0.00454682192956
20100528,4.89566451766
20100529,0.279631304319
20100530,0.00341231208841
20100531,0.0
20100601,0.0
20100602,0.0
20100603,0.00104997275573
20100604,0.563093875952
20100605,0.047808596338
20100606,0.00066890939151
20100607,0.0
20100608,0.0
20100609,0.0
20100610,0.0285208084979
20100611,0.000503901188075
20100612,1.03899034425e-06
20100613,1.83567082846e-08
20100614,0.0
20100615,0.0
20100616,0.0
20100617,0.0112193466275
20100618,0.0337546104687
20100619,0.276595426601
20100620,0.0663669830642
20100621,0.00108640638145
20100622,0.0
20100623,0.0
20100624,0.0
20100625,0.0
20100626,0.0
20100627,0.0
20100628,0.0
20100629,0.0
20100630,0.0
20100701,0.0
20100702,0.000169514641442
20100703,2.99495804943e-06
20100704,0.0
20100705,0.0
20100706,0.0
20100707,0.0
20100708,0.0
20100709,0.0
20100710,0.0
20100711,0.0
20100712,0.0
20100713,0.0
20100714,0.0
20100715,0.0
20100716,0.0
20100717,0.0
20100718,0.0
20100719,0.407685631073
20100720,0.0182552906672
20100721,0.00160289100578
20100722,2.4869605989e-05
20100723,0.022443731532
20100724,0.00295708394907
20100725,0.0169134103817
20100726,0.714563662959
20100727,0.0167832980574
20100728,7.35647271309e-05
20100729,0.0
20100730,0.0
20100731,0.0
20100801,0.0
20100802,0.0041455813819
20100803,0.000436173688713
20100804,6.41219586805e-06
20100805,0.0
20100806,0.0
20100807,0.0
20100808,0.0
20100809,0.0
20100810,0.0
20100811,0.0602782412278
20100812,0.252468122496
20100813,0.00953477382045
20100814,8.99827258397e-05
20100815,0.0
20100816,0.0
20100817,0.0
20100818,0.0
20100819,0.0
20100820,0.0
20100821,0.0
20100822,0.0
20100823,0.0
20100824,0.0
20100825,0.00854859092811
20100826,0.000151035157585
20100827,0.0115974764526
20100828,0.000204902390787
20100829,0.0
20100830,0.0
20100831,0.0
20100901,0.0
20100902,0.847683931171
20100903,0.313125032891
20100904,0.853461265665
20100905,0.0152656135508
20100906,4.94453191833e-06
20100907,0.0
20100908,0.0
20100909,0.0
20100910,0.0
20100911,0.0
20100912,0.0
20100913,0.0
20100914,0.112628602035
20100915,0.00717705960214
20100916,9.16458366743e-05
20100917,0.0
20100918,0.0
20100919,0.0
20100920,0.0
20100921,0.145509388466
20100922,0.00257083769902
20100923,0.0
20100924,0.0
20100925,0.0
20100926,0.165882585954
20100927,0.00293078778927
20100928,0.0
20100929,0.0
20100930,0.0263306651024
20101001,0.022383874859
20101002,0.000387255654702
20101003,0.0
20101004,0.0
20101005,0.0
20101006,0.0
20101007,0.0
20101008,0.0
20101009,0.0
20101010,0.0
20101011,0.0
20101012,0.0
20101013,0.0
20101014,0.0
20101015,0.0213145340602
20101016,0.000376581880921
20101017,0.0
20101018,0.0
20101019,0.00104602147913
20101020,1.84809443054e-05
20101021,0.0
20101022,0.0
20101023,0.0
20101024,0.0918533749081
20101025,0.0113343346852
20101026,0.00017158098623
20101027,0.000247887180537
20101028,0.00336962967799
20101029,5.94567048762e-05
20101030,0.0
20101031,9.23687769157e-05
20101101,0.0548391660462
20101102,0.000968860917024
20101103,0.0
20101104,0.144829038655
20101105,0.021740113623
20101106,0.0470322793992
20101107,0.860452737737
20101108,0.0151877692783
20101109,0.111148677206
20101110,0.0019637571371
20101111,0.0289693490991
20101112,0.266340830314
20101113,0.0147419315503
20101114,0.00135725269781
20101115,1.17583454177
20101116,0.0341906962132
20101117,0.140851421606
20101118,0.00444398220295
20101119,0.579229950687
20101120,0.039118612711
20101121,0.00338023618222
20101122,5.07048029059e-05
20101123,0.0
20101124,0.0
20101125,0.0
20101126,0.0
20101127,1.67477295299
20101128,0.0295896296648
20101129,0.36946479045
20101130,0.0445184314543
20101201,0.100258981657
20101202,0.133979296142
20101203,0.0189840417784
20101204,0.00449269038678
20101205,7.41794441374e-05
20101206,0.0224602985457
20101207,3.11246323035
20101208,0.475277129232
20101209,2.22672407087
20101210,7.06422194872
20101211,1.92325333439
20101212,0.0392760179495
20101213,0.00134520005207
20101214,2.14290235602e-05
20101215,0.0102437534612
20101216,0.000180985040567
20101217,0.0
20101218,0.0
20101219,0.00156458032577
20101220,0.000359046524471
20101221,0.032934200283
20101222,2.04456999523
20101223,0.0531605346678
20101224,0.00989119330508
20101225,0.369330701331
20101226,0.0708014837306
20101227,0.037674250346
20101228,0.68316378805
20101229,0.334076060711
20101230,0.0264202632812
20101231,0.0120639036015
20110101,0.0399868684816
20110102,0.000702830380753
20110103,0.0
20110104,0.00158215722176
20110105,0.0184866449521
20110106,0.13247483302
20110107,0.351414699254
20110108,0.0265438170713
20110109,0.76644339749
20110110,0.788240436674
20110111,0.939754685176
20110112,0.0502758580222
20110113,0.146854751553
20110114,2.43344828012
20110115,0.0470209150981
20110116,0.0150706217364
20110117,0.0489600076413
20110118,0.00128576506568
20110119,0.0041867040259
20110120,0.00147438389843
20110121,2.47446395911e-05
20110122,0.0
20110123,0.00182149647685
20110124,0.0276424375622
20110125,0.00649293046541
20110126,0.000106097468111
20110127,0.0
20110128,0.0706353397851
20110129,0.00124797420421
20110130,0.0
20110131,1.2070917144
20110201,0.0286169243034
20110202,0.0047938212503
20110203,8.24208165691e-05
20110204,0.00352537996546
20110205,0.000237395291748
20110206,0.011578795734
20110207,0.00020451772401
20110208,0.00730082796604
20110209,0.0021440000282
20110210,0.0910758217308
20110211,0.474067140998
20110212,0.0639937602617
20110213,0.582007091167
20110214,5.77191646232
20110215,2.16925307486
20110216,32.4715211581
20110217,0.941999177553
20110218,0.463662797111
20110219,0.0704180725412
20110220,0.0270511373
20110221,0.00307147282685
20110222,0.000109334818497
20110223,0.00806031898778
20110224,0.00192006844818
20110225,3.14077681685e-05
20110226,0.0
20110227,0.000745763183331
20110228,1.3176030276e-05
20110301,0.0
20110302,0.0
20110303,0.0
20110304,0.0
20110305,0.00380873210307
20110306,1.23285940745
20110307,0.0376397349396
20110308,0.0185055992918
20110309,0.0208202004923
20110310,0.000362158907003
20110311,0.0
20110312,0.0
20110313,0.0721032731635
20110314,0.19156763887
20110315,0.105184536118
20110316,0.539008403674
20110317,0.264008473582
20110318,0.0470854113362
20110319,2.57664937769
20110320,0.070781378404
20110321,0.76571580922
20110322,0.0676377777613
20110323,2.49435279996
20110324,0.603552737873
20110325,0.417972398715
20110326,0.193956005507
20110327,0.299594110884
20110328,0.143259545912
20110329,0.535737075358
20110330,1.12063845299
20110331,1.70099261431
20110401,0.438341391535
20110402,1.44652690572
20110403,0.403583799546
20110404,2.20825607903
20110405,1.24940823262
20110406,0.359221487867
20110407,0.152868931197
20110408,0.253415256238
20110409,0.122443218174
20110410,0.00841696366529
20110411,0.00274558529409
20110412,0.00608351605113
20110413,0.0225084490118
20110414,0.141174472733
20110415,0.100686117647
20110416,0.299024356215
20110417,0.0625415593494
20110418,0.021110532287
20110419,0.0998251782515
20110420,1.59987563848
20110421,0.603452136251
20110422,0.0722636028742
20110423,0.522923685978
20110424,0.361384823515
20110425,0.0112642289502
20110426,0.0187277186337
20110427,0.0754524730035
20110428,0.111799202122
20110429,0.156611825825
20110430,0.80342908128
20110501,0.0668611451898
20110502,0.0228571315336
20110503,0.000985675552845
20110504,0.00326879246715
20110505,0.0169932020769
20110506,0.0993957056764
20110507,0.344435411172
20110508,0.171337984321
20110509,0.774258973555
20110510,0.120302135287
20110511,4.6461107607
20110512,0.502398321595
20110513,0.0143870725951
20110514,0.0234709874676
20110515,0.00937111690208
20110516,0.249233651561
20110517,0.176945007057
20110518,0.873076775995
20110519,0.780169697754
20110520,0.569185566047
20110521,0.0240501470148
20110522,0.0639388459332
20110523,0.191710631635
20110524,0.269463174067
20110525,0.759545234237
20110526,0.123445365058
20110527,0.00194538688594
20110528,0.0
20110529,0.00369161473872
20110530,0.0164552989292
20110531,0.00660114086153
20110601,0.14065946201
20110602,0.00341894405896
20110603,0.00273760718079
20110604,0.00934387891724
20110605,0.245645670179
20110606,0.00768156606722
20110607,0.00044014545734
20110608,6.7324462464e-06
20110609,0.226426833117
20110610,0.14978677657
20110611,0.00263350508121
20110612,1.02077115023e-06
20110613,0.00109175384922
20110614,0.0578282489158
20110615,0.0352567080514
20110616,0.0144347054921
20110617,0.0489460572278
20110618,0.00994346621578
20110619,0.000160477217225
20110620,6.79937908049e-05
20110621,0.00598696423908
20110622,0.180959817986
20110623,0.00319530161117
20110624,0.00414866227566
20110625,0.000704744517422
20110626,0.106838555611
20110627,0.179080606962
20110628,0.00908291011115
20110629,0.000105164095504
20110630,0.0
20110701,0.0
20110702,0.000309417504707
20110703,0.00132300965531
20110704,0.00572208546951
20110705,0.000100685643649
20110706,0.000459746720369
20110707,8.12273132428e-06
20110708,0.153136371879
20110709,0.00270559023174
20110710,0.0
20110711,0.0
20110712,0.0
20110713,0.0
20110714,0.304019851895
20110715,0.171709509979
20110716,0.0510916928976
20110717,0.000850757067711
20110718,0.0
20110719,0.0111881180049
20110720,0.00708967438046
20110721,0.000121766879564
20110722,0.0
20110723,0.0
20110724,0.0391263806904
20110725,0.000691278786394
20110726,0.00487807444769
20110727,0.00812333521026
20110728,0.0358741371439
20110729,0.00179920869652
20110730,0.000578690138819
20110731,0.00116455801127
20110801,0.0166324821511
20110802,0.0128849179833
20110803,0.00140949487755
20110804,0.747962157539
20110805,0.145854340593
20110806,0.0150842956448
20110807,0.0163608830189
20110808,0.00315105292687
20110809,0.77393064432
20110810,0.0261350538604
20110811,0.0436070668088
20110812,0.0631631703898
20110813,0.00627914992011
20110814,0.509175263665
20110815,0.037387161317
20110816,0.0966460847949
20110817,0.0720964933308
20110818,0.00465126445372
20110819,6.02029348236e-05
20110820,0.00118054526612
20110821,2.08577006054e-05
20110822,0.0
20110823,0.00384265541545
20110824,6.7891439104e-05
20110825,0.00618127502929
20110826,0.0458368756541
20110827,0.000807909217894
20110828,0.0307471820973
20110829,0.000543236501322
20110830,0.0
20110831,0.00409783725102
20110901,7.23999510154e-05
20110902,0.000593393657463
20110903,0.0107202294121
20110904,0.00306114799441
20110905,5.07408101739e-05
20110906,0.0255843099137
20110907,0.000452019617822
20110908,0.000141263703224
20110909,0.018930043203
20110910,0.00116950542749
20110911,4.039827242
20110912,0.0724092553043
20110913,1.82770277653e-05
20110914,0.588797358243
20110915,0.0755043787762
20110916,0.0011502047227
20110917,0.0024090924353
20110918,4.25634594638e-05
20110919,0.0
20110920,1.47857660657
20110921,0.0261232619959
20110922,0.0190474628131
20110923,0.614701805469
20110924,0.0934158491833
20110925,0.00145868100262
20110926,0.0
20110927,0.204889739867
20110928,0.00361995994734
20110929,0.0
20110930,0.0
20111001,0.0652896535859
20111002,0.191007077733
20111003,0.00331609528127
20111004,0.0
20111005,0.0
20111006,1.91222804673e-06
20111007,0.173503995151
20111008,0.256698172841
20111009,0.252460842962
20111010,5.14040417984
20111011,0.290714691973
20111012,0.447024230028
20111013,0.33878095488
20111014,0.225203195715
20111015,0.561254165289
20111016,0.561201865909
20111017,0.074172071585
20111018,0.00113835381225
20111019,0.0139076864266
20111020,0.000245718834216
20111021,0.0
20111022,0.0
20111023,0.394283669894
20111024,0.00696614321672
20111025,0.0
20111026,0.0711328484315
20111027,0.602500641853
20111028,0.0646865517322
20111029,1.94049992096
20111030,0.0349222214135
20111031,1.15662239235e-05
20111101,0.0
20111102,0.0
20111103,0.0
20111104,0.0
20111105,0.00902269246711
20111106,0.000219900329589
20111107,0.422099955841
20111108,1.50290527488
20111109,0.0819550747818
20111110,0.158139922018
20111111,0.00283135775649
20111112,9.66454174394e-07
20111113,0.528386797265
20111114,0.884037064348
20111115,0.463631799465
20111116,1.48867418357
20111117,0.341298618265
20111118,0.0722744364205
20111119,0.394694009928
20111120,0.846283065735
20111121,0.080563962292
20111122,0.292531354498
20111123,0.608495975341
20111124,2.14131288909
20111125,4.12134529533
20111126,0.792420145204
20111127,0.226858571683
20111128,5.03372039264
20111129,0.0888681573834
20111130,0.0
20111201,0.0105523288901
20111202,0.0316986654319
20111203,0.0220200179308
20111204,0.0495118907489
20111205,0.157264980711
20111206,0.11259283819
20111207,0.418928877742
20111208,0.754488789414
20111209,0.0455217927806
20111210,0.133505568538
20111211,0.0991283433897
20111212,0.0119749535046
20111213,0.0271034732675
20111214,0.438002162576
20111215,0.156187198878
20111216,0.0732040155194
20111217,0.00525938607613
20111218,0.0823719486197
20111219,0.38817562208
20111220,0.277423953475
20111221,2.0401982534
20111222,0.285828012289
20111223,0.191877436839
20111224,0.0475785933165
20111225,0.00124703082632
20111226,0.000916021497532
20111227,0.104684551102
20111228,0.114341646347
20111229,0.104375049597
20111230,0.00958603121576
20111231,0.000652525961522
20120101,5.35718066088e-05
20120102,0.0168412125431
20120103,0.025854206176
20120104,0.000451531334793
20120105,0.00876390117855
20120106,0.00110634035305
20120107,0.335470765416
20120108,0.246841394305
20120109,0.00878927863355
20120110,0.00883467870854
20120111,0.0034170689577
20120112,0.00597882242179
20120113,0.0284196262235
20120114,0.0177321283036
20120115,0.0270057116786
20120116,0.570526100686
20120117,0.0173390445286
20120118,0.00147680322688
20120119,0.0465504257974
20120120,1.78057999314
20120121,0.0714951417385
20120122,0.00502554143768
20120123,0.0813329457325
20120124,0.0392052543696
20120125,0.00348559808915
20120126,0.034461968774
20120127,0.00520888647893
20120128,8.12879374723e-05
20120129,0.00765106555423
20120130,0.417516209242
20120131,0.00737422302388
20120201,0.0190542452789
20120202,0.000336647430488
20120203,0.0
20120204,0.0
20120205,0.0
20120206,0.0
20120207,0.0
20120208,0.0012351480492
20120209,2.18224032828e-05
20120210,0.0
20120211,0.0
20120212,0.0
20120213,0.0
20120214,0.0741080096711
20120215,0.00130932873458
20120216,0.0
20120217,0.0
20120218,0.00139125886041
20120219,2.45805450224e-05
20120220,0.316061224857
20120221,1.89600574224
20120222,0.0426178824791
20120223,0.0256130048968
20120224,0.00675315210615
20120225,0.000111369292854
20120226,1.44208365077
20120227,1.31184621349
20120228,6.0248640944
20120229,0.169021816606
20120301,4.52864585488
20120302,0.412927484166
20120303,5.12209963146
20120304,3.64037399855
20120305,0.404814967019
20120306,8.5539550031
20120307,0.466222753816
20120308,0.799272667616
20120309,0.0140230349056
20120310,0.00785050313485
20120311,0.00280612203786
20120312,6.54896918692
20120313,0.146615437315
20120314,0.000546114805795
20120315,0.0
20120316,0.244967332647
20120317,1.04877654556
20120318,0.809429836281
20120319,0.0715900329325
