20010102,0.183431755388
20010103,0.0460659240723
20010104,0.0436408840117
20010105,0.195492240942
20010106,0.0739398919081
20010107,0.118588324929
20010108,0.0574691428629
20010109,0.15120967607
20010110,0.0820380201334
20010111,0.111321759198
20010112,0.322929188996
20010113,0.369939133387
20010114,0.192643655838
20010115,0.192043167485
20010116,0.0906207585963
20010117,0.251752735403
20010118,0.0498111413991
20010119,0.347078529495
20010120,0.107701263096
20010121,0.155687457747
20010122,0.347981356806
20010123,0.339772002074
20010124,0.554386266553
20010125,0.0954383368569
20010126,0.0451585713665
20010127,0.0510919159416
20010128,0.0128667162419
20010129,0.014961387127
20010130,0.0384480068464
20010131,0.0401117395018
20010201,0.0632003817172
20010202,0.00271232613817
20010203,0.0357604751092
20010204,0.0206351585601
20010205,0.0490264010172
20010206,0.0415217709375
20010207,0.365608138569
20010208,0.495896920711
20010209,0.178385950315
20010210,0.193754273893
20010211,0.199213118883
20010212,0.192245009801
20010213,0.620812659687
20010214,0.30286351084
20010215,0.160580029317
20010216,0.0558245549673
20010217,0.0212314226536
20010218,0.00248743874131
20010219,0.0748991321007
20010220,0.117253088954
20010221,0.0821222438015
20010222,0.23836545034
20010223,0.151146779606
20010224,0.0322366872774
20010225,0.0428329365421
20010226,0.0344241340082
20010227,0.182203870413
20010228,0.0827777309497
20010301,0.0912509732233
20010302,0.26956483937
20010303,0.0725511070587
20010304,0.0642417109687
20010305,0.0602883369699
20010306,0.627614182722
20010307,0.84240631654
20010308,0.16420974489
20010309,0.79585905167
20010310,0.711492346899
20010311,0.219563700764
20010312,0.579330740279
20010313,0.15246526493
20010314,0.485400204169
20010315,0.246963311169
20010316,0.229083139653
20010317,0.292562581449
20010318,0.295318864992
20010319,0.426042005651
20010320,0.518507305635
20010321,0.483380400588
20010322,0.650356810205
20010323,0.316481676686
20010324,0.290612452952
20010325,0.157543190661
20010326,0.31485904397
20010327,0.635106148449
20010328,0.136622220945
20010329,0.670461247235
20010330,0.696474898308
20010331,0.289314265526
20010401,0.416375530736
20010402,0.736978494877
20010403,0.548877362859
20010404,0.320519047613
20010405,2.82758400955
20010406,0.647644082999
20010407,0.735243465681
20010408,1.30644607604
20010409,0.537620833847
20010410,0.19538489301
20010411,0.720462433157
20010412,0.234581263076
20010413,0.198489369964
20010414,0.155928145014
20010415,0.0957340627299
20010416,0.320182621643
20010417,0.337971887301
20010418,0.59767960474
20010419,0.520914996059
20010420,1.14954421615
20010421,0.91241679841
20010422,0.98668496574
20010423,0.273664070024
20010424,1.71774182704
20010425,0.514593464987
20010426,0.244040394766
20010427,0.871331851727
20010428,1.16707947696
20010429,0.282513300206
20010430,2.19722081971
20010501,0.24688818039
20010502,1.65075744782
20010503,0.400493888067
20010504,1.12125648361
20010505,0.54264870844
20010506,0.313020825143
20010507,0.998893763167
20010508,0.54173727621
20010509,1.20343458123
20010510,0.509699663074
20010511,0.769342301025
20010512,1.25586403142
20010513,0.781581905649
20010514,0.933986805946
20010515,0.907633198884
20010516,5.74723380934
20010517,0.998321624605
20010518,0.843953339116
20010519,0.728363125058
20010520,0.82413496059
20010521,1.94438271811
20010522,0.249078354305
20010523,2.37916809871
20010524,2.04462719867
20010525,0.685448727907
20010526,0.757631227474
20010527,1.0805677944
20010528,1.38599889417
20010529,1.05346640402
20010530,1.97483088247
20010531,0.59775977712
20010601,0.850078330261
20010602,1.46804517517
20010603,1.61549010721
20010604,1.77524710482
20010605,0.672414056115
20010606,1.75052179861
20010607,3.61166797719
20010608,1.40754058908
20010609,2.19218117978
20010610,1.1162186874
20010611,0.654996462605
20010612,0.651600954166
20010613,1.18931257599
20010614,0.385839642341
20010615,0.740608904557
20010616,1.23504261212
20010617,1.54046131684
20010618,2.24374547212
20010619,0.460667704929
20010620,2.659000266
20010621,0.80244743524
20010622,1.39364261898
20010623,0.685232899671
20010624,0.353648662918
20010625,1.76275835037
20010626,0.916964531246
20010627,1.00300266419
20010628,1.94612002977
20010629,0.868929163252
20010630,2.19191276508
20010701,0.953769862808
20010702,0.40437205842
20010703,2.51829101161
20010704,1.11517544467
20010705,1.05760077038
20010706,1.10500202214
20010707,1.83186663903
20010708,1.0851215712
20010709,0.532833187336
20010710,1.95427649859
20010711,1.26651960309
20010712,0.637424922521
20010713,0.276148564371
20010714,5.62589949585
20010715,5.43332205522
20010716,0.765299432734
20010717,0.904162157137
20010718,1.57153190165
20010719,4.96665758551
20010720,2.14455818981
20010721,2.4434969327
20010722,1.3947150291
20010723,3.18312226461
20010724,2.96001701872
20010725,0.839730259279
20010726,1.69172384366
20010727,0.818939358187
20010728,1.22900782961
20010729,2.00408467356
20010730,2.78958167665
20010731,0.71173253535
20010801,2.335576516
20010802,1.01754997699
20010803,1.95603513719
20010804,0.508727008445
20010805,0.625488221177
20010806,2.56785301067
20010807,3.20028722818
20010808,0.627868484564
20010809,2.47069497208
20010810,4.94755851321
20010811,1.45941155057
20010812,0.417450944883
20010813,1.22407388674
20010814,2.04492949363
20010815,1.84979147106
20010816,0.685310697906
20010817,1.18776153386
20010818,5.42758698277
20010819,1.01512140059
20010820,0.343717771244
20010821,0.845855999249
20010822,5.45830318789
20010823,2.59987434031
20010824,0.55629075276
20010825,0.285991601077
20010826,1.55100257827
20010827,0.862726091314
20010828,0.742664697192
20010829,2.03494865876
20010830,2.7683244545
20010831,1.17635499004
20010901,0.573530414085
20010902,0.904010993595
20010903,0.628012940449
20010904,0.475816892683
20010905,0.446451142401
20010906,0.825265812665
20010907,0.853654740942
20010908,1.33901684363
20010909,2.79313561547
20010910,0.808933648928
20010911,0.787382500789
20010912,1.24955696795
20010913,0.450143108298
20010914,0.306729565009
20010915,0.649068633455
20010916,1.03544787656
20010917,1.9297405122
20010918,0.86592331692
20010919,0.66176398809
20010920,0.378142456317
20010921,1.29589190601
20010922,0.915227289146
20010923,0.790672771842
20010924,0.618363056634
20010925,0.270267365706
20010926,1.555803102
20010927,0.513072492698
20010928,0.980169941658
20010929,0.995326856236
20010930,1.24095747543
20011001,0.584657559466
20011002,0.244568469403
20011003,0.894544350225
20011004,1.6444078312
20011005,0.430056678776
20011006,0.267897082294
20011007,0.261780699312
20011008,1.08618746747
20011009,1.65136033538
20011010,0.205529054842
20011011,0.256953859177
20011012,0.238673985073
20011013,0.482246429477
20011014,0.594530045162
20011015,0.619279247105
20011016,0.371722297678
20011017,0.167950848263
20011018,0.13902253291
20011019,0.938286222611
20011020,0.118518104093
20011021,0.142320846675
20011022,0.557152318988
20011023,0.598375445417
20011024,0.92327225459
20011025,0.91851709377
20011026,1.30817889467
20011027,2.75340869897
20011028,0.786752952814
20011029,0.486864279154
20011030,0.832327029307
20011031,1.02501972451
20011101,1.28487395723
20011102,0.929657302215
20011103,0.398058467061
20011104,0.332143091012
20011105,0.242954409436
20011106,0.506514321265
20011107,0.0369954621438
20011108,0.652856575088
20011109,0.23811058918
20011110,0.121373560398
20011111,0.0890086168304
20011112,0.078955234679
20011113,0.604735350416
20011114,0.398279403385
20011115,0.195647862634
20011116,0.1612525898
20011117,0.20839897081
20011118,0.230636522998
20011119,0.739189215068
20011120,0.278990715914
20011121,0.640039059775
20011122,0.672795998001
20011123,0.0229148596997
20011124,0.00544830085893
20011125,0.0461114513626
20011126,0.0290426827674
20011127,0.0064366106229
20011128,0.00664914336753
20011129,0.0344971659436
20011130,0.0177725044094
20011201,0.0261572326539
20011202,0.0573985223921
20011203,0.019759703485
20011204,0.224503257852
20011205,0.0545484776431
20011206,0.143457872416
20011207,0.065885318519
20011208,0.0832119726634
20011209,0.127532803371
20011210,0.0767039806911
20011211,0.0193554160091
20011212,0.00606104415467
20011213,0.18637039621
20011214,0.25919314212
20011215,0.0671681491781
20011216,0.0132515950961
20011217,0.0401551366111
20011218,0.0187149316269
20011219,0.0369575382934
20011220,0.0810065616359
20011221,0.36710333267
20011222,0.131785581984
20011223,0.0899981096449
20011224,0.245620426507
20011225,0.0468760401658
20011226,0.0215868365796
20011227,0.17568952122
20011228,0.213203492393
20011229,0.210381980356
20011230,0.250662563038
20011231,0.0896043447014
20020101,0.173558841523
20020102,0.183000195662
20020103,0.322042622391
20020104,0.141625101079
20020105,0.569245321716
20020106,0.313937424388
20020107,0.318910014984
20020108,0.0438148165286
20020109,0.110447072582
20020110,0.0742835530822
20020111,0.0488277547561
20020112,0.402703445915
20020113,0.511703590826
20020114,0.211443069933
20020115,0.257799155479
20020116,0.170257825315
20020117,0.254947445805
20020118,0.019313565514
20020119,0.0246275434726
20020120,0.0745955552343
20020121,0.0947381407834
20020122,0.280156503744
20020123,0.313561971377
20020124,0.211729131371
20020125,0.173739394617
20020126,0.355118442646
20020127,0.269272252687
20020128,0.115167734305
20020129,0.0149564052363
20020130,0.023804820423
20020131,0.116046559746
20020201,0.00928605439254
20020202,0.0221092019453
20020203,0.0163669502106
20020204,0.00487023150393
20020205,0.00508966460273
20020206,0.00434805104056
20020207,0.0147905133573
20020208,0.152245616104
20020209,0.075006415823
20020210,0.197208231822
20020211,0.803748639951
20020212,0.422426878821
20020213,0.58438734875
20020214,0.25194078978
20020215,0.0668011227904
20020216,0.0817301767326
20020217,0.508758162387
20020218,0.190751369638
20020219,0.0742398863662
20020220,0.488451805592
20020221,0.0924222817179
20020222,0.00927042296567
20020223,0.00618125838838
20020224,0.0530094107098
20020225,0.0316040028349
20020226,0.0234356936394
20020227,0.0584578982047
20020228,0.310711114177
20020301,0.936387783014
20020302,0.320208455738
20020303,0.450098818223
20020304,0.343542723069
20020305,0.246726158392
20020306,0.503486239057
20020307,0.931059875659
20020308,0.367881078627
20020309,0.0259426576067
20020310,1.94043984152
20020311,1.85817154681
20020312,0.944005664414
20020313,0.769413227547
20020314,1.10907344603
20020315,0.559819235957
20020316,0.471843384151
20020317,0.202342031888
20020318,0.668281338134
20020319,1.17491699576
20020320,0.826620903337
20020321,0.887740915857
20020322,0.315581364153
20020323,0.0612353797525
20020324,0.151200442423
20020325,0.183113182223
20020326,0.433979724613
20020327,0.948601134608
20020328,0.754738648993
20020329,0.882445849624
20020330,0.494095058585
20020331,0.0885739018432
20020401,0.230883225029
20020402,1.77112739053
20020403,0.589006569028
20020404,0.170059593302
20020405,0.612383606199
20020406,0.278265353966
20020407,0.231270529113
20020408,0.261095494952
20020409,0.816440880521
20020410,0.182805761661
20020411,0.299935210382
20020412,0.559415174771
20020413,0.387043520815
20020414,0.734099477501
20020415,0.0832721496565
20020416,0.307028262852
20020417,0.234265201376
20020418,1.88191668729
20020419,0.870899196758
20020420,1.61946233874
20020421,0.842403926572
20020422,0.412599735731
20020423,0.573363401999
20020424,0.351689515478
20020425,0.153616251569
20020426,0.212444313172
20020427,1.34296400356
20020428,0.803662011685
20020429,1.38665602007
20020430,1.11627067102
20020501,2.16723188799
20020502,0.198834216402
20020503,1.68062339205
20020504,1.17594341827
20020505,0.478957002033
20020506,0.30789143946
20020507,0.378763909784
20020508,1.77814458893
20020509,0.478798779816
20020510,0.363452953178
20020511,3.47771554517
20020512,1.43547636206
20020513,0.190396807918
20020514,0.512622430344
20020515,0.941653897692
20020516,2.68241015144
20020517,0.788284323167
20020518,1.32269200863
20020519,1.59031638432
20020520,0.769320037514
20020521,0.384771746121
20020522,1.53672685441
20020523,0.319682697562
20020524,0.056299438658
20020525,0.556874487237
20020526,0.732538121444
20020527,0.772273603519
20020528,1.74144696509
20020529,0.604693157668
20020530,2.02933838719
20020531,1.45939727984
20020601,2.97014563904
20020602,1.36389791353
20020603,2.51292633395
20020604,3.54970117855
20020605,1.74575411384
20020606,0.501712047294
20020607,3.64936506521
20020608,3.87300914529
20020609,1.60481039805
20020610,0.606637625089
20020611,0.973245535976
20020612,0.829545792171
20020613,3.25359157336
20020614,2.57023362463
20020615,0.364483884144
20020616,0.969536791774
20020617,1.31312813606
20020618,1.74733037824
20020619,0.400046992703
20020620,0.737431903165
20020621,1.42120342579
20020622,1.03670173277
20020623,0.318449532761
20020624,0.908024729503
20020625,2.204466433
20020626,0.950051218921
20020627,3.46261654308
20020628,0.350593575126
20020629,1.50949539077
20020630,0.70434685563
20020701,0.28698766109
20020702,0.312565572537
20020703,1.06053831372
20020704,0.924073255585
20020705,0.813552593216
20020706,1.34751493365
20020707,0.275376154309
20020708,1.96164851236
20020709,1.73739696985
20020710,1.58883802927
20020711,1.3775184556
20020712,1.48288170532
20020713,1.11919618915
20020714,1.41694408981
20020715,2.12949731497
20020716,0.815137764829
20020717,0.76042192004
20020718,2.01992473182
20020719,1.10530307539
20020720,0.727755684057
20020721,1.86518641956
20020722,0.775096776979
20020723,1.33742355675
20020724,1.17486602263
20020725,6.6704328616
20020726,3.13753309243
20020727,1.22154289955
20020728,0.56918691299
20020729,0.851427377866
20020730,0.436513055042
20020731,1.05088590261
20020801,1.19061903093
20020802,1.28347314706
20020803,1.29915054583
20020804,1.08018920228
20020805,1.20437781354
20020806,0.470828727857
20020807,0.673075814273
20020808,2.72981840736
20020809,0.744941705456
20020810,0.481102236294
20020811,0.831760460951
20020812,3.62149994206
20020813,1.33607064247
20020814,1.76218061519
20020815,0.619371086314
20020816,0.730936200524
20020817,1.41746120255
20020818,0.603712588528
20020819,1.62779407692
20020820,1.30234071554
20020821,0.797877590819
20020822,2.61982013946
20020823,1.52101566317
20020824,1.25300675737
20020825,0.829995018675
20020826,1.65728883755
20020827,2.70504899143
20020828,0.371479351947
20020829,0.118543945328
20020830,1.16137714571
20020831,0.833024906653
20020901,0.614390476271
20020902,1.51996071127
20020903,2.80074357292
20020904,0.699486710031
20020905,1.23163574849
20020906,1.02936162528
20020907,0.29950043217
20020908,0.279815159934
20020909,0.512093272505
20020910,1.0518266145
20020911,1.33335818185
20020912,0.545879842541
20020913,1.50933548997
20020914,0.438058992377
20020915,1.13403024848
20020916,2.20184130222
20020917,0.814681237094
20020918,0.208972515454
20020919,0.325667592446
20020920,0.463698065458
20020921,0.541980414229
20020922,0.61165574227
20020923,0.294492808154
20020924,0.217241138744
20020925,0.752933152047
20020926,0.83423427559
20020927,1.21273898129
20020928,2.49417989962
20020929,0.330839760881
20020930,0.240218081419
20021001,1.26993867513
20021002,1.76329942641
20021003,1.15147407162
20021004,0.319740945634
20021005,3.91107456798
20021006,0.923189128752
20021007,0.773373393736
20021008,2.60496644249
20021009,0.814036465276
20021010,0.23087040037
20021011,1.51662377744
20021012,0.167730146531
20021013,1.54859229471
20021014,2.13177277484
20021015,0.954902621067
20021016,0.391624967332
20021017,0.177506524644
20021018,0.403856362416
20021019,0.745121230489
20021020,0.355678721934
20021021,0.685774431754
20021022,1.3952766252
20021023,0.501915802242
20021024,0.990469318551
20021025,0.701530885858
20021026,0.541038686322
20021027,0.693823000408
20021028,0.701347969784
20021029,1.29058283782
20021030,2.78837869547
20021031,2.29630926828
20021101,0.713844852575
20021102,0.124705784784
20021103,0.596573885899
20021104,0.148186720658
20021105,0.953005664111
20021106,1.72462120569
20021107,0.554065655251
20021108,1.10035291094
20021109,0.497261912738
20021110,0.427352663207
20021111,0.440645576446
20021112,0.19267654031
20021113,0.47087523065
20021114,0.705227020752
20021115,0.332238225295
20021116,0.174133153656
20021117,0.2803653912
20021118,0.113513195007
20021119,0.145928889602
20021120,0.0858467054935
20021121,0.0653511855394
20021122,0.354486580889
20021123,0.20458373675
20021124,0.367135147065
20021125,0.118138501621
20021126,0.0552910244996
20021127,0.0490535889565
20021128,0.0374458404684
20021129,0.0230117037984
20021130,0.0302745100099
20021201,0.0317963062047
20021202,0.00546753798911
20021203,0.096312371649
20021204,0.735638959687
20021205,0.20523850167
20021206,0.238742554906
20021207,0.153978095567
20021208,0.126904603038
20021209,0.0938708569953
20021210,0.335657382352
20021211,0.352870720915
20021212,0.39207896372
20021213,0.156148181916
20021214,0.146544681246
20021215,0.764798526813
20021216,0.562042663444
20021217,0.207352819762
20021218,0.0849470356772
20021219,0.916399812994
20021220,0.109676685514
20021221,0.219873597123
20021222,0.164309944692
20021223,0.306642487184
20021224,0.790706285148
20021225,0.070579960953
20021226,0.00806514804893
20021227,0.137154215573
20021228,0.135208790336
20021229,0.0732367067254
20021230,0.0352726022942
20021231,0.207577745614
20030101,0.463871137261
20030102,0.0551248909878
20030103,0.306899225773
20030104,0.125478029763
20030105,0.266928270474
20030106,0.0486357252398
20030107,0.0550292414909
20030108,0.00735711156084
20030109,0.0373155319773
20030110,0.0903315496939
20030111,0.0471882174242
20030112,0.0100096911718
20030113,0.0321180643215
20030114,0.0126277411734
20030115,0.0313017460486
20030116,0.0069569384406
20030117,0.0104235738565
20030118,0.0680254914586
20030119,0.0469554088149
20030120,0.154102806144
20030121,0.224511036862
20030122,0.0913019913373
20030123,0.0839128532265
20030124,0.0306501167954
20030125,0.049118378795
20030126,0.0497573993625
20030127,0.367556909752
20030128,0.161417504922
20030129,0.179217490244
20030130,0.256904875223
20030131,0.182979455473
20030201,0.0033513134779
20030202,0.000527991144701
20030203,0.00581798386493
20030204,0.00117576687419
20030205,0.00831559717538
20030206,0.0500789457829
20030207,0.0452937920784
20030208,0.0630195491062
20030209,0.0450278771217
20030210,0.129776248663
20030211,0.341285454697
20030212,0.0436049099807
20030213,0.3142548752
20030214,0.207238791704
20030215,0.0512926478511
20030216,0.0819643402606
20030217,0.222712059467
20030218,0.0399802004481
20030219,0.319808992589
20030220,0.20555894069
20030221,0.587765408822
20030222,0.300794835903
20030223,0.250545381225
20030224,0.16858003035
20030225,0.112767663097
20030226,0.631062233339
20030227,2.74496252528
20030228,0.334926659634
20030301,0.328781919668
20030302,0.179212653854
20030303,0.166996486165
20030304,0.204866272086
20030305,0.0730917353541
20030306,0.034590358034
20030307,0.0897352946523
20030308,0.210667639681
20030309,0.152930646948
20030310,0.118093318674
20030311,0.057394163843
20030312,0.317807306174
20030313,0.255219966866
20030314,0.236308718478
20030315,0.0578076514813
20030316,0.650475997886
20030317,0.471089221597
20030318,0.231659546546
20030319,0.230589092137
20030320,0.232784174271
20030321,0.474283127293
20030322,0.683253592704
20030323,1.41790059745
20030324,0.661921778002
20030325,0.327282946089
20030326,0.169140584525
20030327,1.52479627212
20030328,3.83219119109
20030329,0.635369316593
20030330,0.718784214231
20030331,0.457465114251
20030401,0.494333462309
20030402,0.438750432092
20030403,0.717075628009
20030404,0.108653033591
20030405,0.149287458682
20030406,0.40255700697
20030407,0.471478656774
20030408,0.957334418781
20030409,1.20113374434
20030410,2.45618012867
20030411,1.34570592984
20030412,0.743875890135
20030413,2.19928951498
20030414,1.05915182546
20030415,0.419209912781
20030416,0.517846424937
20030417,0.582242136436
20030418,0.659932024815
20030419,1.88929487831
20030420,0.584514376384
20030421,0.852931072372
20030422,4.63768389992
20030423,0.761973404034
20030424,0.181196374851
20030425,0.0844903302469
20030426,0.592666265285
20030427,1.32637744053
20030428,2.11574684358
20030429,0.500570131594
20030430,0.124556532965
20030501,1.10718197603
20030502,0.655563402848
20030503,0.429772285301
20030504,0.859869600394
20030505,0.340186570106
20030506,0.414039276398
20030507,1.09351673253
20030508,0.290978823261
20030509,1.15227144654
20030510,0.618425021947
20030511,0.844113137501
20030512,0.447182549843
20030513,1.73501296968
20030514,0.939055759118
20030515,1.17949028383
20030516,1.3578900519
20030517,0.27590398876
20030518,0.924957185272
20030519,0.198552750265
20030520,1.95675063176
20030521,0.8743971707
20030522,1.83355860485
20030523,2.42976757281
20030524,0.964373147078
20030525,1.71455653
20030526,0.392606812647
20030527,1.38160712491
20030528,0.644000641266
20030529,0.630744800699
20030530,0.653610644826
20030531,1.46842096981
20030601,1.21397777376
20030602,1.45858092549
20030603,0.97278614762
20030604,0.345786064558
20030605,0.71871675037
20030606,0.79596253094
20030607,0.175539032218
20030608,0.735485745712
20030609,2.33194712601
20030610,1.11362029264
20030611,0.520886694435
20030612,0.888347937054
20030613,0.804888148881
20030614,0.791479322951
20030615,0.858661973833
20030616,1.08558271948
20030617,0.457284186033
20030618,1.15150527426
20030619,0.733012989257
20030620,1.55773194516
20030621,2.39361298166
20030622,0.586098121064
20030623,0.105642481838
20030624,1.44808554327
20030625,2.78058523132
20030626,0.490535378948
20030627,1.8144534637
20030628,0.661692492467
20030629,2.03659380673
20030630,1.58354213116
20030701,1.14588151739
20030702,0.871907727388
20030703,0.410245180632
20030704,2.9060073726
20030705,0.862539872027
20030706,0.578322261375
20030707,1.25062641593
20030708,2.0259154578
20030709,0.367108406788
20030710,0.611290107352
20030711,4.56811714263
20030712,2.52703926794
20030713,0.347146878924
20030714,0.900846092774
20030715,0.433675886366
20030716,0.507252737832
20030717,0.476043673371
20030718,1.27953081217
20030719,1.46483651554
20030720,3.0996793379
20030721,0.922858034456
20030722,2.06538322304
20030723,1.7182774938
20030724,0.656649298599
20030725,0.771858408531
20030726,0.715218014857
20030727,1.62395986801
20030728,1.92333896966
20030729,0.671598133783
20030730,0.763530229898
20030731,2.5708312795
20030801,3.60737148862
20030802,0.497928105174
20030803,0.58053685969
20030804,1.57122229414
20030805,1.55130744203
20030806,4.68231828578
20030807,2.95452017208
20030808,1.86781303666
20030809,2.78256874177
20030810,2.16990640958
20030811,1.12001441669
20030812,0.968961055502
20030813,0.375613785945
20030814,4.3785379102
20030815,1.9814636188
20030816,1.92842734489
20030817,1.85435187018
20030818,1.02613310641
20030819,2.92357854658
20030820,2.2456069387
20030821,1.37428354918
20030822,3.03877179844
20030823,1.16244113205
20030824,2.93348832098
20030825,2.55667090445
20030826,1.01791460155
20030827,0.662509026631
20030828,0.669148311385
20030829,1.33271527438
20030830,0.204877241725
20030831,1.17125479792
20030901,1.4559752119
20030902,1.76663986884
20030903,0.651879933736
20030904,2.0309515469
20030905,3.22510219537
20030906,0.421538830897
20030907,1.99409635895
20030908,1.1080794292
20030909,2.89045631107
20030910,0.860846861096
20030911,0.466537317396
20030912,0.522520021536
20030913,0.294804797281
20030914,1.93548908231
20030915,3.02011153171
20030916,0.710503426398
20030917,0.695778246944
20030918,0.314997556504
20030919,0.484874556289
20030920,0.399303732966
20030921,0.985696068423
20030922,0.475807871497
20030923,0.512286659057
20030924,1.55382971769
20030925,0.360518524483
20030926,0.440943392177
20030927,1.69879769035
20030928,1.73024921808
20030929,0.729124037206
20030930,0.554992678807
20031001,0.564006190483
20031002,0.286785912002
20031003,0.586719195426
20031004,0.718138509788
20031005,0.321518005127
20031006,0.232086652646
20031007,0.556435177865
20031008,0.47447011743
20031009,0.805284181151
20031010,0.402594149118
20031011,1.04135911725
20031012,0.59925446446
20031013,0.281137851488
20031014,0.326440199449
20031015,0.607602383385
20031016,0.156128509488
20031017,0.947867137932
20031018,0.655749727855
20031019,0.243000566877
20031020,0.134331283947
20031021,2.50747392477
20031022,1.59479152894
20031023,0.842277949976
20031024,0.882977551256
20031025,0.693212676874
20031026,0.29429566784
20031027,0.229137061848
20031028,0.373302303852
20031029,0.562455094619
20031030,0.251071305706
20031031,0.575287843869
20031101,0.16124771122
20031102,0.412999226257
20031103,0.814886115345
20031104,1.10909476522
20031105,0.621600869223
20031106,0.156475302924
20031107,1.4802037145
20031108,0.512893213193
20031109,1.01625300319
20031110,1.04854995259
20031111,0.287372586658
20031112,0.645031226854
20031113,0.163163010923
20031114,0.313634666987
20031115,0.145032441286
20031116,0.302719932471
20031117,0.423011243247
20031118,0.185279609351
20031119,0.235625415153
20031120,0.292271478305
20031121,0.0961783155445
20031122,0.442025891466
20031123,0.058073615558
20031124,0.28617392567
20031125,0.153948208125
20031126,0.503029658261
20031127,0.122003353593
20031128,0.437907511128
20031129,0.887090516006
20031130,0.128844867789
20031201,0.543488671774
20031202,0.0661019736295
20031203,0.0957055983787
20031204,0.0476116515519
20031205,0.362202569302
20031206,0.57234272992
20031207,0.851119064676
20031208,0.121427647968
20031209,1.35092072187
20031210,0.243069403298
20031211,0.306326562161
20031212,0.0439720934562
20031213,0.169363306053
20031214,0.10525936714
20031215,0.0195686549336
20031216,0.351960047226
20031217,0.134112947291
20031218,0.136902656729
20031219,0.0303021255796
20031220,0.149617692582
20031221,2.2586482806
20031222,0.339088439881
20031223,0.0557621343324
20031224,0.0460392252703
20031225,0.00345464041702
20031226,0.00346920069402
20031227,0.0136549273127
20031228,0.0210584242619
20031229,0.000423594600911
20031230,0.00227568951526
20031231,0.0042535868972
20040101,0.0141603114074
20040102,0.117207000514
20040103,1.00970634092
20040104,0.42896127792
20040105,0.563868178778
20040106,0.0621712379238
20040107,0.448271605665
20040108,0.0861797593193
20040109,0.0264848514689
20040110,0.626602387947
20040111,0.337651904052
20040112,0.536442240447
20040113,0.192019787672
20040114,0.488936103912
20040115,0.438141397681
20040116,0.0816782657756
20040117,0.0158184368248
20040118,0.0734269044611
20040119,0.214660831861
20040120,0.10070468046
20040121,0.19483715853
20040122,0.0426705390787
20040123,0.538919837391
20040124,0.2953332443
20040125,1.16017309872
20040126,0.195951041195
20040127,1.09073779536
20040128,0.375087981294
20040129,1.39937142083
20040130,0.317827115321
20040131,0.20364444511
20040201,0.412273736152
20040202,0.305289937426
20040203,0.210435877965
20040204,0.0809940217507
20040205,0.0716347643068
20040206,0.0816848877948
20040207,0.252139632854
20040208,0.144821160247
20040209,0.0324642129331
20040210,0.0215284970428
20040211,0.00717330465679
20040212,0.00434539183688
20040213,0.00278496306372
20040214,0.0192965606409
20040215,0.103349744263
20040216,0.443329976844
20040217,0.313181566583
20040218,0.54661080892
20040219,0.07846039844
20040220,0.251931862423
20040221,0.0382441539278
20040222,0.320049773154
20040223,0.268773638341
20040224,0.463680409363
20040225,0.209899950113
20040226,0.376455015592
20040227,1.68427634565
20040228,0.453552779937
20040229,0.546401084092
20040301,0.588126847803
20040302,0.582747546691
20040303,0.29571704385
20040304,0.631956352387
20040305,0.0686495471328
20040306,0.214158312031
20040307,1.2029911206
20040308,0.343494637842
20040309,0.306772414805
20040310,0.0964918853904
20040311,0.197732596139
20040312,0.621348938237
20040313,0.102494331072
20040314,0.612358204587
20040315,0.396821767273
20040316,0.254337750191
20040317,0.261923509928
20040318,0.559228750958
20040319,0.149854095367
20040320,0.268803969673
20040321,0.296111628503
20040322,0.130525945885
20040323,0.0595032847587
20040324,0.307882997395
20040325,0.20978113374
20040326,0.196159207562
20040327,1.05096252804
20040328,0.511665251048
20040329,0.256633649682
20040330,0.275986868479
20040331,1.86772680077
20040401,2.15067784883
20040402,0.129719683039
20040403,0.373209871974
20040404,3.65181017725
20040405,1.6752148244
20040406,0.962094519266
20040407,1.26945050855
20040408,0.618930877937
20040409,2.00528531068
20040410,0.849256247324
20040411,1.18251653157
20040412,0.353891155142
20040413,0.224250174777
20040414,0.434287887617
20040415,0.733633596702
20040416,0.220908027759
20040417,2.52453373379
20040418,0.381966883942
20040419,0.709146156366
20040420,1.04494936072
20040421,0.251767687227
20040422,0.617871315786
20040423,2.1583491674
20040424,1.07723084212
20040425,1.2988435618
20040426,1.9455673456
20040427,0.32992362781
20040428,0.167371526081
20040429,1.8181025551
20040430,1.15951707811
20040501,1.62034266856
20040502,0.710005005185
20040503,1.56921895897
20040504,0.671497828193
20040505,0.725657587266
20040506,0.0832742864234
20040507,0.207424388292
20040508,1.35701002759
20040509,0.912544909904
20040510,0.441636404294
20040511,1.04023802591
20040512,1.40963356447
20040513,0.500955167943
20040514,0.883793887781
20040515,1.37706335693
20040516,0.598882029315
20040517,0.310426703208
20040518,0.845948489523
20040519,0.348700481778
20040520,0.855254080157
20040521,1.54701465581
20040522,1.10655004951
20040523,0.427476443873
20040524,0.397545194566
20040525,0.689098117992
20040526,1.22243679959
20040527,0.907339801531
20040528,0.393844454333
20040529,1.77405603076
20040530,0.95584701892
20040531,0.638839952961
20040601,0.834520984608
20040602,0.218734910316
20040603,1.61406265287
20040604,0.655465912883
20040605,0.721903606301
20040606,0.901114563715
20040607,0.321661145308
20040608,0.779575739717
20040609,0.55628800661
20040610,1.97085019395
20040611,0.597636772903
20040612,0.236787651371
20040613,0.432870373987
20040614,0.446543955169
20040615,0.732677656183
20040616,0.407961376684
20040617,0.150234978211
20040618,0.698208471947
20040619,0.853848343604
20040620,0.608234770946
20040621,1.70716386865
20040622,1.11944175966
20040623,1.44829135359
20040624,0.412112852807
20040625,0.949664861368
20040626,1.41482108942
20040627,0.247279353287
20040628,0.824946310667
20040629,0.762750403445
20040630,0.529595739351
20040701,0.87315315847
20040702,0.486933383358
20040703,0.244461302102
20040704,0.518144327194
20040705,0.19897073748
20040706,0.655925539823
20040707,0.64999464752
20040708,0.475858601271
20040709,0.327756594127
20040710,0.0622391719134
20040711,1.18799389443
20040712,0.754419342566
20040713,0.895935201886
20040714,1.02924353616
20040715,0.789384773622
20040716,1.27805504421
20040717,0.41090836549
20040718,1.34168237091
20040719,0.893892067942
20040720,1.23194279999
20040721,0.583125526275
20040722,0.697269596433
20040723,1.10720474456
20040724,0.601445055687
20040725,1.17045144574
20040726,1.18709578652
20040727,0.780151656784
20040728,0.547111713331
20040729,0.473424720333
20040730,1.27079455469
20040731,0.629977042369
20040801,0.792521529007
20040802,2.78114923334
20040803,0.91210339794
20040804,0.920457241673
20040805,1.23753882522
20040806,0.918224043102
20040807,3.39698844968
20040808,1.29698663764
20040809,2.1956434083
20040810,0.898637351964
20040811,0.647025419099
20040812,6.36506169209
20040813,0.523642414804
20040814,1.38841023026
20040815,0.842475912542
20040816,1.25256639082
20040817,0.474530369955
20040818,0.576536675359
20040819,1.03195128717
20040820,2.81375120673
20040821,0.788291161265
20040822,0.314246688963
20040823,0.398602263173
20040824,0.951981801871
20040825,1.38383706003
20040826,1.01666534472
20040827,1.10620685174
20040828,1.83020861293
20040829,0.752565180776
20040830,0.173808489677
20040831,1.14050730199
20040901,1.68600905869
20040902,0.22890218606
20040903,2.23705924496
20040904,1.56284256808
20040905,0.448804055711
20040906,0.223927482818
20040907,0.302167704122
20040908,1.96386248376
20040909,1.01353835474
20040910,0.176059526188
20040911,2.43583804242
20040912,1.15555693968
20040913,1.1125541115
20040914,1.76051089382
20040915,1.19548178568
20040916,0.359997014084
20040917,0.131334137887
20040918,0.752722625418
20040919,0.635422588375
20040920,0.634497888411
20040921,1.31800459098
20040922,0.425390788096
20040923,0.829471707573
20040924,0.959854097516
20040925,1.10469437973
20040926,1.38157488533
20040927,0.992180333881
20040928,1.17739162646
20040929,0.888200317708
20040930,1.09487687482
20041001,0.498027584717
20041002,1.18916100843
20041003,1.17155135609
20041004,0.830476131152
20041005,0.518295951629
20041006,0.438131648707
20041007,0.218529993565
20041008,0.116612844596
20041009,0.554556019049
20041010,0.464897433339
20041011,0.373210602071
20041012,1.69046606148
20041013,0.458999513068
20041014,0.404756402334
20041015,0.550459110536
20041016,0.200241222837
20041017,0.980727369556
20041018,0.397466891168
20041019,0.195566441487
20041020,0.139074990934
20041021,0.523628978562
20041022,1.05373431986
20041023,0.586091772699
20041024,0.357998370772
20041025,0.208220287122
20041026,0.572981402374
20041027,1.34678804543
20041028,1.48075137744
20041029,0.327236447981
20041030,0.399266667602
20041031,2.53154070166
20041101,0.380983603625
20041102,0.481149993882
20041103,2.15340954458
20041104,1.23630199232
20041105,0.216137806316
20041106,0.238315451136
20041107,0.202523202205
20041108,0.261004675545
20041109,0.38406720316
20041110,0.164069801494
20041111,0.199398848555
20041112,0.0995758820115
20041113,0.0315619136115
20041114,0.438164069889
20041115,0.370390432447
20041116,0.167967999754
20041117,0.141502659212
20041118,0.0573290473716
20041119,0.155596336549
20041120,0.588138057989
20041121,1.08909124761
20041122,0.492810149905
20041123,0.159975669741
20041124,0.49131748177
20041125,0.691791458674
20041126,0.566196229535
20041127,0.265137616266
20041128,0.0419024581272
20041129,0.0780297419699
20041130,0.0797447086719
20041201,0.0433392725063
20041202,0.357297067795
20041203,0.0983760554151
20041204,0.157454824874
20041205,0.118264097977
20041206,0.140352424805
20041207,0.156000967603
20041208,0.0845095440088
20041209,0.558933774386
20041210,0.441781840469
20041211,0.13992343851
20041212,0.082481737987
20041213,0.124958784506
20041214,0.169938814632
20041215,0.215615631222
20041216,0.425774225307
20041217,0.221126685812
20041218,0.0620578399768
20041219,0.108729500193
20041220,0.182289172483
20041221,1.52440372202
20041222,0.130933400391
20041223,0.747071965676
20041224,0.740947192356
20041225,0.313154771922
20041226,0.0412099176282
20041227,0.0147384785433
20041228,0.0777814311577
20041229,0.203898317759
20041230,0.706761066173
20041231,0.137204102164
20050101,0.0562639353037
20050102,0.100750462667
20050103,0.00292848855307
20050104,0.0755296523073
20050105,0.0138775802114
20050106,0.020228630845
20050107,0.0444969288075
20050108,0.278235988156
20050109,0.0160581500461
20050110,0.0214752073886
20050111,0.0427409800326
20050112,0.112011714254
20050113,0.0727742207613
20050114,0.229850393543
20050115,0.204285945916
20050116,0.143525489658
20050117,0.0435488465756
20050118,0.0966215205342
20050119,0.0196195106112
20050120,0.162468002159
20050121,0.0887396273767
20050122,0.324758890351
20050123,0.0216038917999
20050124,0.0665047662282
20050125,0.432273113661
20050126,0.44782223257
20050127,0.0547353023336
20050128,0.731500751033
20050129,1.40414385643
20050130,0.293586892093
20050131,0.106778718642
20050201,0.315748713589
20050202,0.103292087913
20050203,0.0467614051713
20050204,0.12670443451
20050205,0.00688506188453
20050206,0.0108126835671
20050207,0.0680181452274
20050208,0.190426746125
20050209,1.03413124873
20050210,0.59515965826
20050211,0.0111340820096
20050212,0.0113415202922
20050213,0.0496907475536
20050214,0.126935653259
20050215,0.0804001017023
20050216,0.0861424727928
20050217,0.0319944183525
20050218,0.142250680803
20050219,0.0955658619017
20050220,0.0110480948101
20050221,0.000166146434586
20050222,0.00401026452649
20050223,7.08527396488e-05
20050224,0.11234709478
20050225,0.277431882459
20050226,1.85119346528
20050227,1.0737198067
20050228,1.24478496868
20050301,0.724262789349
20050302,0.170123640126
20050303,0.435804462161
20050304,0.653381097048
20050305,0.114453444676
20050306,0.141523298213
20050307,0.111128347044
20050308,0.147535894652
20050309,0.292739578718
20050310,0.209299648478
20050311,0.318362257401
20050312,1.17539800403
20050313,0.61430175842
20050314,0.978603454755
20050315,0.559085594114
20050316,1.87514258989
20050317,1.32671128052
20050318,1.37665836681
20050319,0.541799465675
20050320,1.31174306573
20050321,1.43933663232
20050322,1.92410729162
20050323,0.694427370316
20050324,0.0627891249216
20050325,0.468833273608
20050326,0.441579446552
20050327,0.0729577431548
20050328,0.487100999334
20050329,0.0754092461184
20050330,0.235961146077
20050331,0.182804853653
20050401,0.18696392355
20050402,0.191007219838
20050403,0.0544467627251
20050404,0.796021356709
20050405,1.11545653304
20050406,0.491643606528
20050407,0.296247924217
20050408,0.127150345406
20050409,0.527537958768
20050410,0.368552610802
20050411,0.727312709036
20050412,0.182783158989
20050413,0.161809464894
20050414,1.32088701274
20050415,0.259348751541
20050416,1.23711481722
20050417,0.175979676068
20050418,0.793455739797
20050419,0.38413579697
20050420,0.798247788364
20050421,0.296629540801
20050422,0.377152293477
20050423,1.55806956659
20050424,2.09662552079
20050425,0.350593304741
20050426,1.77718670089
20050427,1.00067774878
20050428,1.38563385425
20050429,0.942309046166
20050430,0.0549794435396
20050501,0.625065124093
20050502,2.2620181139
20050503,1.62348087066
20050504,5.79841041063
20050505,0.732202087682
20050506,1.82625687131
20050507,0.520404232364
20050508,0.185015565543
20050509,0.848841529699
20050510,0.191558014132
20050511,0.615890978758
20050512,1.52258547951
20050513,0.294976615109
20050514,0.590125926461
20050515,0.13341135696
20050516,0.0659667517946
20050517,0.34405445523
20050518,0.199409226068
20050519,0.38518258374
20050520,0.38218641781
20050521,1.67389911331
20050522,1.46734882401
20050523,0.438643560749
20050524,1.17536156454
20050525,2.18207262532
20050526,0.650793336073
20050527,0.900784811701
20050528,0.925306834419
20050529,1.27191014925
20050530,2.83150861148
20050531,0.343685819273
20050601,0.791605464474
20050602,1.85989753057
20050603,0.844170002226
20050604,0.432584752212
20050605,0.221910412267
20050606,0.507387777247
20050607,3.91595822818
20050608,0.840274828563
20050609,3.71136185529
20050610,0.468382168479
20050611,1.20252213325
20050612,0.814740897901
20050613,1.14398621248
20050614,0.560322791579
20050615,0.735870248205
20050616,0.410159230809
20050617,1.62398655159
20050618,0.371432253229
20050619,0.502537690866
20050620,0.280949801348
20050621,0.233274465014
20050622,1.53929529344
20050623,0.749676750053
20050624,0.902044616988
20050625,0.698347401716
20050626,0.201266504453
20050627,0.431727539079
20050628,1.75286586809
20050629,0.640029040821
20050630,0.433918336724
20050701,0.467007211275
20050702,0.556877583608
20050703,1.84857837851
20050704,1.07422510123
20050705,2.63339384503
20050706,1.37869601676
20050707,1.02411760707
20050708,1.52101571223
20050709,0.656883557035
20050710,2.65383606058
20050711,0.522140234421
20050712,1.28758805921
20050713,1.06030048146
20050714,1.15213175399
20050715,0.184536280144
20050716,0.773098879097
20050717,2.10890191739
20050718,1.90839104136
20050719,0.559856987713
20050720,0.856047226384
20050721,1.87621817547
20050722,3.35561531601
20050723,0.341839333161
20050724,0.618802901805
20050725,4.02949902101
20050726,2.31148204831
20050727,0.54842969311
20050728,1.1978541007
20050729,2.19833044977
20050730,1.0950748632
20050731,0.837661767955
20050801,1.38556189782
20050802,0.957423671023
20050803,2.31973671167
20050804,4.28205301648
20050805,0.965095720852
20050806,1.06802131063
20050807,1.88080112583
20050808,0.204535552598
20050809,1.40379459868
20050810,0.872478829907
20050811,0.917866151447
20050812,0.455031356861
20050813,3.70635200359
20050814,1.40877611384
20050815,1.12425596851
20050816,1.83771850277
20050817,2.09499654279
20050818,0.216917183602
20050819,1.06039583629
20050820,1.95055346951
20050821,1.14678348571
20050822,0.569424636677
20050823,1.26564023512
20050824,0.342991170963
20050825,1.02364608832
20050826,4.91787347349
20050827,1.29494139532
20050828,1.05222092181
20050829,0.467599104902
20050830,1.38249503609
20050831,1.39223603897
20050901,0.893471757829
20050902,0.604050404123
20050903,0.706512403721
20050904,1.01317137157
20050905,1.69516100273
20050906,2.29983110346
20050907,0.904984593547
20050908,1.13737308049
20050909,1.76566347853
20050910,0.888817293995
20050911,0.213790734963
20050912,1.13055368383
20050913,0.586565683801
20050914,0.950908361795
20050915,3.30368606251
20050916,0.629123380689
20050917,1.23773172687
20050918,0.841896703426
20050919,0.983265862063
20050920,0.264097445374
20050921,1.43497689435
20050922,0.602705041987
20050923,0.519113726986
20050924,0.515047375669
20050925,0.438113512584
20050926,0.609635584251
20050927,0.397774848986
20050928,0.479762214917
20050929,0.160405082901
20050930,0.273205121411
20051001,0.485176888695
20051002,0.655556242578
20051003,1.14081784117
20051004,0.0891397430627
20051005,0.535844233258
20051006,1.62672425574
20051007,0.776713460749
20051008,0.581205169494
20051009,0.454129374583
20051010,0.606688756169
20051011,0.385502676271
20051012,0.390724535538
20051013,0.420624176955
20051014,2.06520276969
20051015,0.473352799298
20051016,0.307193032692
20051017,0.612135127859
20051018,0.5763426629
20051019,0.176291002836
20051020,0.383852047912
20051021,0.406486466644
20051022,0.667909499877
20051023,1.00452077052
20051024,0.625793846819
20051025,0.289379568166
20051026,0.263787501508
20051027,0.105119544775
20051028,0.838211534302
20051029,0.600283782506
20051030,0.249148117302
20051031,0.164520813641
20051101,0.124395664136
20051102,0.212853132247
20051103,0.400586487393
20051104,0.211688395228
20051105,1.60292978903
20051106,0.205134556836
20051107,0.0852488121668
20051108,0.145489748467
20051109,0.0998626824446
20051110,0.243525910415
20051111,0.200730601589
20051112,0.0795979178819
20051113,0.0795969535641
20051114,0.172486883901
20051115,0.0290698871212
20051116,0.519750535966
20051117,0.143162501448
20051118,0.221982609111
20051119,0.134493503841
20051120,0.103982968129
20051121,0.381472377294
20051122,0.14164823262
20051123,0.129002277982
20051124,0.198274549123
20051125,0.170267730884
20051126,0.136572226053
20051127,0.0109890579173
20051128,0.0102362970653
20051129,0.626452331106
20051130,0.14640958188
20051201,0.278058553606
20051202,0.165265148582
20051203,0.551755997581
20051204,0.10782656032
20051205,0.291385809374
20051206,0.331311372907
20051207,0.290858620974
20051208,0.136035216188
20051209,0.0105915689234
20051210,0.106864227379
20051211,0.0897615887179
20051212,0.15872195816
20051213,0.0581255570499
20051214,0.117659334388
20051215,0.0524723279796
20051216,0.0129493405504
20051217,0.00343043275406
20051218,0.000986689566649
20051219,1.64283608932e-05
20051220,0.000329857058114
20051221,0.0013327598263
20051222,0.0231317360151
20051223,0.0123185297639
20051224,0.0146170008907
20051225,0.137376544237
20051226,0.0375695469289
20051227,0.0330861940469
20051228,0.0241133633007
20051229,0.0209862207487
20051230,0.014938708643
20051231,0.020298758725
20060101,0.179465520073
20060102,0.232051524877
20060103,0.0575386131788
20060104,0.0724298468481
20060105,0.029781519988
20060106,0.0332038488665
20060107,0.0205814321712
20060108,0.242705108952
20060109,0.53501068134
20060110,0.917908473659
20060111,0.307111174098
20060112,0.231860447425
20060113,0.704853838802
20060114,1.12028711768
20060115,0.733978496297
20060116,0.405697509692
20060117,0.260886451925
20060118,0.0597654143525
20060119,0.0848308274907
20060120,0.547455921565
20060121,0.0650729309754
20060122,0.216024495523
20060123,0.0615800336359
20060124,1.31354085549
20060125,3.98165735838
20060126,0.13312072067
20060127,0.219649533345
20060128,0.00856837974639
20060129,0.20286387378
20060130,0.0797239130423
20060131,0.0941813056165
20060201,0.335604765806
20060202,0.61672124542
20060203,0.417408067856
20060204,0.379477081022
20060205,0.0258438889597
20060206,0.0176639176591
20060207,0.0794700086218
20060208,0.299022572333
20060209,0.132372559793
20060210,0.243300461586
20060211,0.38280852649
20060212,0.170009196951
20060213,0.341081229503
20060214,0.440184403561
20060215,0.337540893568
20060216,0.421884302323
20060217,0.0809373977023
20060218,0.130877256278
20060219,0.445365143761
20060220,0.28070626542
20060221,0.0976402204265
20060222,0.501073679918
20060223,0.429738717156
20060224,0.476734544228
20060225,0.103716498558
20060226,0.14136806191
20060227,0.0759816200976
20060228,0.203449144538
20060301,1.67734269028
20060302,0.149895623486
20060303,0.0958384718595
20060304,0.250743934512
20060305,0.0468287081262
20060306,0.526783717199
20060307,0.194189465526
20060308,1.39354482514
20060309,2.00729792866
20060310,6.18582055169
20060311,0.248982634694
20060312,0.356580763643
20060313,0.646710078095
20060314,0.485794756034
20060315,0.432708579564
20060316,0.315886052504
20060317,1.07650978697
20060318,1.0400352094
20060319,1.43786830712
20060320,0.591259226964
20060321,0.256805638856
20060322,0.348542396277
20060323,0.242346801421
20060324,0.443141062436
20060325,0.58478273339
20060326,0.989102938847
20060327,0.978705798864
20060328,0.210322418279
20060329,0.558813364407
20060330,0.771315067359
20060331,0.995946083271
20060401,1.23204790459
20060402,0.321650344564
20060403,0.529886902704
20060404,0.668545780394
20060405,0.76883912806
20060406,0.765665078509
20060407,0.703328039618
20060408,0.509021233023
20060409,0.458416281168
20060410,0.200615893616
20060411,1.26666198899
20060412,0.47296530722
20060413,0.535267018693
20060414,2.50474293783
20060415,0.393034863511
20060416,0.762865363922
20060417,1.3280464595
20060418,0.787764969471
20060419,0.816387452139
20060420,1.28822133838
20060421,0.539962110663
20060422,0.443428289877
20060423,2.97318162181
20060424,1.1485246151
20060425,0.62651788485
20060426,0.366409415543
20060427,0.180072197956
20060428,0.394355728995
20060429,0.471437539019
20060430,0.347738844762
20060501,0.629193635735
20060502,5.88506999487
20060503,2.41513604674
20060504,1.00199721018
20060505,0.802924365587
20060506,0.696426974542
20060507,0.791913469327
20060508,4.33443928879
20060509,1.24397013618
20060510,2.98096290738
20060511,1.48924766249
20060512,3.48292165016
20060513,2.03057690063
20060514,1.96163228882
20060515,0.945678515621
20060516,1.28310350905
20060517,0.952885285166
20060518,1.33952410868
20060519,1.08017357408
20060520,0.119121570442
20060521,0.59361321126
20060522,2.3402663701
20060523,0.610584908201
20060524,0.83919206042
20060525,0.188983947166
20060526,0.600560898442
20060527,1.27194096375
20060528,0.830882030244
20060529,1.27410427155
20060530,1.06717384169
20060531,0.289526916313
20060601,2.31667354239
20060602,0.809938787291
20060603,0.37851403944
20060604,0.502918512938
20060605,0.479836357021
20060606,0.903640906107
20060607,0.528847429266
20060608,0.693222037094
20060609,0.359678095724
20060610,0.904292411595
20060611,1.72164390378
20060612,0.427742131451
20060613,2.97248042028
20060614,0.335931532116
20060615,0.2181373403
20060616,3.85424895803
20060617,2.9096160613
20060618,1.11339217968
20060619,0.843567832464
20060620,0.291803998029
20060621,0.901676625112
20060622,0.691120961274
20060623,0.0171609304294
20060624,0.252171452584
20060625,0.703519287649
20060626,0.688751515477
20060627,1.72005355613
20060628,1.8231711315
20060629,0.870629108538
20060630,0.789379791389
20060701,1.4767958616
20060702,0.960958856509
20060703,0.590716467938
20060704,0.749231149394
20060705,0.699933196755
20060706,1.13280901481
20060707,1.2487148135
20060708,4.17529449934
20060709,4.30846604353
20060710,0.773554894251
20060711,0.901140779919
20060712,1.82012415284
20060713,0.934048412705
20060714,0.849648131031
20060715,2.22013428015
20060716,1.70354754697
20060717,0.296883262253
20060718,1.54634079079
20060719,3.37937510001
20060720,1.44322272956
20060721,0.26641341097
20060722,0.503086206849
20060723,1.61541289994
20060724,2.19477100915
20060725,2.14984646451
20060726,0.774826380984
20060727,0.327133038443
20060728,1.27828859736
20060729,2.4655876548
20060730,0.857595262449
20060731,2.39301989973
20060801,1.10071142358
20060802,0.873309261306
20060803,1.44533218
20060804,1.85621803834
20060805,0.97105709569
20060806,0.462498487868
20060807,1.64760635766
20060808,2.57313345039
20060809,1.64626166862
20060810,2.13360675191
20060811,1.02403616133
20060812,1.46175239057
20060813,1.06313848416
20060814,4.4762575555
20060815,3.54208069264
20060816,1.65753133711
20060817,0.815246577717
20060818,1.36043844899
20060819,0.516008465073
20060820,0.770553916768
20060821,5.22331636633
20060822,1.07592076122
20060823,0.458690228979
20060824,0.757597727547
20060825,1.0372520727
20060826,2.27280595346
20060827,0.447901924546
20060828,0.393713237705
20060829,1.22223718224
20060830,0.960708462063
20060831,1.30300324213
20060901,0.424020843903
20060902,1.47388494062
20060903,2.39519268136
20060904,0.907807510646
20060905,0.709619327659
20060906,0.777321509648
20060907,1.7539883186
20060908,0.458037592103
20060909,0.889724688012
20060910,1.40323649478
20060911,1.0533914311
20060912,0.831538345568
20060913,0.316350888412
20060914,0.864177841705
20060915,0.315370189177
20060916,1.3854378477
20060917,1.82170160786
20060918,2.73180329966
20060919,1.08749055159
20060920,0.66905500774
20060921,0.882535319142
20060922,1.2390493609
20060923,0.639760168838
20060924,1.36056287256
20060925,0.400051534498
20060926,0.603237839359
20060927,1.3257290014
20060928,1.12992809277
20060929,0.381196346464
20060930,0.308841761482
20061001,1.65995850691
20061002,1.47365298666
20061003,0.443707899138
20061004,1.39902680863
20061005,0.41425155161
20061006,0.103853321983
20061007,0.173493407616
20061008,1.33949937233
20061009,0.679626484963
20061010,1.17445781455
20061011,1.07800398841
20061012,0.416108223951
20061013,0.487144341401
20061014,0.639250866214
20061015,0.795421492399
20061016,0.330309531099
20061017,1.72640602907
20061018,1.35065981923
20061019,0.858061970159
20061020,1.23658917388
20061021,1.65554318113
20061022,2.00032526514
20061023,4.47395454135
20061024,1.41417764641
20061025,1.33756176875
20061026,0.789896761109
20061027,2.10680934081
20061028,2.36022098333
20061029,1.77890367781
20061030,0.382192634133
20061031,0.370613513361
20061101,0.269689195308
20061102,0.176349486006
20061103,0.834364383965
20061104,0.763096491756
20061105,0.565678563195
20061106,0.652310668397
20061107,0.115406056498
20061108,1.23147473534
20061109,0.838860468752
20061110,0.488041971122
20061111,0.519893240824
20061112,0.823437739059
20061113,0.837707959965
20061114,0.506603969473
20061115,0.674302175766
20061116,1.00403670404
20061117,0.11205062983
20061118,1.00487508117
20061119,0.610722654567
20061120,0.423211842233
20061121,0.369922518333
20061122,0.366297848329
20061123,1.20490274464
20061124,0.328753480583
20061125,0.539093541532
20061126,0.769019938825
20061127,0.0974568451094
20061128,0.414230516043
20061129,0.589536549702
20061130,0.241334081677
20061201,0.278609621441
20061202,0.199505618027
20061203,0.75889799903
20061204,0.416220283949
20061205,1.11058541674
20061206,1.04722379035
20061207,0.531770496326
20061208,0.425347358419
20061209,0.2599339501
20061210,0.0744426736285
20061211,0.0231490531962
20061212,0.0166975568524
20061213,0.891541605877
20061214,0.721076425796
20061215,0.184073672436
20061216,0.312959355838
20061217,0.665996313232
20061218,0.124670899124
20061219,0.135577985154
20061220,0.353169086839
20061221,0.90476762148
20061222,0.523401335056
20061223,0.298345820518
20061224,0.115334078013
20061225,0.113995277577
20061226,0.0257153109756
20061227,0.171491648416
20061228,0.59843881179
20061229,1.00501136106
20061230,1.88673980484
20061231,0.497428322232
20070101,0.0790770291422
20070102,0.108225514674
20070103,0.784910393711
20070104,0.398086228426
20070105,0.344027225684
20070106,0.0593042208056
20070107,0.302176109378
20070108,0.00733870407269
20070109,0.00189360589875
20070110,0.0138264524724
20070111,0.0578497141726
20070112,0.116399273712
20070113,0.280641339612
20070114,0.226449008355
20070115,0.200093170958
20070116,0.274033187956
20070117,0.168008359114
20070118,0.111768358584
20070119,0.325439075552
20070120,0.589599247909
20070121,0.285185783799
20070122,0.0464418291325
20070123,0.022130002529
20070124,0.0493020825079
20070125,0.313538882818
20070126,0.0860784318315
20070127,0.116359188524
20070128,0.0981140699382
20070129,0.187040096818
20070130,0.247250276908
20070131,0.464212736422
20070201,0.297192969994
20070202,0.383583030419
20070203,0.133228020908
20070204,0.472642278367
20070205,0.358227237037
20070206,0.564727179555
20070207,0.148094484469
20070208,0.0804965719787
20070209,0.947728272543
20070210,0.195320174217
20070211,0.0860596191315
20070212,0.0602884970569
20070213,0.208087854466
20070214,0.260648370448
20070215,0.174780313798
20070216,0.465877622562
20070217,0.390979907071
20070218,0.120007018346
20070219,0.374793018614
20070220,0.0905309435237
20070221,0.171577548905
20070222,0.204624833833
20070223,0.103330545581
20070224,0.243839672482
20070225,0.264815011942
20070226,0.819619498953
20070227,0.322654282767
20070228,0.897721985779
20070301,0.208131341036
20070302,0.124185503853
20070303,0.166400638688
20070304,0.0587310122771
20070305,0.0749415469137
20070306,0.00135038828287
20070307,0.019309334161
20070308,0.00191000108715
20070309,0.0777129795485
20070310,0.769728109818
20070311,1.95134086073
20070312,0.234576658949
20070313,0.110815324711
20070314,0.751119100886
20070315,0.908666494617
20070316,0.451670405454
20070317,0.762602821987
20070318,0.307411243063
20070319,0.670853626092
20070320,0.877599997006
20070321,0.0833443395596
20070322,0.398132230922
20070323,0.809301191194
20070324,1.03899271197
20070325,0.112416149434
20070326,0.590583465151
20070327,0.468168313731
20070328,0.844858760994
20070329,1.23623213991
20070330,0.885411783721
20070331,0.514837197377
20070401,0.206888279316
20070402,0.133662184562
20070403,0.192305569999
20070404,0.113457040543
20070405,0.519616162683
20070406,0.358708836217
20070407,0.406888721156
20070408,0.353093533518
20070409,0.909701674093
20070410,0.430639676121
20070411,1.26671163445
20070412,1.47706857705
20070413,0.617815047493
20070414,2.86457242304
20070415,0.838615265213
20070416,0.647297684778
20070417,0.225619630608
20070418,0.800880390974
20070419,0.293179179053
20070420,0.616802952394
20070421,1.31956221299
20070422,1.01087084562
20070423,0.366626101106
20070424,0.440189529034
20070425,2.68417198753
20070426,3.07237456144
20070427,0.624088692263
20070428,2.09567178797
20070429,0.385414606766
20070430,2.44650893534
20070501,1.26930883071
20070502,0.403037535657
20070503,0.547326388478
20070504,1.29872329418
20070505,0.928354805344
20070506,1.76965117078
20070507,0.976821426965
20070508,0.856003339111
20070509,0.497567335684
20070510,1.68857205746
20070511,0.461060007332
20070512,1.71562012945
20070513,2.46330528325
20070514,0.589778465704
20070515,1.30029423472
20070516,0.485992826109
20070517,3.27158519912
20070518,1.23129096127
20070519,1.19829884795
20070520,0.180233987667
20070521,0.962395220002
20070522,0.624276732838
20070523,0.180947822302
20070524,1.53272517259
20070525,0.745068308096
20070526,0.888090535928
20070527,3.34649318787
20070528,1.95976263173
20070529,1.50883629387
20070530,1.02214038258
20070531,1.02489275494
20070601,0.969124067174
20070602,1.14049774248
20070603,1.99692839386
20070604,1.22862321752
20070605,1.04793649546
20070606,0.6251116031
20070607,0.580848969848
20070608,0.740348297435
20070609,0.510431814047
20070610,0.881691626827
20070611,0.680759583961
20070612,0.964596737768
20070613,1.29339200392
20070614,0.653702777938
20070615,0.454119099508
20070616,0.557116057315
20070617,0.353768663407
20070618,0.940775105424
20070619,0.190091598517
20070620,0.313761238958
20070621,0.525174243105
20070622,0.242523632775
20070623,3.38095511587
20070624,0.971856707881
20070625,0.503367830455
20070626,0.50857637615
20070627,2.46840231044
20070628,1.46069268585
20070629,0.170529058993
20070630,0.485301669572
20070701,0.970823047343
20070702,0.384941999786
20070703,0.908498926087
20070704,1.92074723886
20070705,1.38380836733
20070706,1.83418298418
20070707,0.609640558475
20070708,0.424481627286
20070709,2.46357884683
20070710,2.40791172281
20070711,0.806925493419
20070712,0.568698802958
20070713,5.79595800663
20070714,0.937244258994
20070715,0.155681872239
20070716,1.24443465717
20070717,1.47790570358
20070718,0.552233242738
20070719,2.62994536138
20070720,0.693948062483
20070721,0.859501681358
20070722,2.60575962436
20070723,1.68929988359
20070724,1.18558353537
20070725,3.55578567771
20070726,2.59484838211
20070727,1.01169797139
20070728,0.597895012703
20070729,1.59040441035
20070730,0.97996681981
20070731,2.67495363142
20070801,1.39825335207
20070802,2.30844877118
20070803,0.709442349338
20070804,1.05187378698
20070805,1.56441816603
20070806,0.571628318488
20070807,1.42408552442
20070808,1.74697562847
20070809,2.21114390267
20070810,2.48258088828
20070811,1.50703364345
20070812,0.54573206506
20070813,0.944500698694
20070814,2.12171492352
20070815,1.83343737009
20070816,0.878142036547
20070817,0.663451722509
20070818,1.20974366876
20070819,1.72694497616
20070820,1.04493695191
20070821,1.96428252039
20070822,0.878050135582
20070823,3.08982241997
20070824,1.32191971947
20070825,1.15142851092
20070826,0.724055845914
20070827,5.85358306234
20070828,1.11873312343
20070829,1.98904956413
20070830,0.744422125779
20070831,1.34147031677
20070901,1.61907640806
20070902,0.872145096004
20070903,1.83795861058
20070904,1.0634329964
20070905,2.30401170179
20070906,1.60267131803
20070907,0.485884265035
20070908,0.908145396448
20070909,3.37407195369
20070910,0.405809638532
20070911,1.10041075716
20070912,1.12870153173
20070913,2.06980343475
20070914,1.0359436269
20070915,0.78377818862
20070916,0.900277233673
20070917,0.241967155434
20070918,0.399912573538
20070919,1.03422990154
20070920,4.67843845009
20070921,0.499838811778
20070922,0.541932408387
20070923,0.701992010125
20070924,0.257579056793
20070925,0.176974173005
20070926,1.23536246079
20070927,0.201408181559
20070928,0.100927261381
20070929,0.705538779074
20070930,0.37783583399
20071001,2.19825649537
20071002,3.54053214874
20071003,1.7833966991
20071004,1.21059924592
20071005,0.526665678958
20071006,0.682047813111
20071007,0.471449471371
20071008,0.624966578736
20071009,0.645513280231
20071010,0.419896119761
20071011,0.185834554678
20071012,0.958028244281
20071013,0.378210671153
20071014,0.757752442358
20071015,0.593806879001
20071016,1.08888536738
20071017,0.604485956289
20071018,0.668395895735
20071019,1.54810135048
20071020,1.13282849004
20071021,0.871996867043
20071022,1.17428133652
20071023,0.667773252543
20071024,0.4567558409
20071025,0.332041859451
20071026,0.319903077933
20071027,0.391973699857
20071028,0.302496734774
20071029,0.531722022587
20071030,0.41293078923
20071031,0.256096541685
20071101,0.554957624041
20071102,0.209079544543
20071103,0.269395235098
20071104,0.709332622076
20071105,2.1561117174
20071106,0.27022552889
20071107,0.549524397737
20071108,2.20938857302
20071109,0.289272341999
20071110,0.727718155059
20071111,0.598792167401
20071112,0.556353595634
20071113,0.840775970308
20071114,11.7543222239
20071115,1.13261780985
20071116,0.429341046981
20071117,0.783463276552
20071118,0.169151701486
20071119,0.136895199005
20071120,0.192222965649
20071121,0.0629236004556
20071122,0.061656503863
20071123,0.262788555405
20071124,0.571381885728
20071125,0.353820003089
20071126,0.139924236458
20071127,0.0662780797159
20071128,0.154098530185
20071129,0.172028263261
20071130,0.0156866945989
20071201,0.0734133242534
20071202,0.106678141263
20071203,0.0281075580172
20071204,0.0585757104431
20071205,0.0649926381905
20071206,0.0499763923087
20071207,0.0626656152778
20071208,0.777654360535
20071209,0.413457873713
20071210,0.753261252756
20071211,0.102421372097
20071212,0.353674941249
20071213,0.63234418033
20071214,0.0710874817274
20071215,0.0399582943417
20071216,0.0128616047806
20071217,0.069903640191
20071218,0.00336952054084
20071219,0.0977318955409
20071220,0.148320782091
20071221,0.0722614055096
20071222,0.0451116782371
20071223,0.00697730186373
20071224,0.0678911156768
20071225,0.078997882673
20071226,0.0529574969498
20071227,0.0478495877445
20071228,0.223017602579
20071229,0.529570726782
20071230,0.120387680423
20071231,0.0697188895653
20080101,0.0679405022963
20080102,0.212586904576
20080103,0.0111772445709
20080104,0.0249136627036
20080105,0.0505670744536
20080106,0.155512683114
20080107,0.141882004699
20080108,0.0509751746885
20080109,0.0444351828958
20080110,0.0186308949494
20080111,0.0178739917335
20080112,0.0120828348893
20080113,0.417831375136
20080114,1.36648915009
20080115,1.14664861206
20080116,0.601403901699
20080117,0.310525529709
20080118,0.730998999619
20080119,0.508522693493
20080120,1.0081389262
20080121,0.422421868096
20080122,0.232486246721
20080123,0.476667893064
20080124,0.104294554285
20080125,0.145691441358
20080126,0.137851966399
20080127,3.47590795845
20080128,0.604744557487
20080129,0.10991109155
20080130,0.173389197565
20080131,0.475442418523
20080201,0.361801207555
20080202,0.192514204241
20080203,0.0410484702659
20080204,0.257040489279
20080205,0.0561288258906
20080206,0.953652802006
20080207,0.484868781111
20080208,1.05509493605
20080209,1.17985636406
20080210,1.00204568811
20080211,0.87742371971
20080212,0.313494436867
20080213,0.240864995943
20080214,0.176415858182
20080215,0.435950546362
20080216,0.201534751153
20080217,0.0300327019652
20080218,0.0562450861
20080219,0.0266841744346
20080220,0.1035964991
20080221,0.911612625502
20080222,0.15177695893
20080223,0.0293617571949
20080224,0.00575248677011
20080225,0.0414167899239
20080226,0.750975218375
20080227,0.468055259646
20080228,0.713836304259
20080229,0.1079364767
20080301,0.194136656609
20080302,0.278027653163
20080303,0.483103635473
20080304,0.368948677088
20080305,0.219627079248
20080306,0.683243359354
20080307,0.636700017918
20080308,0.599995365206
20080309,1.18437309872
20080310,0.198982848636
20080311,0.896123099814
20080312,0.525417674368
20080313,0.150606536844
20080314,1.05877065856
20080315,0.801014631865
20080316,0.187583352317
20080317,1.02458170184
20080318,0.28752881359
20080319,1.16186325043
20080320,0.259724923064
20080321,0.238758999016
20080322,0.338004007117
20080323,0.842127644221
20080324,1.67097437835
20080325,0.22986897945
20080326,1.63545169476
20080327,1.07422116792
20080328,1.11781006979
20080329,0.340043088754
20080330,0.923621004662
20080331,0.608553986927
20080401,0.85846589232
20080402,0.039741717096
20080403,0.211753826058
20080404,0.125847481126
20080405,0.178246641348
20080406,0.303177269447
20080407,0.560815276883
20080408,0.904245037788
20080409,2.27613242064
20080410,1.63312767896
20080411,1.10576773232
20080412,0.938015536576
20080413,1.21419236675
20080414,1.72106085927
20080415,0.460205849076
20080416,0.719725115393
20080417,0.535516933137
20080418,0.640718449971
20080419,0.663549758249
20080420,1.13856485955
20080421,1.77878634971
20080422,1.43207962888
20080423,0.488076789207
20080424,0.762167182349
20080425,1.15511024764
20080426,2.58617064273
20080427,2.48954797589
20080428,0.371308348018
20080429,0.284542228806
20080430,6.23321801106
20080501,0.378512091633
20080502,0.451841623678
20080503,0.593385468892
20080504,0.0703245021439
20080505,1.33181174817
20080506,0.830893744298
20080507,0.980888793314
20080508,0.152174415579
20080509,0.970468946856
20080510,0.460331264137
20080511,1.13890333873
20080512,0.753660413582
20080513,0.781102102343
20080514,1.17760054562
20080515,0.688143554642
20080516,1.311685506
20080517,0.734258773468
20080518,1.45490302331
20080519,1.22901502705
20080520,2.70174244317
20080521,1.46274552949
20080522,1.23039516092
20080523,1.08508278093
20080524,0.712150642533
20080525,0.750087129706
20080526,0.759779354853
20080527,0.522298831216
20080528,1.07864553189
20080529,1.65500571308
20080530,0.752726500748
20080531,0.616410600837
20080601,0.788972015172
20080602,1.83079603899
20080603,0.471286771192
20080604,0.118993076545
20080605,0.8633552012
20080606,0.420999130122
20080607,6.52461590407
20080608,0.491489570788
20080609,0.334148965616
20080610,1.04620031059
20080611,0.731304391361
20080612,0.641181498302
20080613,0.409806474468
20080614,0.129849820001
20080615,0.500252007232
20080616,0.531783107956
20080617,0.270350225267
20080618,0.043886754266
20080619,2.74810321822
20080620,0.329237579234
20080621,0.763959941609
20080622,1.14110156112
20080623,0.224541751239
20080624,0.218385563401
20080625,2.48359708933
20080626,0.729630639182
20080627,1.89212332535
20080628,0.250801392455
20080629,0.250551203393
20080630,2.88233102088
20080701,0.381462451769
20080702,0.70572351454
20080703,1.96415226981
20080704,2.78306276388
20080705,1.15455560997
20080706,0.0409201343857
20080707,0.702472059665
20080708,0.980757305845
20080709,0.406932577372
20080710,1.56833368139
20080711,1.24781186341
20080712,1.2093849512
20080713,0.271197377224
20080714,0.502787682449
20080715,1.28012032029
20080716,0.934268257336
20080717,1.4624155978
20080718,1.47001042141
20080719,1.11414652571
20080720,0.7622094169
20080721,0.284975514859
20080722,0.284552353406
20080723,1.3285463048
20080724,1.18492782662
20080725,0.86807817683
20080726,0.983707727002
20080727,0.517383132514
20080728,0.68501120988
20080729,1.26381249615
20080730,1.15587828484
20080731,1.90747724341
20080801,0.821112944106
20080802,0.686965776269
20080803,2.39304396698
20080804,2.30040671018
20080805,0.701252393204
20080806,1.70014834215
20080807,1.45795059648
20080808,0.629703233356
20080809,1.2391086043
20080810,1.24882906717
20080811,0.510877494752
20080812,1.08648020991
20080813,1.50629452136
20080814,0.581591774691
20080815,0.375597607885
20080816,3.99169043569
20080817,0.981483625347
20080818,1.30333622819
20080819,0.920919586424
20080820,2.32498656422
20080821,0.703197099006
20080822,0.963996682084
20080823,1.3093815624
20080824,1.39095200615
20080825,1.19043662944
20080826,1.1299579963
20080827,0.470331232181
20080828,0.945599550531
20080829,0.743099593778
20080830,0.334525293943
20080831,0.918332119349
20080901,1.97555343589
20080902,1.40400316676
20080903,0.382708819583
20080904,2.10405544875
20080905,1.10187643171
20080906,2.73231262708
20080907,1.5804849378
20080908,0.845637925414
20080909,1.43393630683
20080910,1.67867672596
20080911,0.710950945979
20080912,3.03596180253
20080913,0.95826267401
20080914,1.14610822482
20080915,1.25828051008
20080916,0.809568880694
20080917,1.32357504517
20080918,1.20075340711
20080919,0.808904347585
20080920,0.496395353669
20080921,3.29589002363
20080922,0.675968495047
20080923,1.42517224816
20080924,1.32833451132
20080925,7.57951873814
20080926,0.941809404426
20080927,0.163842149739
20080928,0.16370062493
20080929,0.288610468645
20080930,2.29449180118
20081001,1.75979621741
20081002,0.870808741585
20081003,0.466959387661
20081004,2.13205361229
20081005,1.59822924551
20081006,1.81397009702
20081007,0.490681710709
20081008,2.18874796874
20081009,0.785682683985
20081010,2.13015056589
20081011,0.445356412074
20081012,0.90261801221
20081013,0.665694837049
20081014,1.00629896563
20081015,0.646860053453
20081016,0.344989585004
20081017,0.149043429408
20081018,0.181252902259
20081019,0.151212045664
20081020,1.23972086073
20081021,0.940099410682
20081022,2.1900382268
20081023,0.582039811541
20081024,0.91929707006
20081025,0.917689157517
20081026,0.28539978003
20081027,0.191068833057
20081028,0.230380398849
20081029,1.09825433654
20081030,0.459267794928
20081031,0.0914924390366
20081101,0.319329621828
20081102,0.637120399545
20081103,0.64508786185
20081104,0.394232967395
20081105,0.784780670522
20081106,0.631082903566
20081107,0.604866327546
20081108,1.6859791114
20081109,1.46292210556
20081110,0.107741301245
20081111,0.354634368641
20081112,0.257378839618
20081113,0.292003867534
20081114,0.0873227098287
20081115,0.10507714521
20081116,0.051263136297
20081117,0.087048878884
20081118,0.155846422213
20081119,0.0918432447497
20081120,0.0665122336031
20081121,0.024232836543
20081122,0.0137771049436
20081123,0.0174445655631
20081124,0.000826052986147
20081125,0.0212305872671
20081126,0.0169460583975
20081127,0.260294504385
20081128,1.69127166574
20081129,0.173217069611
20081130,0.160700438834
20081201,0.0987283545505
20081202,0.0917179507171
20081203,0.177265742632
20081204,0.621871797344
20081205,0.185222469097
20081206,0.0400411770756
20081207,0.0719350565439
20081208,0.0362645276611
20081209,0.292626385281
20081210,0.224026103922
20081211,0.408770510411
20081212,0.0328958773321
20081213,0.0112540607042
20081214,0.0107580893795
20081215,0.00427337076219
20081216,0.030481899671
20081217,0.0617662817514
20081218,0.0183986790666
20081219,0.168700071375
20081220,0.0855961206396
20081221,0.0199374342451
20081222,0.020288428765
20081223,0.034905229482
20081224,0.0218416102077
20081225,0.112792995846
20081226,0.266668649969
20081227,0.110813889531
20081228,0.370755387796
20081229,0.07662438934
20081230,0.0124952213699
20081231,0.299598578628
20090101,0.161143509631
20090102,0.0696434716545
20090103,0.0167345312958
20090104,0.0469156827738
20090105,0.133309069419
20090106,0.158541121805
20090107,0.0539940139401
20090108,0.0902116749761
20090109,0.0385361600991
20090110,0.126812963134
20090111,0.0274850905044
20090112,0.0199066998921
20090113,0.0109212840942
20090114,0.0141767751911
20090115,0.00419762688106
20090116,0.0282235491782
20090117,0.0725602564686
20090118,0.147853046584
20090119,0.235296191982
20090120,0.512648621605
20090121,0.284552100568
20090122,0.203918107549
20090123,0.184548041399
20090124,0.93035466362
20090125,0.241053020973
20090126,0.960571302842
20090127,0.0
20090128,0.0
20090130,0.0
20090131,0.0
20090202,0.0
20090204,0.0
20090207,0.0
20090208,0.0
20090209,0.0
20090210,0.0
20090213,0.0
20090214,0.0
20090215,0.0
20090216,0.0
20090217,0.0
20090218,0.0
20090220,0.0
20090221,0.0
20090222,0.0
20090223,0.0
20090224,0.0
20090225,0.0
20090228,0.0
20090301,0.0
20090302,0.0
20090303,0.0
20090305,0.0
20090306,0.0
20090308,0.0
20090309,0.0
20090310,0.0
20090312,0.383444898387
20090313,0.412738527984
20090314,0.469663691218
20090315,0.439084722051
20090316,0.111638930731
20090317,0.412943710353
20090318,0.481507078058
20090319,0.332044293218
20090320,0.259531420621
20090321,0.140917721474
20090322,0.452184137837
20090323,1.08264657595
20090324,1.05743912752
20090325,0.212838617823
20090326,0.307229146497
20090327,1.16339632357
20090328,0.264928470208
20090329,0.993678442322
20090330,0.14632591943
20090331,1.63443805316
20090401,1.44816359382
20090402,0.289304899266
20090403,0.14049203361
20090404,0.399737882135
20090405,0.411485072008
20090406,0.832326737182
20090407,1.47097419481
20090408,0.277288545333
20090409,0.549802396048
20090410,1.47505280756
20090411,1.5537260445
20090412,1.52772054865
20090413,1.06215731292
20090414,0.197077565053
20090415,0.524206919883
20090416,1.85162678632
20090417,3.2489724202
20090418,0.771985649577
20090419,1.10101525332
20090420,0.825117373539
20090421,1.47794915948
20090422,1.76243374687
20090423,0.449346871228
20090424,1.03792777808
20090425,1.61483695157
20090426,1.39621524598
20090427,2.66167507935
20090428,0.328132395294
20090429,3.61573068121
20090430,0.583865719875
20090501,0.666512912361
20090502,0.374411254352
20090503,0.355324363604
20090504,0.405057397891
20090505,0.475921303712
20090506,1.82803232808
20090507,0.734240360697
20090508,0.765808426941
20090509,0.581923334864
20090510,0.660724657677
20090511,0.673271367855
20090512,1.39429430999
20090513,0.622848007929
20090514,0.469105583576
20090515,0.275522232291
20090516,0.523198544377
20090517,0.117943911528
20090518,0.380427432629
20090519,0.0731588151859
20090520,0.852656540916
20090521,1.01159193211
20090522,1.64142299194
20090523,0.70759885115
20090524,1.57039367815
20090525,0.353458987673
20090526,1.40570982226
20090527,0.57380567727
20090528,0.184226515758
20090529,0.742446184203
20090530,0.180619519543
20090531,0.359757602988
20090601,0.418737394004
20090602,1.36746469668
20090603,1.44231279423
20090604,1.26739177446
20090605,0.599702891275
20090606,0.522499476956
20090607,0.740832556582
20090608,1.87724363619
20090609,1.60900420467
20090610,1.17353074206
20090611,0.323003127788
20090612,1.01694503334
20090613,1.5649832128
20090614,2.06433170914
20090615,0.447310757436
20090616,2.37182466422
20090617,0.799382134255
20090618,2.38220062824
20090619,1.75511129705
20090620,0.703641523915
20090621,0.245007059878
20090622,0.63980047172
20090623,0.663583112628
20090624,1.1512922808
20090625,0.634256187671
20090626,0.450702138557
20090627,0.718913635206
20090628,2.37678923045
20090629,4.15801081339
20090630,1.58620075424
20090701,0.314848499103
20090702,1.53637485541
20090703,2.23634994846
20090704,1.92111256968
20090705,1.40076363471
20090706,0.976543763725
20090707,0.599616522464
20090708,1.80310524223
20090709,4.14846058986
20090710,0.586795928744
20090711,1.16047033911
20090712,0.509308551062
20090713,0.514854697281
20090714,1.19264740421
20090715,1.98826246305
20090716,0.779350996644
20090717,1.58380414586
20090718,2.24932170936
20090719,0.645166489135
20090720,0.473685779518
20090721,0.318722772768
20090722,2.64648284003
20090723,1.31484937727
20090724,2.25853774377
20090725,3.68654897633
20090726,1.99416700801
20090727,0.47947288507
20090728,0.980580993036
20090729,1.10549719843
20090730,0.532072636583
20090731,1.22279134497
20090801,1.99962579896
20090802,1.67574559673
20090803,3.80108922927
20090804,1.37788982227
20090805,0.572477843433
20090806,0.574714362464
20090807,3.24566941987
20090808,0.361631228921
20090809,0.837367251526
20090810,1.8500699821
20090811,1.58307244646
20090812,1.20691138644
20090813,0.831628602132
20090814,0.670314176347
20090815,0.857901826324
20090816,0.574185078276
20090817,1.15813359514
20090818,0.529276656115
20090819,1.50632527375
20090820,0.570534457995
20090821,1.22964546861
20090822,0.515113203818
20090823,1.21494054947
20090824,2.61216476749
20090825,2.26081149958
20090826,0.649434118391
20090827,1.90801676064
20090828,2.54729885708
20090829,1.64060879108
20090830,1.00834011598
20090831,1.30635893659
20090901,0.582238724242
20090902,2.24378804617
20090903,0.992941327931
20090904,0.401241303133
20090905,1.83390917886
20090906,0.410149849265
20090907,1.63979815981
20090908,1.32764791519
20090909,0.594262973314
20090910,1.28805217706
20090911,0.569812853268
20090912,0.397700441934
20090913,0.560407708862
20090914,1.68417891074
20090915,0.964037931764
20090916,0.641146935587
20090917,1.03640071826
20090918,0.784077887258
20090919,1.88392294764
20090920,0.855066999752
20090921,0.467265075835
20090922,2.38635475183
20090923,1.58970339617
20090924,0.444859636631
20090925,1.30073449666
20090926,1.46945802853
20090927,0.944301326192
20090928,1.49982906596
20090929,1.0521218526
20090930,0.836678571926
20091001,1.48267890136
20091002,0.465795765909
20091003,0.632377399479
20091004,1.0835843204
20091005,0.859784597365
20091006,0.318698155973
20091007,0.745082070087
20091008,2.2746301261
20091009,1.10645647064
20091010,0.488197622065
20091011,1.16310808022
20091012,0.693823713201
20091013,0.249199215329
20091014,0.532428020846
20091015,0.299267480248
20091016,0.754856415119
20091017,0.330574423791
20091018,0.264585826377
20091019,1.39320694831
20091020,0.477529487752
20091021,0.896409427384
20091022,0.564107173119
20091023,0.288594488941
20091024,0.606124994141
20091025,0.39222158732
20091026,2.95297228586
20091027,0.500882043244
20091028,0.321059320314
20091029,2.35920550113
20091030,0.647560646656
20091031,0.73434679469
20091101,0.184625189657
20091102,0.330193116927
20091103,0.0769239290999
20091104,0.243189165147
20091105,0.35241394801
20091106,1.38255897094
20091107,0.787199038809
20091108,0.860681077751
20091109,0.148322024345
20091110,0.147089966262
20091111,0.264253822222
20091112,0.219606588614
20091113,0.517415921102
20091114,0.686380511265
20091115,0.198961980478
20091116,1.16984595435
20091117,0.495337482302
20091118,0.158056815967
20091119,0.330018438436
20091120,0.150512099227
20091121,0.111127717121
20091122,0.0466764294438
20091123,0.0816689174743
20091124,0.0765429229985
20091125,0.155254878255
20091126,0.224087249724
20091127,0.088092633185
20091128,0.0187730100466
20091129,0.380717490063
20091130,0.431344483466
20091201,0.185084995501
20091202,0.0469686574599
20091203,0.104559007683
20091204,0.142977683698
20091205,0.404081180537
20091206,0.572125423254
20091207,0.461683370221
20091208,0.355914795073
20091209,0.296816267312
20091210,0.399741264798
20091211,1.13696980578
20091212,0.161794577424
20091213,0.795174079825
20091214,0.182377154525
20091215,0.255118006368
20091216,0.207730155638
20091217,0.370364558394
20091218,0.0452757130371
20091219,0.0127363071637
20091220,0.12866200262
20091221,0.0615829918379
20091222,0.0348445369144
20091223,0.187885678844
20091224,0.167333446416
20091225,0.334823863294
20091226,0.887413103146
20091227,0.491053066925
20091228,0.192754933567
20091229,0.736024200975
20091230,0.424246381566
20091231,0.53926086594
20100101,0.13756381319
20100102,0.517605418168
20100103,0.0915057772523
20100104,0.24167173111
20100105,0.0887623559159
20100106,0.0685910828456
20100107,0.0809277504801
20100108,0.155483566347
20100109,0.332008153264
20100110,0.0638296906763
20100111,0.0957450561589
20100112,0.0783960451547
20100113,0.00701771191657
20100114,0.643109871556
20100115,0.0527782313926
20100116,0.318048301867
20100117,0.0395661993416
20100118,0.174976953396
20100119,0.133055491163
20100120,0.0663210407851
20100121,0.0684547494124
20100122,0.125866716954
20100123,0.459265612223
20100124,0.0734825530448
20100125,0.12707540659
20100126,0.0157293507358
20100127,0.00406350198365
20100128,0.00394227014612
20100129,0.0132957134925
20100130,0.00121574886159
20100131,8.29360242392e-05
20100201,0.00814576701804
20100202,0.00929456267039
20100203,0.0416880390602
20100204,0.992120638403
20100205,0.382856447912
20100206,0.0648769451139
20100207,0.0925616350672
20100208,0.307339955253
20100209,0.333694156784
20100210,0.0579938369813
20100211,0.946690545744
20100212,0.121298789319
20100213,0.139941473983
20100214,0.167209631612
20100215,0.287798545539
20100216,1.85353844982
20100217,1.22713622402
20100218,0.262683449442
20100219,0.0445481765614
20100220,0.23446578135
20100221,1.77081052162
20100222,0.503520067837
20100223,1.01835047096
20100224,0.516631630447
20100225,0.921642794623
20100226,3.68629657651
20100227,0.253065048867
20100228,0.227163711829
20100301,0.633010669965
20100302,0.222756078673
20100303,0.186850402082
20100304,0.334146569695
20100305,0.283951561955
20100306,0.330894503797
20100307,0.952606060035
20100308,0.140338164999
20100309,0.302722701227
20100310,0.0843424988615
20100311,0.370661333836
20100312,0.108548300762
20100313,0.214297332961
20100314,0.158021252006
20100315,1.50505643269
20100316,0.17305507988
20100317,1.25610784847
20100318,0.867842709816
20100319,1.87047418044
20100320,1.76870817487
20100321,0.512942502771
20100322,0.425290633227
20100323,0.429266794767
20100324,0.775295165653
20100325,0.495938697308
20100326,0.0831252445964
20100327,0.884841785422
20100328,0.76141486462
20100329,0.439766794315
20100330,0.110706708063
20100331,0.0935641880955
20100401,1.33307488373
20100402,0.151289932985
20100403,0.876465008839
20100404,0.339100824629
20100405,0.0989530614125
20100406,0.367838835011
20100407,0.320213547315
20100408,0.384373425024
20100409,0.403545001684
20100410,0.194922296275
20100411,0.290901643113
20100412,0.175489179673
20100413,1.89367524599
20100414,1.25034584583
20100415,0.938428643447
20100416,0.227181720294
20100417,0.168797115551
20100418,0.425415610635
20100419,0.476609453599
20100420,1.08474368902
20100421,0.784746388764
20100422,0.845105935516
20100423,0.266240253043
20100424,0.662813420073
20100425,0.532767554731
20100426,0.231369283862
20100427,1.02738702126
20100428,0.788401075447
20100429,1.59983364629
20100430,1.38643940416
20100501,1.83195364676
20100502,2.77272666161
20100503,1.18757669673
20100504,1.97572452404
20100505,1.36499807232
20100506,1.94178747391
20100507,0.256676215215
20100508,1.82829961745
20100509,0.197427132269
20100510,1.43813021934
20100511,1.12161890244
20100512,0.970179882844
20100513,0.869153317559
20100514,0.295160873691
20100515,1.21743585184
20100516,0.774842810354
20100517,0.206419542123
20100518,0.592843465157
20100519,2.61507860242
20100520,1.49667409756
20100521,0.373536757838
20100522,0.882552510264
20100523,2.66085809012
20100524,0.423422035262
20100525,0.207146493403
20100526,1.15927176047
20100527,0.786855308267
20100528,1.1013269253
20100529,0.893420420384
20100530,1.26074688338
20100531,1.01872070053
20100601,0.469192027926
20100602,1.03032579359
20100603,2.21233121502
20100604,0.884629444458
20100605,0.358927111529
20100606,1.34969927302
20100607,0.850849712532
20100608,2.30680249087
20100609,0.329153586492
20100610,0.594155950598
20100611,0.487888923276
20100612,1.21436319252
20100613,0.991577205767
20100614,0.789464763459
20100615,0.421487975858
20100616,1.26368148262
20100617,1.05625580155
20100618,1.95121165731
20100619,1.34959275122
20100620,0.681773472898
20100621,0.75052275975
20100622,0.293339764254
20100623,2.21220450519
20100624,1.16933495447
20100625,4.1539211019
20100626,0.406190913417
20100627,0.401361920937
20100628,1.71046515099
20100629,1.98263622796
20100630,0.450312624191
20100701,0.630144440769
20100702,0.573708681783
20100703,0.788982295086
20100704,1.56851322914
20100705,1.56655711342
20100706,0.863717628538
20100707,0.258770600047
20100708,0.357877395475
20100709,2.38093533074
20100710,1.576692381
20100711,0.490638047839
20100712,0.528191242002
20100713,2.65883843828
20100714,1.31892805409
20100715,2.14781276025
20100716,0.769321194196
20100717,1.00394505185
20100718,2.20596875477
20100719,4.83272146244
20100720,3.96573893038
20100721,1.62838190879
20100722,0.856012097173
20100723,2.90609846151
20100724,1.86342101989
20100725,1.32066023246
20100726,1.47572776421
20100727,1.89383588129
20100728,1.57100004785
20100729,1.03710159152
20100730,0.89343956077
20100731,0.722001411386
20100801,0.979548158604
20100802,1.81788781192
20100803,0.895082235671
20100804,1.88625322453
20100805,1.6115998675
20100806,0.561719746031
20100807,0.568714624383
20100808,3.43229021632
20100809,0.749244135573
20100810,2.16387965254
20100811,3.48265600849
20100812,2.12177044293
20100813,0.945478960251
20100814,0.350348314167
20100815,0.988834357227
20100816,1.84982247966
20100817,0.367035519811
20100818,2.29362389662
20100819,1.35673635747
20100820,1.90935391146
20100821,1.72223276506
20100822,0.873227952333
20100823,1.74465954699
20100824,1.35700128703
20100825,0.735861649486
20100826,1.31518246629
20100827,2.9819074632
20100828,2.30896585007
20100829,0.87139950465
20100830,1.4928470511
20100831,1.02123490095
20100901,1.18550509174
20100902,0.834703393736
20100903,0.633929141024
20100904,0.992336502617
20100905,0.381111195834
20100906,0.890350607232
20100907,3.88716837215
20100908,0.568837859903
20100909,0.353749122872
20100910,1.23343077586
20100911,4.2652838201
20100912,4.01310885974
20100913,0.839929735565
20100914,0.947548796708
20100915,2.07243605832
20100916,1.0238794458
20100917,0.681325822313
20100918,1.47526781863
20100919,0.437166384982
20100920,0.731086513673
20100921,1.64795324718
20100922,1.3015082461
20100923,0.806624148521
20100924,0.642030362396
20100925,0.666919061562
20100926,1.1220030341
20100927,0.894588023007
20100928,0.883821085007
20100929,0.362458335978
20100930,0.835734583581
20101001,1.0486694805
20101002,0.800847505703
20101003,0.106282058499
20101004,1.14434864698
20101005,0.46795607785
20101006,2.00272604301
20101007,0.738410890331
20101008,0.310898951152
20101009,0.419126084479
20101010,1.39774564944
20101011,0.151590692486
20101012,0.291343045582
20101013,0.845831392529
20101014,0.0982665341212
20101015,0.99197710185
20101016,0.583813590582
20101017,0.550740552379
20101018,0.538654305907
20101019,0.434965654265
20101020,1.27033087212
20101021,0.957494744723
20101022,0.350058583036
20101023,0.306890749619
20101024,0.436782008191
20101025,1.57198403929
20101026,0.768281988133
20101027,0.221818378758
20101028,0.325339020266
20101029,0.412478349634
20101030,0.344795836216
20101031,0.0779477629115
20101101,0.232347830179
20101102,0.742053698532
20101103,0.263754085113
20101104,0.0999802169387
20101105,0.363006789019
20101106,0.0994072878601
20101107,0.1546290521
20101108,0.483574156193
20101109,1.27995343847
20101110,0.194505128632
20101111,0.492850651394
20101112,0.124023962033
20101113,0.708861067339
20101114,1.30451397239
20101115,0.39581613178
20101116,0.12176878245
20101117,0.0898084745775
20101118,0.868872538752
20101119,1.15357490295
20101120,0.161140237653
20101121,0.0411295205349
20101122,0.0928658887493
20101123,0.37001120048
20101124,0.87284831767
20101125,0.219729963862
20101126,0.120779471937
20101127,0.220714993243
20101128,0.0694588142267
20101129,0.0715360594177
20101130,0.138371504773
20101201,0.1620978539
20101202,0.480299444471
20101203,0.0808047124348
20101204,0.0205381871117
20101205,0.00176853998713
20101206,0.0803048172536
20101207,0.252464092555
20101208,0.234663429424
20101209,0.535507871548
20101210,0.0808048165668
20101211,0.163808697386
20101212,0.676942066202
20101213,0.271580427121
20101214,0.0573104437715
20101215,0.0566347075331
20101216,0.135904445142
20101217,0.0458128853672
20101218,0.0135394974685
20101219,0.0295600187758
20101220,0.0251228406024
20101221,0.0579275925294
20101222,0.342752238815
20101223,0.128147798458
20101224,0.125112151594
20101225,0.136147000939
20101226,0.172780713487
20101227,0.0896214501985
20101228,0.307426659144
20101229,0.549826700313
20101230,0.366720260092
20101231,0.193471989246
20110101,0.190102761714
20110102,0.14805295945
20110103,0.0419168721006
20110104,0.0494658659013
20110105,0.164386976249
20110106,0.0296911988073
20110107,0.119022613749
20110108,0.0411498117046
20110109,0.087581261411
20110110,0.10086509538
20110111,0.0755441774029
20110112,0.170295420098
20110113,0.25562093997
20110114,0.154799245457
20110115,0.145442174282
20110116,0.102389589932
20110117,0.145391945926
20110118,0.0600627542369
20110119,0.108271373329
20110120,0.131740704025
20110121,0.0970410164223
20110122,0.0479735864192
20110123,0.0287056254223
20110124,0.0197275153683
20110125,0.115750820673
20110126,0.0537801117061
20110127,0.0127244196366
20110128,0.0258717416805
20110129,0.0277704680606
20110130,0.0401701278562
20110131,0.0914526939182
20110201,0.35078755391
20110202,0.224548666561
20110203,0.288762305261
20110204,0.20802956154
20110205,0.0191104945009
20110206,0.0513073809287
20110207,0.0193103136417
20110208,0.0142627664299
20110209,0.196006655247
20110210,0.0183758136091
20110211,0.0441961710743
20110212,0.0376730876113
20110213,0.135090694752
20110214,0.0968302712722
20110215,0.0891470638767
20110216,0.0956260560364
20110217,0.0794471994332
20110218,0.130989594202
20110219,0.195606013021
20110220,0.234473897985
20110221,0.278322667794
20110222,0.12891110883
20110223,0.334596625252
20110224,0.124490104814
20110225,0.0984787342766
20110226,0.0565487430146
20110227,0.536175353188
20110228,0.156504197003
20110301,0.00881038449575
20110302,0.0253749985085
20110303,0.117558072585
20110304,0.146443933079
20110305,0.171229490408
20110306,0.405650811124
20110307,0.241295647785
20110308,0.184736836934
20110309,0.115458523521
20110310,0.25153050378
20110311,0.224493267146
20110312,0.437785922056
20110313,0.268647090581
20110314,0.33545971133
20110315,0.846582932959
20110316,1.25006021521
20110317,0.39550730728
20110318,0.177852096984
20110319,0.0928080738549
20110320,0.476695922451
20110321,0.747401212519
20110322,1.06212736589
20110323,0.612722589851
20110324,0.208893007302
20110325,0.144527169667
20110326,0.311597948418
20110327,0.409695949422
20110328,0.369322850576
20110329,0.202294726926
20110330,0.286974653317
20110331,0.381045067089
20110401,0.625857831855
20110402,0.183998542311
20110403,0.161699052143
20110404,0.452149655089
20110405,0.772932364212
20110406,0.526869072788
20110407,0.387312111773
20110408,0.453571500193
20110409,0.520074372275
20110410,0.207025619098
20110411,0.12075107416
20110412,0.197789949827
20110413,0.274637527903
20110414,0.373926781405
20110415,0.348600715626
20110416,1.1818881455
20110417,0.55256235605
20110418,0.268153259858
20110419,0.162564310382
20110420,0.266294240327
20110421,0.855496134448
20110422,0.927153286051
20110423,0.512193466429
20110424,0.369258770372
20110425,0.305510476064
20110426,0.383667951626
20110427,0.609350100225
20110428,0.836324438759
20110429,0.763632298332
20110430,0.53394099211
20110501,1.39692989268
20110502,0.361262335334
20110503,1.08493455256
20110504,0.156985533287
20110505,0.146034941451
20110506,0.344902801576
20110507,0.379866534696
20110508,0.640078407281
20110509,1.7683448852
20110510,0.761324588063
20110511,0.857353478077
20110512,0.793778662346
20110513,1.30246200499
20110514,1.42762778687
20110515,1.1782315451
20110516,1.03110889535
20110517,0.782910203531
20110518,0.635713039627
20110519,0.474665108267
20110520,1.3436753843
20110521,0.724883443005
20110522,0.78024357719
20110523,2.84953576958
20110524,3.74536827106
20110525,2.26345021564
20110526,0.626596049331
20110527,0.830984735632
20110528,0.557526995194
20110529,2.39756641728
20110530,1.21381470473
20110531,0.996595115221
20110601,0.779599107212
20110602,0.398063040798
20110603,0.0805295883704
20110604,1.99188057967
20110605,1.57951970488
20110606,0.33283599068
20110607,2.64454851438
20110608,0.546782715268
20110609,1.03821518131
20110610,0.420717238857
20110611,1.22463184539
20110612,2.08966164121
20110613,0.533435530363
20110614,1.73575835012
20110615,2.39588865351
20110616,0.475547019366
20110617,0.697740063036
20110618,1.32018510755
20110619,0.349995133722
20110620,0.454531096097
20110621,1.49576399137
20110622,0.327146536295
20110623,1.03647636337
20110624,1.95078904616
20110625,0.546764957639
20110626,0.392118975275
20110627,1.05859661089
20110628,2.58784973273
20110629,1.04971879195
20110630,2.31703551188
20110701,0.661063901812
20110702,0.540898455492
20110703,0.222699318303
20110704,1.37585797515
20110705,1.26131845344
20110706,0.411863845253
20110707,0.804826699278
20110708,1.4606865686
20110709,0.170786168544
20110710,1.09539380083
20110711,2.16166959187
20110712,1.20647150219
20110713,1.12908547476
20110714,0.704764967314
20110715,0.317211502912
20110716,1.05833147269
20110717,1.06379493747
20110718,2.70634588099
20110719,0.514721106099
20110720,0.949211336635
20110721,0.611461884905
20110722,1.60065922717
20110723,1.21254389056
20110724,1.11084308957
20110725,2.18823099679
20110726,0.641443212712
20110727,0.779254036861
20110728,0.463724959097
20110729,3.94134558198
20110730,2.69856700155
20110731,1.18975259278
20110801,0.603567329881
20110802,0.641790956759
20110803,2.82833512084
20110804,1.79842933439
20110805,0.81582555766
20110806,0.50940412974
20110807,2.6884990062
20110808,1.49235671444
20110809,0.952240061337
20110810,2.7540028774
20110811,0.69566129682
20110812,2.82742018176
20110813,1.47684841191
20110814,0.971161538683
20110815,0.703918005318
20110816,2.25577659252
20110817,3.37481317082
20110818,0.480698108038
20110819,0.444945244634
20110820,0.613319417143
20110821,2.37099036353
20110822,0.31784509228
20110823,0.364034597253
20110824,0.978428561117
20110825,0.862314102089
20110826,1.00713025826
20110827,3.18427394761
20110828,1.5837771282
20110829,2.49772240992
20110830,1.60426788966
20110831,0.466344182659
20110901,1.19457938609
20110902,0.708365554156
20110903,5.00069587573
20110904,0.809485424826
20110905,0.496430103483
20110906,1.07021825513
20110907,1.81006276662
20110908,0.942087021194
20110909,0.683097445851
20110910,1.09259536201
20110911,3.87140778449
20110912,0.7010388994
20110913,0.320557735522
20110914,0.768839535498
20110915,1.48987082444
20110916,0.501412639269
20110917,1.04930355938
20110918,2.46169828973
20110919,1.17400774754
20110920,0.290784220521
20110921,0.307200615758
20110922,0.724014241006
20110923,0.496340554076
20110924,0.815836225844
20110925,1.07925432995
20110926,0.431481884403
20110927,1.35671213158
20110928,0.465279041067
20110929,0.420004652579
20110930,4.11452350225
20111001,1.01241579848
20111002,0.487051433705
20111003,1.36666787408
20111004,1.09189323475
20111005,0.548856826287
20111006,0.734157595559
20111007,1.93065751635
20111008,2.71285052855
20111009,0.464353321365
20111010,0.477269296958
20111011,0.34136993167
20111012,0.383032689763
20111013,1.10190178099
20111014,0.869876961558
20111015,1.57335209225
20111016,0.73227253789
20111017,0.434485061376
20111018,1.62839402481
20111019,2.28496593633
20111020,0.38516258914
20111021,0.880599559194
20111022,0.205488500572
20111023,1.13363415774
20111024,1.03820525271
20111025,0.550482389647
20111026,0.0630476944386
20111027,0.932494721985
20111028,1.42147568131
20111029,0.536341259197
20111030,0.160378696312
20111031,0.297465217946
20111101,0.875756865971
20111102,0.193842031442
20111103,0.642515507897
20111104,0.648900502447
20111105,0.234274002685
20111106,1.2763147888
20111107,0.19482818334
20111108,0.998652546705
20111109,0.634457336572
20111110,1.03610623656
20111111,0.361846613886
20111112,0.242269082003
20111113,0.24872725126
20111114,0.402409106866
20111115,0.149106730657
20111116,0.34216335863
20111117,0.192729695953
20111118,0.0616598691202
20111119,0.170364106654
20111120,1.48344985593
20111121,0.408860454119
20111122,0.255675544534
20111123,0.165311849988
20111124,0.586243627011
20111125,1.28269326143
20111126,0.310295771899
20111127,0.0946752433786
20111128,0.215017418209
20111129,0.176202535333
20111130,0.387900545479
20111201,0.328343783452
20111202,0.440916695128
20111203,0.192221781636
20111204,0.149778668715
20111205,0.227741721333
20111206,0.151008509472
20111207,0.0706345262362
20111208,0.151777343866
20111209,0.0590742792938
20111210,0.0707445366521
20111211,0.0457784282638
20111212,0.133083653713
20111213,0.0816459818418
20111214,0.544434081585
20111215,0.44689289931
20111216,0.0417777048736
20111217,0.0624809973454
20111218,0.272930127839
20111219,0.206069298056
20111220,0.134656660425
20111221,0.059109467909
20111222,0.115864544577
20111223,0.160747935931
20111224,0.0958399641577
20111225,0.132331212782
20111226,0.0207047245448
20111227,0.012520115329
20111228,0.146841505936
20111229,0.0120614892346
20111230,0.0770239723449
20111231,0.0314044043376
20120101,0.0480890862843
20120102,0.0101095077379
20120103,0.012455968265
20120104,0.0127322915611
20120105,0.00131525058064
20120106,0.0544548816195
20120107,0.0580299848704
20120108,0.0618103839675
20120109,0.062714554509
20120110,0.00441807986622
20120111,0.0307483392311
20120112,0.197062480344
20120113,0.33966401396
20120114,0.138156354664
20120115,0.0644031342055
20120116,0.0224710687128
20120117,0.021732552852
20120118,0.0720216963805
20120119,0.0223098727655
20120120,0.0624651334687
20120121,0.151436017768
20120122,0.31326314584
20120123,0.0247529851105
20120124,0.0144028702918
20120125,0.0112248478225
20120126,0.0103943960678
20120127,0.0334687083621
20120128,0.0123561888658
20120129,0.00279305948792
20120130,0.0249025790141
20120131,0.0362765689127
20120201,0.0323531365741
20120202,0.00776893217853
20120203,0.0209894265101
20120204,0.00142720400113
20120205,0.000635395764899
20120206,0.00213024291767
20120207,0.000812839088454
20120208,0.041628021475
20120209,0.0222145438051
20120210,0.00774291773164
20120211,0.0231532292388
20120212,0.0231564036001
20120213,0.0342697318459
20120214,0.0386889358802
20120215,0.0193604702644
20120216,0.106607685087
20120217,0.357053788931
20120218,0.524579132405
20120219,0.625082707128
20120220,0.43688954639
20120221,0.182637188721
20120222,0.0919894121607
20120223,0.137077627643
20120224,0.308877977648
20120225,0.249199033233
20120226,0.228731983448
20120227,0.2797940185
20120228,0.084697574273
20120229,0.236339017647
20120301,0.546513863933
20120302,0.49200797836
20120303,0.0748636116134
20120304,0.264788031712
20120305,0.413830246635
20120306,0.108727731303
20120307,0.244091467872
20120308,0.122086215821
20120309,0.0286937523698
20120310,0.0231675718128
20120311,0.176550879388
20120312,0.440847398898
20120313,0.134692827192
20120314,0.822302602951
20120315,0.166771660697
20120316,0.338176988726
20120317,0.137500334507
20120318,0.1204079772
20120319,0.0903391291633
