20010102,14.8807175689
20010103,0.259563952199
20010104,2.1522793473e-05
20010105,0.0
20010106,0.0
20010107,0.0
20010108,0.0
20010109,0.0
20010110,0.0496491133728
20010111,0.0192858847731
20010112,0.191307052095
20010113,0.00385124591316
20010114,8.4277223336e-06
20010115,0.583152379627
20010116,0.520950204878
20010117,0.74181463288
20010118,0.0217448659107
20010119,0.000155441704034
20010120,0.0840106697482
20010121,0.0659250572371
20010122,0.309786632798
20010123,0.00545314686183
20010124,0.00150913871498
20010125,1.5876935207
20010126,0.0850853429804
20010127,0.147829421655
20010128,0.00259402361939
20010129,0.0
20010130,1.03061345865e-06
20010131,0.2636833206
20010201,0.061702542679
20010202,0.00129231933558
20010203,0.00885650105007
20010204,6.09446080687
20010205,0.164847930645
20010206,0.0613760994848
20010207,0.726279285369
20010208,0.0128129459208
20010209,0.179270672526
20010210,0.274644228844
20010211,0.0695214395161
20010212,0.0240873057556
20010213,0.000405366680334
20010214,0.0153811927647
20010215,1.76794717521
20010216,0.320595092312
20010217,0.00511243957925
20010218,3.7742902319
20010219,3.32692813521
20010220,4.05464833056
20010221,3.74922967386
20010222,0.319671561242
20010223,0.123578533141
20010224,3.00841216042
20010225,0.199196675953
20010226,4.54545041097
20010227,0.0802627102094
20010228,4.93673833773
20010301,10.809226402
20010302,0.189803306211
20010303,0.0132510177758
20010304,0.000234001818248
20010305,0.0
20010306,0.0
20010307,0.0
20010308,0.00611061795776
20010309,0.000107961440261
20010310,0.00392193838341
20010311,0.00220028740454
20010312,3.76500895858e-05
20010313,5.03649490162
20010314,0.359265808271
20010315,0.373405127173
20010316,0.659625118149
20010317,0.144804916588
20010318,0.00493623709332
20010319,14.677082238
20010320,0.336811950161
20010321,0.00486335392751
20010322,0.232263761586
20010323,0.00510536575203
20010324,0.551990246757
20010325,2.69316519877
20010326,0.129791635171
20010327,1.99317705848
20010328,0.433840927295
20010329,0.00704331240736
20010330,0.00225705167854
20010331,3.9877244621e-05
20010401,0.0
20010402,2.0901410256e-05
20010403,0.391797871561
20010404,12.0398572093
20010405,0.445283060743
20010406,0.612933904568
20010407,0.0108577190177
20010408,0.192295524355
20010409,0.0302760104722
20010410,0.0718681475819
20010411,0.40120181714
20010412,1.03514224284
20010413,0.258836000393
20010414,3.87506693833
20010415,1.11911278315
20010416,0.0185640250091
20010417,0.0
20010418,0.571616434279
20010419,0.0112615379789
20010420,0.000312075736049
20010421,0.0753018726982
20010422,0.00133033069719
20010423,0.294131455667
20010424,0.00519666867034
20010425,0.0
20010426,0.0
20010427,1.63059872401e-06
20010428,0.162108741899
20010429,0.00286411152212
20010430,0.0759856147313
20010501,2.72855854421
20010502,0.834173899686
20010503,1.07641992114
20010504,0.0187726708334
20010505,0.0
20010506,0.0
20010507,0.0
20010508,0.0
20010509,0.0
20010510,0.0
20010511,0.0
20010512,0.0
20010513,0.0
20010514,0.0
20010515,0.0
20010516,0.0
20010517,0.0
20010518,0.0
20010519,0.0
20010520,0.0
20010521,0.0
20010522,0.0
20010523,0.0
20010524,0.0
20010525,0.0
20010526,0.0
20010527,0.0
20010528,0.405107701007
20010529,0.00715737978989
20010530,0.0
20010531,0.0
20010601,0.0
20010602,0.0
20010603,0.0
20010604,0.0
20010605,0.0
20010606,0.0
20010607,0.0
20010608,0.0
20010609,0.0
20010610,0.0
20010611,0.0
20010612,0.0
20010613,0.0
20010614,0.0
20010615,0.0
20010616,0.0
20010617,0.0
20010618,0.0
20010619,0.0
20010620,0.0
20010621,0.0
20010622,0.0
20010623,0.0
20010624,0.0
20010625,2.63132308544
20010626,0.0464898402909
20010627,0.335260354746
20010628,0.00611681487449
20010629,3.41850205885e-06
20010630,0.135821765014
20010701,0.00239967805732
20010702,0.0143308513426
20010703,0.000253195225159
20010704,0.0
20010705,0.0
20010706,0.0
20010707,0.146434645368
20010708,0.0394476431006
20010709,0.00065124484865
20010710,0.0
20010711,0.0322244954252
20010712,0.000569337365287
20010713,0.0
20010714,0.0
20010715,0.0
20010716,0.0
20010717,0.0
20010718,0.0
20010719,0.0
20010720,0.0
20010721,0.0
20010722,0.0
20010723,0.0
20010724,0.00629233970305
20010725,0.000111172073551
20010726,7.21576917053e-05
20010727,1.27487163059e-06
20010728,0.0
20010729,0.0
20010730,0.0
20010731,0.864651304691
20010801,0.129573310382
20010802,0.00201937781231
20010803,0.0
20010804,0.0
20010805,0.0
20010806,0.0
20010807,0.0212722382387
20010808,0.00043181819186
20010809,9.89109159626e-07
20010810,0.0
20010811,0.0101200677907
20010812,0.000178799764835
20010813,0.0
20010814,0.0
20010815,0.0
20010816,0.00134419776604
20010817,2.37490786338e-05
20010818,0.0
20010819,0.0
20010820,0.0
20010821,0.0
20010822,0.0
20010823,0.0
20010824,0.0
20010825,0.00413234188758
20010826,0.0965466745462
20010827,0.36092805519
20010828,0.107429416505
20010829,0.033910622986
20010830,0.000567574448675
20010831,0.0
20010901,0.0
20010902,0.0324325544833
20010903,0.000573013352433
20010904,0.0
20010905,0.0119907647689
20010906,0.000211850924842
20010907,0.0
20010908,0.0
20010909,0.0
20010910,0.0
20010911,0.0
20010912,1.49549127471
20010913,0.994377606558
20010914,0.323658964737
20010915,0.200577880486
20010916,0.0334007828235
20010917,0.000529199580526
20010918,0.0
20010919,0.0208159070999
20010920,0.000367772221065
20010921,0.0
20010922,0.198716471088
20010923,0.00351089159342
20010924,0.0
20010925,0.00164651474795
20010926,0.00886115911291
20010927,0.000156043611617
20010928,0.00204044105523
20010929,3.60501909645e-05
20010930,0.0
20011001,0.0
20011002,0.00178416304655
20011003,3.15223278625e-05
20011004,0.0
20011005,0.0
20011006,0.0
20011007,0.0
20011008,2.63231062079
20011009,0.702783196043
20011010,0.0122920461077
20011011,1.23156485243e-05
20011012,0.0
20011013,0.0181011526312
20011014,0.360503290472
20011015,0.00647861442461
20011016,0.0425547610309
20011017,1.53581976198
20011018,3.49031951298
20011019,8.60595823443
20011020,0.646699995246
20011021,0.67514295193
20011022,0.334511948284
20011023,1.56314110301
20011024,1.68665984173
20011025,0.256586249522
20011026,1.47553248462
20011027,0.953637127637
20011028,6.34539161663
20011029,0.387441397121
20011030,0.00486963865581
20011031,0.00466524073915
20011101,6.95169584204
20011102,0.152521870453
20011103,0.000524767741195
20011104,0.0
20011105,0.230314850513
20011106,0.00832719612342
20011107,0.243381736023
20011108,3.29423418751
20011109,16.6370903633
20011110,4.52547427547
20011111,0.0747857876795
20011112,12.2812183112
20011113,0.569178505851
20011114,0.0732683463704
20011115,0.0706879955655
20011116,18.3091539522
20011117,1.95697906893
20011118,2.7521436673
20011119,1.90172341813
20011120,0.686145526374
20011121,0.569575873091
20011122,7.62438649837
20011123,0.139125784144
20011124,0.0273074274832
20011125,0.140097047387
20011126,0.03560277882
20011127,3.36417540343
20011128,1.50818654386
20011129,0.169846326176
20011130,0.235214351087
20011201,0.529024391593
20011202,0.492835505334
20011203,3.51195427975
20011204,0.715088797778
20011205,0.0224397106731
20011206,0.0660873987884
20011207,0.119389001266
20011208,0.0135496057416
20011209,0.000244648067649
20011210,7.44874965592e-07
20011211,6.89242429644
20011212,8.62710752291
20011213,0.68098419302
20011214,0.0954611157634
20011215,1.16301203906
20011216,0.124374376206
20011217,1.89576005384
20011218,2.60328210248
20011219,0.486059924313
20011220,13.6201510438
20011221,0.344431620392
20011222,0.00183622719298
20011223,0.736489385504
20011224,0.360151916739
20011225,0.00995654710353
20011226,19.137494381
20011227,0.358211190551
20011228,2.21588151888
20011229,0.0391435751766
20011230,0.0
20011231,0.00422004143562
20020101,0.167740459263
20020102,0.00296229532275
20020103,0.83064070589
20020104,0.0608708750918
20020105,0.668664037088
20020106,0.011799432314
20020107,0.0
20020108,0.0
20020109,0.55288595098
20020110,0.0182289804134
20020111,0.000149481927295
20020112,0.0
20020113,1.30732994895
20020114,0.295879426841
20020115,0.0284938658784
20020116,0.221303104392
20020117,0.0044291059851
20020118,9.41307190349e-06
20020119,5.74552179085
20020120,0.102453565711
20020121,1.665338885e-05
20020122,0.0
20020123,0.0
20020124,0.836309432689
20020125,1.87675413546
20020126,0.293594406622
20020127,0.0555783588821
20020128,0.000900572381375
20020129,0.930846548375
20020130,1.13743514178
20020131,42.0355076883
20020201,2.22818285125
20020202,1.01635208324
20020203,0.0562843015005
20020204,0.00147213676198
20020205,0.151413957857
20020206,0.0184689225304
20020207,5.56963816657
20020208,1.38852633858
20020209,1.71479114203
20020210,0.0298939448216
20020211,0.0
20020212,4.26481967171
20020213,0.155979774794
20020214,0.00344515791165
20020215,3.56997663195e-05
20020216,0.0790908654545
20020217,2.68575182158
20020218,0.256013854122
20020219,0.0560522819234
20020220,0.0767169937473
20020221,0.00133907743612
20020222,1.28998831808
20020223,0.0227913132961
20020224,0.00369972024521
20020225,6.53660569555e-05
20020226,5.76239022923
20020227,0.448963005361
20020228,0.00613348308559
20020301,0.395689420327
20020302,0.0353379780567
20020303,0.0012453361496
20020304,1.37112077054
20020305,0.235413699713
20020306,0.0346966256219
20020307,0.0311837509706
20020308,8.81235921717
20020309,0.176328934553
20020310,0.000364719104471
20020311,0.0
20020312,0.0
20020313,0.133316706192
20020314,0.0456539477383
20020315,0.000764991656243
20020316,0.0
20020317,0.0
20020318,0.0
20020319,0.0
20020320,0.035910199529
20020321,0.0030926910926
20020322,1.14606080497
20020323,0.0472863006707
20020324,1.04233496585
20020325,1.59136288016
20020326,0.0277907301785
20020327,0.0
20020328,2.1678722196e-06
20020329,0.97949702885
20020330,0.0451512573489
20020331,0.000491972773727
20020401,0.0
20020402,0.0
20020403,0.00148684917203
20020404,2.62694131768e-05
20020405,0.0
20020406,0.0
20020407,7.35825560211
20020408,0.136647990021
20020409,0.00011737587039
20020410,0.153252581289
20020411,15.0983139061
20020412,1.29415101605
20020413,0.910714448038
20020414,0.021552768356
20020415,0.238054571159
20020416,0.508394842954
20020417,0.324301184316
20020418,0.00832503613628
20020419,4.10399078766
20020420,0.0759549025419
20020421,6.09028007947e-05
20020422,0.0
20020423,0.0
20020424,0.0
20020425,0.0
20020426,0.0
20020427,0.0140993332643
20020428,0.000249104814632
20020429,0.0
20020430,0.0
20020501,0.000271209203507
20020502,0.0154674096303
20020503,0.221112486073
20020504,0.011558090763
20020505,0.000135270950964
20020506,0.000572662065054
20020507,1.01177031625e-05
20020508,0.0
20020509,0.000409609376631
20020510,7.2369159209e-06
20020511,0.0
20020512,0.0
20020513,0.0
20020514,0.0
20020515,0.0
20020516,0.0
20020517,0.00201819223292
20020518,3.56571162189e-05
20020519,0.0781482985473
20020520,0.00138071210027
20020521,0.0
20020522,0.0
20020523,0.358877721605
20020524,0.00634059602294
20020525,0.0
20020526,0.0
20020527,0.0
20020528,0.0
20020529,0.0
20020530,0.0
20020531,0.347812431309
20020601,0.95986122432
20020602,2.83172936322
20020603,0.049732848349
20020604,0.0
20020605,0.0
20020606,0.0123968325973
20020607,0.000219025332737
20020608,0.0
20020609,0.0
20020610,0.0
20020611,0.0
20020612,0.0
20020613,0.000713849387043
20020614,0.0433600890703
20020615,0.000765856444275
20020616,0.0
20020617,0.0
20020618,0.0
20020619,0.0
20020620,0.027220397056
20020621,0.167001850575
20020622,0.113078795235
20020623,0.00194587865659
20020624,0.0071735118025
20020625,0.105248613727
20020626,0.00185727692688
20020627,0.0
20020628,0.0
20020629,0.0
20020630,0.265335015231
20020701,0.00468789761998
20020702,0.0
20020703,0.0
20020704,0.0
20020705,0.0
20020706,0.0
20020707,0.0
20020708,0.0
20020709,0.0
20020710,0.00248246635185
20020711,0.01170243841
20020712,0.000205981892948
20020713,0.00601161451785
20020714,0.000106212263683
20020715,0.0
20020716,0.0169243679002
20020717,0.0103535439159
20020718,0.388170691542
20020719,1.55309892998
20020720,0.0277746411667
20020721,8.05379294129e-06
20020722,2.14593279845e-05
20020723,3.79140144522e-07
20020724,0.0
20020725,0.0
20020726,0.0
20020727,0.0
20020728,0.0
20020729,0.0
20020730,0.0
20020731,0.640990321092
20020801,0.0117930001482
20020802,8.27001069567e-06
20020803,0.0
20020804,0.00861969917591
20020805,0.0401441364653
20020806,0.000706569769994
20020807,0.0
20020808,0.0
20020809,0.0
20020810,0.0
20020811,0.0
20020812,0.0
20020813,0.0
20020814,0.0
20020815,0.241858814322
20020816,0.0481216304378
20020817,0.00382956506255
20020818,0.0240095943742
20020819,0.0362444745783
20020820,0.000632883936885
20020821,0.0250045265072
20020822,0.000441776071569
20020823,0.0
20020824,0.0
20020825,0.0
20020826,0.0
20020827,0.0
20020828,0.114182583308
20020829,0.00295737472208
20020830,1.660801851e-05
20020831,0.142155081456
20020901,0.00499065044636
20020902,0.0328109547597
20020903,0.000578924969229
20020904,0.000224722160197
20020905,0.00709313788129
20020906,0.134026151291
20020907,1.30726634196
20020908,0.731719662972
20020909,0.0125205803078
20020910,1.48937167988
20020911,0.0263139867074
20020912,0.0
20020913,0.0
20020914,0.0
20020915,0.0
20020916,0.0
20020917,0.0
20020918,0.0
20020919,0.0
20020920,0.0
20020921,0.0
20020922,0.0
20020923,0.0
20020924,0.0
20020925,0.0
20020926,0.0
20020927,0.00125307785125
20020928,16.5363532201
20020929,0.29216132393
20020930,0.0648902361992
20021001,0.00114647054193
20021002,0.0
20021003,0.00284263756239
20021004,0.000299671195757
20021005,0.402477479516
20021006,0.00711083167382
20021007,5.60842471686
20021008,5.0817561722
20021009,0.749683138641
20021010,0.0160736376149
20021011,7.74506253927e-05
20021012,0.0
20021013,0.0
20021014,0.0
20021015,0.0
20021016,0.0
20021017,0.0
20021018,0.0
20021019,0.0
20021020,0.170878113572
20021021,0.00311721368308
20021022,0.423086270004
20021023,0.359048814164
20021024,0.0255127645386
20021025,0.55741567598
20021026,0.00984230823332
20021027,0.979556646656
20021028,0.15752661789
20021029,0.530539163334
20021030,22.8990559787
20021031,13.0323569102
20021101,0.809572851131
20021102,0.0126180955477
20021103,0.181168220173
20021104,0.0032001473875
20021105,4.93502584517
20021106,3.11964092645
20021107,0.279799983343
20021108,0.00399687548113
20021109,0.0
20021110,0.0728627855123
20021111,0.389389572419
20021112,0.00685692915443
20021113,0.0
20021114,0.000919359582855
20021115,0.151281778462
20021116,0.00267253616367
20021117,0.0
20021118,0.365388445893
20021119,0.75895953135
20021120,0.0132951215293
20021121,4.96270518616
20021122,0.103948090353
20021123,0.051188958624
20021124,12.7487155946
20021125,0.295799550086
20021126,0.00124687510651
20021127,0.00835994651425
20021128,0.000147702247792
20021129,0.168542017615
20021130,0.705876099793
20021201,0.0756155407329
20021202,0.749001477074
20021203,0.0132135131388
20021204,0.0116333252087
20021205,1.39746374209
20021206,6.40788907107
20021207,1.75097759331
20021208,0.0768545995823
20021209,1.62499818139
20021210,0.963673416256
20021211,0.0831438619301
20021212,0.00644323566673
20021213,0.0304659618805
20021214,5.78455422906
20021215,5.54009716123
20021216,9.09561112
20021217,0.334819306363
20021218,8.75379723115
20021219,1.84775999705
20021220,0.835571687744
20021221,0.581140938029
20021222,0.0100160194498
20021223,0.000294152923037
20021224,5.51826224089
20021225,0.24490590421
20021226,1.46703055828
20021227,4.19063558421
20021228,1.15358519684
20021229,1.78977297894
20021230,0.686829364774
20021231,0.0256763188237
20030101,0.00531965777861
20030102,8.95873105253e-05
20030103,0.0
20030104,0.0
20030105,1.73995558826
20030106,0.371995202185
20030107,0.00602922140869
20030108,0.7257558982
20030109,2.15843913356
20030110,18.9983602005
20030111,0.688574202265
20030112,0.18887827312
20030113,0.00858262100954
20030114,1.26547089817
20030115,0.590432994371
20030116,0.0100366876153
20030117,6.09317371688
20030118,0.365848394606
20030119,0.503120951744
20030120,0.01681222109
20030121,3.89098986197
20030122,0.0938163124313
20030123,0.000442994253037
20030124,4.07106790331
20030125,0.097345773682
20030126,0.185771072874
20030127,0.278174659743
20030128,0.121830043363
20030129,0.0112595334728
20030130,0.0495736520852
20030131,0.594427428953
20030201,0.0683238991441
20030202,0.570087053067
20030203,0.0130962622854
20030204,0.0210428272327
20030205,0.00101129508216
20030206,24.0079247387
20030207,0.432023968505
20030208,0.00161555076363
20030209,1.40584438619
20030210,0.361811491574
20030211,0.0164593401596
20030212,0.0158566605995
20030213,0.015947920557
20030214,0.0341559917809
20030215,0.65994673091
20030216,2.79327969862
20030217,0.176637514085
20030218,0.184599125013
20030219,0.0780435974248
20030220,0.261842231829
20030221,16.8018130457
20030222,0.392957332252
20030223,0.00292753025407
20030224,2.16981758076e-05
20030225,0.00382811613765
20030226,0.212868372596
20030227,0.0985202309516
20030228,0.00366993698663
20030301,0.00511797683716
20030302,0.49097589682
20030303,0.372790124607
20030304,0.00662195027294
20030305,5.04623897923
20030306,0.191916735785
20030307,0.622638050041
20030308,0.0138817886672
20030309,0.000900416021277
20030310,0.0321077577611
20030311,0.000567009884761
20030312,0.0
20030313,0.0
20030314,0.0
20030315,0.0181011600697
20030316,0.000319808483913
20030317,0.628388528503
20030318,0.0121593974929
20030319,0.00240907990336
20030320,0.751871924408
20030321,0.0407033139735
20030322,0.0013765355717
20030323,0.371475548878
20030324,5.43956014709
20030325,0.515736979435
20030326,4.95185436894
20030327,0.0891198629055
20030328,3.11360748446e-05
20030329,0.00137082033777
20030330,2.42194461147e-05
20030331,0.0
20030401,0.00177051867635
20030402,0.65144729276
20030403,0.0115091169204
20030404,0.0
20030405,0.0
20030406,0.0252255556208
20030407,0.000445681198246
20030408,0.0
20030409,0.0
20030410,0.0
20030411,2.47299346988
20030412,0.0442655564678
20030413,0.363427204497
20030414,0.00679373739749
20030415,6.58906659719e-06
20030416,0.164685976811
20030417,0.00290964575568
20030418,0.0470515247662
20030419,0.0021145141249
20030420,3.50456083916
20030421,0.0619176331123
20030422,0.0
20030423,0.00581814599605
20030424,0.0100777315385
20030425,0.000176235658176
20030426,2.53504208211
20030427,0.0472114440509
20030428,4.28040740591e-05
20030429,0.0
20030430,6.0021305518e-06
20030501,1.06044734159e-07
20030502,0.0
20030503,0.0
20030504,0.0
20030505,0.00642510966677
20030506,0.0655147619707
20030507,0.0111184296987
20030508,0.000176023518088
20030509,0.0
20030510,0.0
20030511,0.0
20030512,0.00499783633259
20030513,0.0275183357219
20030514,0.000484629461346
20030515,0.000214699649996
20030516,3.79327935276e-06
20030517,0.0
20030518,0.0
20030519,0.000695896305489
20030520,0.0242709614043
20030521,0.00764123166721
20030522,0.000127431673043
20030523,0.00153963350235
20030524,2.72020127045e-05
20030525,0.0
20030526,0.00196757395209
20030527,3.47627917287e-05
20030528,0.840580609495
20030529,0.0148512466767
20030530,0.0
20030531,0.0
20030601,0.0
20030602,0.0
20030603,0.0
20030604,0.0753243219626
20030605,1.14432084041
20030606,0.276904053523
20030607,0.100342159596
20030608,0.00185695243839
20030609,0.0497735034324
20030610,0.304172418616
20030611,0.0053585346425
20030612,0.0
20030613,0.0
20030614,0.0
20030615,0.0
20030616,1.35987623999
20030617,0.0240260819961
20030618,0.0
20030619,0.0
20030620,0.0189784216844
20030621,0.0155003114188
20030622,0.0835852273399
20030623,0.425263455366
20030624,0.14403451861
20030625,0.0361678525434
20030626,0.300899735171
20030627,0.061578311297
20030628,1.81198305843
20030629,0.679112292645
20030630,0.0597500658445
20030701,0.655378913092
20030702,0.0121894837155
20030703,1.10500380263e-05
20030704,0.0
20030705,0.0
20030706,0.0
20030707,0.0
20030708,0.0
20030709,0.0
20030710,0.0
20030711,0.0
20030712,0.0
20030713,0.0157638931537
20030714,0.152578963142
20030715,0.00269082042315
20030716,0.0
20030717,0.0
20030718,0.0
20030719,0.0
20030720,0.0
20030721,0.477173381547
20030722,0.00843062497247
20030723,0.0
20030724,0.0
20030725,0.0
20030726,0.0
20030727,0.00347407955806
20030728,6.13794978028e-05
20030729,0.0
20030730,0.0
20030731,0.0
20030801,0.00214904719418
20030802,3.79690301724e-05
20030803,0.0477962611415
20030804,0.000844456859794
20030805,0.0
20030806,0.0450105620702
20030807,0.00318761520091
20030808,0.000992248808032
20030809,1.67841194768e-05
20030810,0.0
20030811,0.0
20030812,0.00715989117806
20030813,0.000126499819831
20030814,0.0
20030815,0.0
20030816,0.0
20030817,0.0
20030818,0.0
20030819,0.00105424283566
20030820,1.86262001395e-05
20030821,0.000852603579474
20030822,0.0306363242522
20030823,0.0163763914017
20030824,0.000279777085569
20030825,0.0
20030826,0.0
20030827,0.0
20030828,0.0
20030829,0.000501078519167
20030830,8.85297793908e-06
20030831,0.0
20030901,0.0
20030902,0.0
20030903,0.0
20030904,0.0
20030905,0.0
20030906,6.73968271862
20030907,0.11941736041
20030908,6.03694706178e-06
20030909,0.0
20030910,0.0
20030911,0.0
20030912,0.0
20030913,5.03999373022
20030914,2.97154958894
20030915,0.335298962178
20030916,0.00502422819385
20030917,0.0
20030918,0.00299500583017
20030919,0.414285899707
20030920,0.245584212931
20030921,0.00420963973086
20030922,1.73346508349
20030923,0.047956728446
20030924,0.000306186142724
20030925,0.0
20030926,0.0
20030927,0.0348819952052
20030928,0.000616289669953
20030929,0.0
20030930,0.0
20031001,0.0254359676087
20031002,0.313844502539
20031003,0.00553701535232
20031004,0.0
20031005,0.140679246693
20031006,0.00248549907404
20031007,0.0
20031008,0.0311149397127
20031009,0.000549733918596
20031010,0.0
20031011,0.193052577239
20031012,0.0378601815798
20031013,0.0300797331168
20031014,1.10694097583
20031015,2.08729636287
20031016,0.0365326547935
20031017,0.0
20031018,0.244689964799
20031019,2.41848916172
20031020,2.03435698916
20031021,4.49985661469
20031022,0.0788810503766
20031023,0.00209896398066
20031024,0.000879560866061
20031025,1.48847497124e-05
20031026,0.284636992555
20031027,0.410936741922
20031028,1.33907296295
20031029,0.232533271238
20031030,0.00369260504078
20031031,0.0605734560302
20031101,0.0010702023588
20031102,0.577266988437
20031103,2.45213469741
20031104,1.64269009332
20031105,0.0337374035629
20031106,4.88654025002
20031107,3.1227202605
20031108,0.0545182966223
20031109,1.54042393598e-05
20031110,0.257931188863
20031111,0.357245796153
20031112,3.55175500705
20031113,1.35335241597
20031114,0.0249680988306
20031115,0.0568989504959
20031116,0.254151320883
20031117,0.0669201451065
20031118,0.00110331426772
20031119,0.12314541867
20031120,0.105457865364
20031121,0.00289940675646
20031122,0.0435973794203
20031123,0.357512398454
20031124,0.139367949043
20031125,3.23124068444
20031126,0.566361936801
20031127,0.172068333161
20031128,1.13794089751
20031129,1.6776371201
20031130,0.04130933752
20031201,0.000212427900233
20031202,0.0
20031203,0.0
20031204,0.130406753196
20031205,0.308730265856
20031206,0.00587639733649
20031207,0.202641164934
20031208,0.00358008808263
20031209,0.642570935735
20031210,4.62202435044
20031211,0.431609659743
20031212,0.00618637896918
20031213,0.709853006724
20031214,0.0393827347643
20031215,7.05853201148
20031216,0.161380903572
20031217,0.000648060920748
20031218,1.66643711302
20031219,0.648979043846
20031220,0.0129643348987
20031221,0.259035714797
20031222,5.27707239537
20031223,1.03024809557
20031224,0.0174812540083
20031225,0.321673659969
20031226,1.7109612965
20031227,21.7642729638
20031228,0.884451685014
20031229,0.00884198269075
20031230,0.0
20031231,0.0
20040101,10.814908497
20040102,0.217802291815
20040103,17.8068295444
20040104,0.709190573354
20040105,0.209088837163
20040106,0.00357097645928
20040107,0.0
20040108,1.17434882428
20040109,0.503660715242
20040110,1.17696669549
20040111,0.735498677844
20040112,0.0934148400842
20040113,0.00142729484162
20040114,0.0
20040115,0.0
20040116,13.3394537944
20040117,3.75235098453
20040118,0.16847610199
20040119,0.285124474855
20040120,0.81120912753
20040121,1.12967837391
20040122,1.81515843161
20040123,28.7166187474
20040124,4.81784563818
20040125,1.38541396558
20040126,1.74778859511
20040127,0.323677575036
20040128,0.00518032822152
20040129,1.07134937435
20040130,0.446692206006
20040131,0.0106635210737
20040201,5.48738008663e-05
20040202,0.0490305764579
20040203,0.03210325832
20040204,0.00127215807914
20040205,0.167871129611
20040206,0.202381983691
20040207,1.45980583794
20040208,0.85515856329
20040209,0.337077497394
20040210,0.308292734267
20040211,0.280511187084
20040212,0.0851563513104
20040213,5.49378869955
20040214,1.14850000122
20040215,3.45831588426
20040216,8.68398747854
20040217,2.41460025426
20040218,0.0510222449366
20040219,0.36883322751
20040220,0.0070526003432
20040221,0.000995082268338
20040222,0.216830788176
20040223,2.85028476333
20040224,16.0716628614
20040225,1.90984965458
20040226,9.35996466867
20040227,4.42619733147
20040228,5.90840145924
20040229,0.236931079296
20040301,2.70644779977
20040302,0.0477753125731
20040303,0.464653958656
20040304,0.152712645566
20040305,0.378619331543
20040306,1.38841973864
20040307,0.379947375224
20040308,0.00629063076873
20040309,1.6085913184e-07
20040310,0.0
20040311,0.0
20040312,3.18873716537
20040313,9.55309926716
20040314,2.08038715385
20040315,0.343841886582
20040316,0.00547792176004
20040317,0.00187887889555
20040318,0.138419522024
20040319,0.42279385836
20040320,0.254695004192
20040321,0.0114256960822
20040322,0.00012468192094
20040323,5.70988034558
20040324,28.8161353903
20040325,10.7163087674
20040326,0.726666980062
20040327,0.00967049144437
20040328,3.28814792869e-07
20040329,0.0112037912242
20040330,8.03094789414
20040331,0.22525194828
20040401,0.719683902855
20040402,0.0837665350386
20040403,0.00125578261655
20040404,3.90493027583e-05
20040405,6.89917195218e-07
20040406,6.73015212852
20040407,4.72773633894
20040408,0.292059199222
20040409,0.00372139771631
20040410,0.0
20040411,0.241650281691
20040412,0.0188636974047
20040413,0.000257849076563
20040414,0.140349649387
20040415,0.00473342593128
20040416,3.98189114461e-05
20040417,0.0
20040418,0.0
20040419,0.0
20040420,0.0828103726941
20040421,0.122097553438
20040422,0.00296875151718
20040423,0.72490904208
20040424,0.092023027568
20040425,0.00139957078489
20040426,0.01350101181
20040427,0.033135203994
20040428,0.000581213273114
20040429,0.0
20040430,0.0
20040501,0.0
20040502,0.0
20040503,0.0527471240629
20040504,0.0101594066384
20040505,0.000163029668678
20040506,0.0
20040507,0.0
20040508,0.0
20040509,0.0
20040510,0.0
20040511,0.0
20040512,0.0
20040513,0.0
20040514,0.0878809732614
20040515,0.00218734075866
20040516,1.12133117238e-05
20040517,0.704859070548
20040518,0.024481055785
20040519,0.000212503785411
20040520,0.0
20040521,0.0
20040522,0.0
20040523,0.0
20040524,0.0
20040525,0.0
20040526,0.0
20040527,0.0
20040528,0.0
20040529,0.000477009236367
20040530,0.0267300920349
20040531,0.000472114267928
20040601,0.0
20040602,0.0
20040603,0.0
20040604,0.0
20040605,0.0
20040606,0.0
20040607,0.0
20040608,0.0
20040609,0.00213126948844
20040610,0.329470965881
20040611,0.0058203764434
20040612,0.0
20040613,0.0
20040614,0.0
20040615,0.0
20040616,0.0282141362705
20040617,0.000498482991211
20040618,0.0
20040619,0.0
20040620,0.0
20040621,0.727282581312
20040622,0.0318673448937
20040623,0.000336003993577
20040624,0.0
20040625,0.0
20040626,0.0
20040627,0.0
20040628,0.0
20040629,0.0
20040630,0.026432187063
20040701,0.00258575164438
20040702,0.000514442969326
20040703,1.92515573308e-05
20040704,1.91233846234e-07
20040705,0.966262920214
20040706,0.0182316907291
20040707,0.185308887648
20040708,0.00332887543829
20040709,0.011665198982
20040710,0.000206081656128
20040711,0.0
20040712,0.0
20040713,0.0
20040714,2.8446278524
20040715,0.0505160753693
20040716,4.55182696971e-06
20040717,0.0
20040718,0.0
20040719,0.0
20040720,0.0
20040721,0.0
20040722,0.0185859815176
20040723,0.000328374217293
20040724,0.0
20040725,0.0
20040726,0.0
20040727,0.452796675759
20040728,14.9625406257
20040729,0.287857345352
20040730,0.000417717203626
20040731,0.0
20040801,0.0
20040802,0.279449350367
20040803,0.00493726771665
20040804,0.0
20040805,0.0
20040806,0.0
20040807,0.0
20040808,0.0
20040809,0.0
20040810,0.0
20040811,0.0
20040812,0.0
20040813,0.0632852769343
20040814,0.00236285894785
20040815,0.0169661194237
20040816,0.000299366217501
20040817,0.0
20040818,1.53163308595
20040819,0.0270606558399
20040820,0.00712268643767
20040821,0.000125842543904
20040822,0.0
20040823,0.0
20040824,0.0
20040825,0.0
20040826,0.159654709316
20040827,0.120489442056
20040828,0.00868642543116
20040829,0.000116739808805
20040830,0.0
20040831,0.0
20040901,0.0
20040902,0.520224207339
20040903,1.40977588415
20040904,0.0247458982468
20040905,1.03554037614e-08
20040906,0.0242455435542
20040907,1.58250025336
20040908,0.0279517985725
20040909,0.0
20040910,0.29330768317
20040911,0.00518211455808
20040912,0.0
20040913,0.000667250146894
20040914,1.17888722008e-05
20040915,0.309097597985
20040916,0.0542240779082
20040917,0.000861536848355
20040918,0.0
20040919,0.0
20040920,0.694392629664
20040921,0.0504763535099
20040922,0.00125722262349
20040923,1.02857065156e-05
20040924,0.00207705601391
20040925,3.66971092271e-05
20040926,0.0
20040927,0.0
20040928,0.264964611864
20040929,0.00468135342908
20040930,0.0
20041001,0.0
20041002,0.000477009188684
20041003,0.000485436930389
20041004,0.000916574120121
20041005,1.60449888948e-05
20041006,0.25484756007
20041007,0.0190155656817
20041008,0.000256412687184
20041009,0.0087889367706
20041010,0.000155281557282
20041011,0.0470221645856
20041012,0.136625329677
20041013,5.76430870935
20041014,0.55500101178
20041015,0.0150253846805
20041016,0.134510226773
20041017,0.00919113221169
20041018,0.666714552301
20041019,0.99193284051
20041020,0.101758705528
20041021,0.00149189878255
20041022,0.00444065052327
20041023,0.406452204231
20041024,0.366516155638
20041025,0.00842848488655
20041026,0.225623449841
20041027,3.35021101614
20041028,15.0743495746
20041029,0.265318973552
20041030,0.180455437679
20041031,0.00318824876055
20041101,0.0
20041102,0.0
20041103,0.0
20041104,0.0
20041105,0.0
20041106,4.4195676911
20041107,6.50476980586
20041108,0.394777115939
20041109,0.461365460059
20041110,0.24013413727
20041111,0.758115792574
20041112,0.903196222111
20041113,1.22151550784
20041114,1.05611957428
20041115,7.62646703569
20041116,0.150298634254
20041117,0.000912077747627
20041118,5.11718999756e-05
20041119,2.27825595438e-05
20041120,0.173373185368
20041121,1.17449761531
20041122,11.4384826484
20041123,1.87816083913
20041124,3.5995558179
20041125,0.0636658285837
20041126,1.04724675269e-05
20041127,0.166249806973
20041128,3.59296264165
20041129,0.160373448573
20041130,0.568355270521
20041201,4.68937117478
20041202,0.0826741994876
20041203,15.6981941524
20041204,0.523403085781
20041205,0.0168206562127
20041206,1.25891026767
20041207,0.0944193794024
20041208,8.66902684271
20041209,2.17654596386
20041210,3.10499740746
20041211,0.0542269992594
20041212,0.307960607399
20041213,0.00544100038798
20041214,0.103658186509
20041215,9.44878028868
20041216,0.858824264856
20041217,0.0418305642101
20041218,0.000523072140786
20041219,6.64118918932
20041220,0.158783587641
20041221,0.170087666129
20041222,0.126350177653
20041223,0.232684060786
20041224,7.35172617815
20041225,0.169986207606
20041226,0.000709699835269
20041227,0.0129231075137
20041228,4.66395272278
20041229,0.126078884882
20041230,0.000771747826747
20041231,0.0150967962386
20050101,0.0933762416175
20050102,0.0163575536414
20050103,0.00520664088783
20050104,1.77408399907
20050105,1.0058965687
20050106,0.367451332161
20050107,0.00623338735852
20050108,9.50093259294e-05
20050109,0.997918981877
20050110,3.52780332066
20050111,0.0664038798324
20050112,0.0517505266754
20050113,0.415459261547
20050114,0.372896094105
20050115,0.349612088477
20050116,1.78967206705
20050117,0.197751840409
20050118,0.00297134097765
20050119,6.77331508312
20050120,0.132263381274
20050121,0.00022250021267
20050122,3.16924988766
20050123,2.44669115961
20050124,2.94189038309
20050125,0.0549394135739
20050126,10.0340511001
20050127,0.98055646614
20050128,0.014192182415
20050129,0.884296945152
20050130,0.261494994374
20050131,0.0148957996806
20050201,0.000186427204548
20050202,0.0
20050203,0.0
20050204,0.0
20050205,0.0
20050206,0.0
20050207,0.0
20050208,0.0
20050209,0.135441210059
20050210,0.357045524112
20050211,0.0930975520019
20050212,18.8171993009
20050213,0.992913973282
20050214,0.041493560048
20050215,0.000712955901876
20050216,0.46124769353
20050217,0.00814919477992
20050218,0.0341182751955
20050219,0.00175383415466
20050220,0.19197751553
20050221,4.40321125955
20050222,1.74714813223
20050223,0.0303091260047
20050224,0.196341010384
20050225,0.0769446633909
20050226,3.51059769775
20050227,0.107038342575
20050228,0.000795699388087
20050301,0.114306628
20050302,0.0258148232079
20050303,4.60202970205
20050304,1.52547280889
20050305,0.0507937638447
20050306,0.000726367171245
20050307,0.400070285729
20050308,0.00706829216946
20050309,0.0
20050310,0.0550385037494
20050311,6.7365660709
20050312,0.444494252309
20050313,0.00930287029015
20050314,0.00288019517387
20050315,1.81885938696
20050316,0.162647792761
20050317,0.003423843375
20050318,0.057396685364
20050319,0.0266724055302
20050320,0.0431778960791
20050321,0.00076193882451
20050322,0.57814179147
20050323,0.861325078603
20050324,0.204953541766
20050325,0.013543007177
20050326,0.0227221524582
20050327,0.435344653219
20050328,0.00838495644801
20050329,0.711101344777
20050330,0.023212702662
20050331,0.00103284779438
20050401,0.101551479973
20050402,0.00517045586484
20050403,0.158910260278
20050404,0.424537863541
20050405,0.00858468154461
20050406,2.00282384153e-05
20050407,0.276238694858
20050408,0.420643614178
20050409,0.0718063150388
20050410,0.0435519590685
20050411,0.0209178476959
20050412,0.0284530119758
20050413,0.00159838879654
20050414,0.00659601444886
20050415,0.0328149281854
20050416,0.0198495003167
20050417,0.00341044689452
20050418,5.42395116714e-05
20050419,0.000673360483737
20050420,0.00364378000506
20050421,5.25499563146
20050422,0.0942865277043
20050423,0.361258950494
20050424,0.0124358081304
20050425,0.838389813728
20050426,1.68748668918
20050427,1.7006602234
20050428,0.0323513471566
20050429,0.00138182921484
20050430,2.35316466584e-05
20050501,0.0352469783889
20050502,0.000622738097019
20050503,0.0
20050504,0.0
20050505,0.0137615771202
20050506,0.000243137430469
20050507,0.0
20050508,0.0
20050509,0.0
20050510,0.0
20050511,0.0
20050512,0.0
20050513,0.0
20050514,0.0
20050515,0.0
20050516,0.0
20050517,0.0
20050518,0.0
20050519,0.0
20050520,0.00866232719965
20050521,0.126785389891
20050522,0.00223732052438
20050523,0.0
20050524,0.0
20050525,0.0089060330688
20050526,0.00154298572502
20050527,2.44811919397e-05
20050528,0.0
20050529,0.0
20050530,0.0
20050531,0.0
20050601,0.0
20050602,0.0
20050603,0.0
20050604,0.0
20050605,0.0
20050606,0.0
20050607,0.0
20050608,0.0
20050609,0.0
20050610,0.0
20050611,0.00252549133028
20050612,4.46200032262e-05
20050613,0.0
20050614,0.0
20050615,0.0
20050616,0.0
20050617,0.0
20050618,0.0
20050619,0.0
20050620,0.0
20050621,0.0
20050622,0.0156043605776
20050623,0.00414459614076
20050624,6.83551236394e-05
20050625,0.0
20050626,0.0
20050627,0.0
20050628,0.0
20050629,0.00259000331178
20050630,4.57597817657e-05
20050701,0.0
20050702,0.0
20050703,0.0
20050704,0.0436230789807
20050705,0.000896022842408
20050706,2.48598514667e-05
20050707,0.253384541688
20050708,1.26165329056
20050709,0.0298831367744
20050710,0.000135539439493
20050711,0.0
20050712,0.0574465324939
20050713,0.00292901446749
20050714,0.00763497805697
20050715,0.000134296122681
20050716,0.0
20050717,0.0
20050718,0.0
20050719,0.0
20050720,0.0
20050721,0.0
20050722,0.0
20050723,0.0
20050724,0.0
20050725,0.0
20050726,0.0
20050727,0.0
20050728,0.0961507503588
20050729,0.0016987762484
20050730,0.0
20050731,0.0
20050801,0.0
20050802,0.0
20050803,0.0
20050804,0.589555646772
20050805,0.0104161775096
20050806,0.0
20050807,0.0
20050808,0.0
20050809,0.0
20050810,0.843746135377
20050811,0.0347786807421
20050812,0.000351086631363
20050813,0.0
20050814,0.0
20050815,0.0
20050816,0.0
20050817,0.020336658133
20050818,0.0003593048651
20050819,0.0
20050820,0.0
20050821,0.0
20050822,0.0
20050823,0.0
20050824,0.149416554971
20050825,0.00263986841044
20050826,0.103886162199
20050827,0.33581779411
20050828,0.0438445841583
20050829,0.000825384115416
20050830,2.73848424325e-06
20050831,0.00907641022299
20050901,0.000160360556585
20050902,0.0
20050903,0.0
20050904,0.146033241817
20050905,0.00258009229161
20050906,0.0
20050907,0.0250976281677
20050908,0.000637602245021
20050909,3.4307666921e-06
20050910,0.0
20050911,0.0
20050912,0.0
20050913,0.0
20050914,0.0
20050915,0.0
20050916,0.0
20050917,0.0
20050918,0.0
20050919,0.0
20050920,0.0
20050921,0.0
20050922,0.0
20050923,0.0
20050924,0.596473095851
20050925,0.034280025364
20050926,0.000419463456746
20050927,0.0109226793956
20050928,3.49503862998
20050929,0.0617463865673
20050930,0.0
20051001,0.00109734648981
20051002,1.93877385137e-05
20051003,0.031182128194
20051004,0.000550920960673
20051005,0.0
20051006,0.00486559961731
20051007,0.0858960474775
20051008,0.00165333825595
20051009,0.00221343806172
20051010,0.870148467083
20051011,0.0185467684453
20051012,0.131953553573
20051013,0.0760607466545
20051014,0.724455950211
20051015,0.0996426354276
20051016,0.34212016154
20051017,0.0892332911324
20051018,0.0241078821962
20051019,0.137684278342
20051020,8.86615823187
20051021,4.32515581812
20051022,0.0911897432875
20051023,0.000309901229851
20051024,0.0
20051025,0.0
20051026,1.07054270703
20051027,0.0778649897525
20051028,0.00104153379966
20051029,0.542321847532
20051030,1.06952973266
20051031,0.0189644164617
20051101,1.2488578338
20051102,0.188655840735
20051103,0.316759617221
20051104,0.853692999526
20051105,1.3571815018
20051106,20.862362464
20051107,9.51198419406
20051108,0.2104096492
20051109,0.0244110939337
20051110,0.000416040193302
20051111,1.06034546256
20051112,0.202943769595
20051113,0.0847246011266
20051114,1.46483604594
20051115,0.0259486906955
20051116,1.6541762503e-06
20051117,0.00342001227729
20051118,0.00327103131607
20051119,6.29492123955
20051120,1.21811805927
20051121,0.338334032354
20051122,0.716663293505
20051123,3.4443260955
20051124,0.380378268155
20051125,0.806989032466
20051126,0.642730281433
20051127,4.7584875819
20051128,0.513439786837
20051129,1.04063482315
20051130,0.0189813891274
20051201,4.14863800259
20051202,9.00210128319
20051203,0.637185994709
20051204,0.523681624453
20051205,0.0579482363729
20051206,0.685967266882
20051207,0.592615173373
20051208,0.0102563751451
20051209,5.76816636971
20051210,0.628978826479
20051211,0.00931215105747
20051212,1.04211225167
20051213,0.627488528038
20051214,0.0107610709488
20051215,0.0
20051216,0.12180537337
20051217,0.014074164121
20051218,25.0399275391
20051219,1.40282003462
20051220,0.049301113468
20051221,1.28593071335
20051222,0.0368415374655
20051223,0.000249682090764
20051224,0.311901370973
20051225,6.58378830437
20051226,0.480318919997
20051227,0.00647727822781
20051228,0.70671436224
20051229,11.497506176
20051230,0.761678651995
20051231,0.033769410761
20060101,0.000422213258747
20060102,0.0342768365489
20060103,3.29658384406
20060104,1.38371398431
20060105,0.122187255789
20060106,0.296060910772
20060107,8.73668506686
20060108,11.4651040279
20060109,11.1954625191
20060110,1.87262534133
20060111,0.963279615771
20060112,2.56835481957
20060113,0.226553070891
20060114,0.0340755434025
20060115,0.00126361776071
20060116,3.81437620711
20060117,0.140153680058
20060118,0.00231282475298
20060119,1.81497406027e-05
20060120,0.856317422428
20060121,0.246987623244
20060122,0.0245007090045
20060123,0.000360499462577
20060124,1.32504907887
20060125,0.0652736237731
20060126,0.244239579445
20060127,11.6223579686
20060128,0.543392419741
20060129,9.25579687155
20060130,0.353298708709
20060131,0.308856696057
20060201,0.0111839204577
20060202,0.087524413464
20060203,0.00154456144167
20060204,0.544577076855
20060205,0.649656146025
20060206,1.38201235739
20060207,0.782877164078
20060208,8.5557605942
20060209,13.0761630868
20060210,0.904811214595
20060211,1.477502302
20060212,0.395408981628
20060213,0.00704885377656
20060214,17.4315830024
20060215,0.308639121711
20060216,1.44798421321
20060217,0.143654108703
20060218,0.00208606962291
20060219,0.0
20060220,0.0434588742099
20060221,0.251778035354
20060222,9.55364120291
20060223,0.731110768254
20060224,0.0986468986363
20060225,0.00493351365211
20060226,4.32867836103
20060227,6.54156274856
20060228,3.50596498966
20060301,3.89629375338
20060302,0.072816979408
20060303,8.17343876546
20060304,3.08634317998
20060305,0.103407531266
20060306,2.56586096505
20060307,0.0473324882646
20060308,0.0243182305175
20060309,1.72241632922
20060310,0.0642092455361
20060311,0.478273038954
20060312,0.106816553425
20060313,0.0732992628222
20060314,0.516508351882
20060315,0.0221852149647
20060316,0.00219295463761
20060317,11.9424443501
20060318,1.57695500909
20060319,0.131701923479
20060320,0.0666866144444
20060321,7.03662146747
20060322,0.567943454984
20060323,1.96758863429
20060324,0.130224566855
20060325,0.154208585032
20060326,0.00322694692958
20060327,0.0549240085937
20060328,28.9854148563
20060329,8.97368825092
20060330,0.274425063479
20060331,0.0022071887658
20060401,0.0
20060402,0.0
20060403,0.0
20060404,0.0430120115374
20060405,0.000759929448083
20060406,0.0
20060407,0.0
20060408,0.0
20060409,1.12252025399
20060410,0.0968588510364
20060411,0.00424525875899
20060412,0.394569357978
20060413,3.65783093787
20060414,0.0727138633502
20060415,0.000145071136215
20060416,0.111141178887
20060417,0.00196362502131
20060418,2.12031565438
20060419,1.27916045969
20060420,0.0286090306889
20060421,0.00329208416155
20060422,0.0212153837485
20060423,0.103247903266
20060424,4.40165723049
20060425,0.0782825460296
20060426,0.0426043867779
20060427,0.000752557011861
20060428,0.0
20060429,0.0
20060430,0.0
20060501,0.497464587967
20060502,0.144221085522
20060503,0.0025601090335
20060504,2.95615642256e-06
20060505,0.0573536239227
20060506,0.00101331485835
20060507,0.708219677673
20060508,0.0126554955747
20060509,0.000590042541443
20060510,0.000757533186919
20060511,1.32005819676e-05
20060512,0.0
20060513,0.0
20060514,0.0
20060515,0.0
20060516,0.000609587577061
20060517,1.07701037525e-05
20060518,0.22320449994
20060519,0.0713735952143
20060520,0.175217230491
20060521,0.00307587344304
20060522,0.00252518963359
20060523,0.302096851031
20060524,0.00533661225464
20060525,0.163287245724
20060526,0.00288493358402
20060527,0.0
20060528,0.0
20060529,0.00982496131805
20060530,0.000173585889243
20060531,0.0
20060601,0.0
20060602,0.0
20060603,0.0
20060604,0.00444515710696
20060605,8.57254762555e-05
20060606,1.27016513327e-07
20060607,0.0
20060608,0.0775445483739
20060609,0.36161047242
20060610,0.0602805553439
20060611,0.00146511985897
20060612,0.0935631739303
20060613,0.00754537000691
20060614,0.000104107261623
20060615,0.0
20060616,0.0
20060617,0.0
20060618,0.000887390337864
20060619,0.00128965139663
20060620,0.0387919778502
20060621,0.0795771454768
20060622,0.00139385470395
20060623,0.00997143650644
20060624,0.000176173788039
20060625,0.0
20060626,0.00843745476885
20060627,0.194811653051
20060628,0.00343926805146
20060629,0.0645338783286
20060630,0.014411649223
20060701,0.0846431004425
20060702,0.0327342755632
20060703,0.000551995674552
20060704,0.0
20060705,0.0
20060706,0.0
20060707,0.0
20060708,4.41401112166e-05
20060709,7.79860836103e-07
20060710,0.0
20060711,0.0
20060712,0.0
20060713,0.00102158102131
20060714,0.226799670432
20060715,0.00400674240095
20060716,0.0
20060717,0.0
20060718,0.0
20060719,0.0
20060720,0.19867920212
20060721,0.213343543516
20060722,0.291500912082
20060723,0.00591331124879
20060724,1.46399006316e-05
20060725,0.0
20060726,0.00876695439817
20060727,0.000154893167155
20060728,0.0
20060729,0.073366650868
20060730,0.00354558980551
20060731,3.97413308475e-05
20060801,0.049982827922
20060802,13.6105164764
20060803,0.592258935039
20060804,0.00621565515278
20060805,3.39891072187
20060806,0.0600514306666
20060807,0.0529419446059
20060808,0.000935370186773
20060809,0.0
20060810,0.00207041374883
20060811,3.6579739517e-05
20060812,0.0
20060813,0.0
20060814,0.0
20060815,0.0
20060816,0.202392582661
20060817,0.0035758409582
20060818,0.0
20060819,0.0
20060820,0.0
20060821,0.0
20060822,0.125982572977
20060823,0.0323192922817
20060824,0.00229468274738
20060825,5.59685066069
20060826,0.571712732502
20060827,0.737050009383
20060828,0.0128744900798
20060829,0.0
20060830,0.0
20060831,0.0
20060901,0.000839170441625
20060902,1.48263415681e-05
20060903,0.0441523042346
20060904,0.00765657684137
20060905,0.000623156630918
20060906,8.86331683775e-06
20060907,0.00517226088103
20060908,0.494505154241
20060909,0.00873522514147
20060910,0.0
20060911,0.0
20060912,0.0
20060913,0.0
20060914,0.0
20060915,0.0
20060916,0.0
20060917,0.137021031972
20060918,7.59695290819
20060919,0.141836450381
20060920,0.000135290508365
20060921,0.0381586160957
20060922,0.00205282831877
20060923,2.43577412065e-05
20060924,0.0
20060925,0.0
20060926,0.0
20060927,0.000784320695195
20060928,8.08567165222e-05
20060929,0.597419535645
20060930,0.0542856409418
20061001,0.000772624645427
20061002,0.00759760723932
20061003,16.4035061546
20061004,1.12340183486
20061005,0.0537924440545
20061006,0.188133077296
20061007,0.0810214973757
20061008,0.00137296431318
20061009,0.0
20061010,0.80388369424
20061011,0.559911868943
20061012,0.00964150192164
20061013,0.0
20061014,0.0
20061015,0.0
20061016,0.0293207776931
20061017,0.144144615948
20061018,0.0892560903271
20061019,0.828232253402
20061020,0.280624654858
20061021,0.403361712222
20061022,1.09339769595
20061023,1.0775259514
20061024,0.0186984521655
20061025,0.0
20061026,0.0100300260072
20061027,5.77480644715
20061028,0.519172695024
20061029,0.0399181496215
20061030,0.429721236342
20061031,0.275481470088
20061101,0.200938845786
20061102,0.328397794585
20061103,0.694656075697
20061104,0.245616668477
20061105,0.278518089873
20061106,1.91835018062
20061107,0.0343121561393
20061108,8.9168821804e-06
20061109,0.0
20061110,0.0723000251198
20061111,0.564026230441
20061112,0.695236411028
20061113,3.33978093638
20061114,1.97332940328
20061115,0.0338265293343
20061116,1.40223034185e-08
20061117,1.46766923368
20061118,1.69435584785
20061119,3.14548578827
20061120,1.1048142707
20061121,0.0189511714602
20061122,2.07578903468
20061123,1.52116210025
20061124,0.0323131892836
20061125,0.18060767212
20061126,0.30225100108
20061127,0.0131228640625
20061128,0.102135019767
20061129,0.00960826187183
20061130,0.000137918786748
20061201,0.271288154269
20061202,3.18640755835
20061203,0.174594500886
20061204,0.00209243225768
20061205,1.07740692231
20061206,0.0218540794051
20061207,4.97989538072e-05
20061208,0.0
20061209,1.72567102249
20061210,1.00372895969
20061211,7.34584183921
20061212,0.148910220866
20061213,0.000343265308879
20061214,0.0
20061215,0.0
20061216,2.80692720173
20061217,2.35527262182
20061218,5.60561663952
20061219,4.65976139524
20061220,2.85685336651
20061221,2.7936268213
20061222,0.767242320683
20061223,1.31391318799
20061224,1.02687694112
20061225,0.65974781561
20061226,0.0113429553491
20061227,1.17807307159
20061228,1.15408770151
20061229,0.23825873286
20061230,2.50887902436
20061231,22.0483350977
20070101,2.98793256625
20070102,1.04853437785
20070103,0.0184015454479
20070104,0.000905338999729
20070105,1.57807762353e-05
20070106,0.0
20070107,0.0
20070108,3.53990600503
20070109,0.0625425076037
20070110,0.0384561136542
20070111,0.0386613010283
20070112,0.000671057715229
20070113,1.34955482431
20070114,0.120381155394
20070115,1.15424902417
20070116,0.616101790691
20070117,1.77518490539
20070118,0.195199191276
20070119,1.025581886
20070120,0.123999198415
20070121,0.00187156494765
20070122,0.0
20070123,0.00890109392053
20070124,0.0866896494208
20070125,0.00152884083383
20070126,0.083310432687
20070127,0.00267077654173
20070128,2.70447031329
20070129,0.0519856196144
20070130,7.42726670031e-05
20070131,1.80639918621
20070201,0.0319151782511
20070202,0.681894255034
20070203,0.0133079422778
20070204,0.0186849577411
20070205,12.6096119362
20070206,0.443495083928
20070207,4.8812475017
20070208,0.582965298603
20070209,0.00877726283385
20070210,0.00849466817361
20070211,0.676995371814
20070212,0.157361975602
20070213,2.61460556258
20070214,0.0469631821933
20070215,1.43838997897e-05
20070216,0.0
20070217,0.0172214907835
20070218,0.000798148602651
20070219,0.0635751973216
20070220,0.00165511495858
20070221,9.39986872029e-06
20070222,0.0755987695476
20070223,0.908031196822
20070224,0.07277968904
20070225,0.0398012633102
20070226,3.31771956291
20070227,0.0962307481956
20070228,0.000664768642335
20070301,0.0
20070302,0.0
20070303,0.0
20070304,0.0
20070305,0.0673019208935
20070306,0.00437191846983
20070307,0.220830714338
20070308,0.0718804807263
20070309,0.00243717894985
20070310,0.00109572603548
20070311,1.89732588165e-05
20070312,0.0
20070313,0.262042788396
20070314,0.388440753125
20070315,1.83553073159
20070316,0.581939122638
20070317,0.0246773116479
20070318,0.45287426831
20070319,0.247888901549
20070320,0.0042383789481
20070321,0.00273586449588
20070322,4.83368321059e-05
20070323,0.26425276675
20070324,0.00793056789524
20070325,0.0951759797625
20070326,0.021589396417
20070327,0.000351746639027
20070328,0.949917213845
20070329,0.40902994184
20070330,7.46143790321
20070331,1.03117528897
20070401,0.072915704966
20070402,0.00220243064508
20070403,0.0117655294244
20070404,1.78362936984
20070405,0.490764485278
20070406,0.0097428364153
20070407,0.475420265779
20070408,0.510543753885
20070409,0.287509405257
20070410,0.009062960706
20070411,0.000126655206959
20070412,9.45401396004e-07
20070413,18.0863586993
20070414,0.34684253177
20070415,0.000482253655281
20070416,0.239148131989
20070417,0.109695437413
20070418,0.960273284347
20070419,0.359591227603
20070420,0.731488696135
20070421,0.0128168668798
20070422,0.0229615745496
20070423,2.27325219936
20070424,0.080235276663
20070425,0.170972343708
20070426,0.00352579832565
20070427,9.14480520823e-06
20070428,1.52190497064
20070429,0.699566486755
20070430,0.0118847651676
20070501,0.0
20070502,0.349933679587
20070503,0.00618257271895
20070504,0.0
20070505,0.0
20070506,0.0
20070507,0.0
20070508,0.0156584131722
20070509,0.000276650399738
20070510,0.0
20070511,0.0
20070512,0.0
20070513,0.0
20070514,0.0
20070515,0.00676746829201
20070516,0.000119566570113
20070517,0.0
20070518,0.0
20070519,0.0
20070520,0.0
20070521,0.119228270802
20070522,0.202003504671
20070523,0.0274076402876
20070524,0.000421835524088
20070525,0.0
20070526,0.136740466868
20070527,0.0182322841346
20070528,0.000279441262114
20070529,0.0
20070530,0.0488963429711
20070531,0.000863893029314
20070601,0.0
20070602,0.985352137729
20070603,1.32347163911
20070604,0.521275488713
20070605,0.0131254001532
20070606,0.2844172301
20070607,0.00539254445658
20070608,6.51687329019e-06
20070609,0.0
20070610,0.194639474509
20070611,0.00343885985791
20070612,0.0
20070613,0.0
20070614,0.014219388149
20070615,0.000251225961417
20070616,0.0
20070617,0.00316020287376
20070618,5.58339817565e-05
20070619,0.0
20070620,0.0
20070621,0.0516713578814
20070622,0.000912921455154
20070623,0.0
20070624,0.0
20070625,0.0
20070626,0.0
20070627,0.0
20070628,0.0
20070629,0.0
20070630,0.0
20070701,0.0
20070702,0.0
20070703,0.0198907628022
20070704,4.76216784628
20070705,0.0902976033128
20070706,0.0105089931806
20070707,0.000183746335435
20070708,0.0
20070709,0.0
20070710,0.0
20070711,0.0
20070712,0.0
20070713,0.0
20070714,0.0
20070715,0.0
20070716,0.0
20070717,0.00656542063738
20070718,0.000115996838728
20070719,0.0
20070720,0.0
20070721,0.0
20070722,0.115850804678
20070723,0.00204683394962
20070724,0.0220648143281
20070725,0.0169454887461
20070726,0.000292502668052
20070727,0.0
20070728,0.0
20070729,0.0
20070730,0.0
20070731,0.00368396526805
20070801,0.0174382547633
20070802,0.000947915369437
20070803,1.13245432294e-05
20070804,0.0
20070805,0.333301852235
20070806,0.0126786433462
20070807,0.000119963250353
20070808,0.39310242901
20070809,0.00694527279351
20070810,0.0
20070811,0.000772111989754
20070812,1.36415465176e-05
20070813,0.0
20070814,0.0
20070815,0.000503948608948
20070816,0.0451116905683
20070817,0.00189714951731
20070818,1.94395929567e-05
20070819,0.0
20070820,0.0
20070821,0.0
20070822,0.0116997300264
20070823,0.000206709005485
20070824,0.0669614618902
20070825,0.598241636334
20070826,0.175482572172
20070827,0.00291402537406
20070828,0.00319283507743
20070829,0.00527282692004
20070830,9.21628149176e-05
20070831,0.0
20070901,0.0
20070902,0.0
20070903,0.0
20070904,0.0
20070905,0.0
20070906,0.0
20070907,0.00181114452256
20070908,3.19990162212e-05
20070909,0.0
20070910,0.0
20070911,0.0
20070912,0.0
20070913,0.0
20070914,0.0
20070915,0.0
20070916,0.0
20070917,0.0354174465804
20070918,0.00131502261613
20070919,1.21779621261e-05
20070920,0.0
20070921,0.0
20070922,0.0
20070923,0.0
20070924,0.00235999865006
20070925,1.00411619031
20070926,0.363361774447
20070927,0.0777424768766
20070928,1.74850297786
20070929,0.0331922937094
20070930,5.56962547146
20071001,9.55465304438
20071002,0.449076642541
20071003,0.390263207932
20071004,0.0330233649057
20071005,5.53033684888
20071006,1.93360553794
20071007,2.92926364426
20071008,5.90480594709
20071009,1.2805187547
20071010,0.0301221729943
20071011,0.0817150343332
20071012,0.0361946230904
20071013,0.000614024860833
20071014,1.25930751235
20071015,0.168581004045
20071016,0.139971304069
20071017,0.0350884396809
20071018,2.66994138597
20071019,3.26994390168
20071020,0.499476582157
20071021,0.00945965797632
20071022,2.89926363618e-05
20071023,0.0872956193755
20071024,0.14874713232
20071025,1.35216306342
20071026,0.777044117546
20071027,0.205838284649
20071028,0.00544565643089
20071029,0.00914848619198
20071030,0.0195277649829
20071031,0.753950904459
20071101,0.706280856299
20071102,0.832813137571
20071103,0.0171285289597
20071104,0.705974906812
20071105,3.57281416846
20071106,10.6575045444
20071107,8.19622060917
20071108,0.181841405551
20071109,2.58183503214
20071110,0.0553456430302
20071111,0.000172133815091
20071112,0.0
20071113,0.0
20071114,0.0
20071115,0.610060602827
20071116,0.638012714398
20071117,4.59697536734
20071118,1.01758796724
20071119,0.0173196915536
20071120,0.561939969511
20071121,3.87896618157
20071122,0.379163521171
20071123,8.51675173078
20071124,15.0915272908
20071125,4.27796885928
20071126,0.0866073748912
20071127,0.00918547700104
20071128,0.845046955693
20071129,0.0233152350869
20071130,0.0666844783233
20071201,1.81169587822
20071202,5.16498303647
20071203,0.109307920905
20071204,15.7575273926
20071205,0.439811281333
20071206,2.19821389468
20071207,1.37045336283
20071208,2.56958676758
20071209,0.623501984913
20071210,0.0109499346696
20071211,0.335937525478
20071212,0.949618273417
20071213,0.0212776963087
20071214,8.5022052302e-05
20071215,0.617639114381
20071216,4.75591400693
20071217,10.2428219054
20071218,25.5679532293
20071219,0.484287062429
20071220,0.260136087654
20071221,0.0273363710644
20071222,0.518564035816
20071223,0.00915480680231
20071224,0.0
20071225,0.370173335866
20071226,0.049101625415
20071227,4.46623352699
20071228,0.379528058668
20071229,0.220169577703
20071230,0.0264426335542
20071231,0.000400115689365
20080101,0.0527309411287
20080102,0.00232434113376
20080103,2.46059932235e-05
20080104,12.6726161657
20080105,0.91457155311
20080106,2.13139039831
20080107,0.612442269743
20080108,19.4033646969
20080109,5.84212110327
20080110,7.03094056602
20080111,0.712054661506
20080112,0.0248821157868
20080113,0.000255583775757
20080114,0.0
20080115,0.108967905538
20080116,0.00192571556536
20080117,13.9707212223
20080118,0.917221083274
20080119,0.645162336943
20080120,0.0565322481511
20080121,0.234182496866
20080122,0.751295377527
20080123,1.47197682565
20080124,7.79853041384
20080125,0.274762330562
20080126,0.976800194347
20080127,0.0755533216624
20080128,0.0010307114243
20080129,0.971588704152
20080130,0.0240656960655
20080131,0.000121904867855
20080201,0.0
20080202,0.0
20080203,0.0
20080204,0.0
20080205,0.136507282599
20080206,0.0323043488359
20080207,0.0136852629594
20080208,0.0871573459403
20080209,0.606965300016
20080210,0.012417426617
20080211,0.0414485858404
20080212,0.000731770012651
20080213,7.60977715959
20080214,0.407124045978
20080215,0.0183067124612
20080216,0.000238323693102
20080217,0.0
20080218,0.0
20080219,0.0
20080220,0.0027188490404
20080221,4.80362049361e-05
20080222,0.0
20080223,0.0172233921538
20080224,0.00695220865621
20080225,3.46627058129
20080226,0.190441478575
20080227,0.0474781329782
20080228,2.75346690277
20080229,4.03392026668
20080301,0.404084595962
20080302,0.00862661217823
20080303,0.172803278571
20080304,0.00545280342106
20080305,0.023216066476
20080306,0.0575916638476
20080307,0.148527670904
20080308,0.0391303132942
20080309,0.0898875821204
20080310,0.0015767187622
20080311,0.202809956463
20080312,1.68525568801
20080313,1.70167036665
20080314,0.533843693444
20080315,0.0709937446649
20080316,6.39984389193
20080317,1.07835664613
20080318,0.0534341880017
20080319,0.0034158205215
20080320,0.00414601398374
20080321,0.00127898914064
20080322,0.000287200958782
20080323,3.47940187972
20080324,0.269818993958
20080325,0.00368101664558
20080326,0.0
20080327,0.297108457491
20080328,0.029623473049
20080329,0.607963228614
20080330,0.113159185763
20080331,1.77467462227
20080401,0.152381857625
20080402,0.222569691181
20080403,0.0680568816433
20080404,0.00113361026639
20080405,0.00487202742255
20080406,0.0520885391185
20080407,0.000918771386708
20080408,3.23491758685
20080409,0.259920615441
20080410,0.202267843128
20080411,0.0293034299508
20080412,0.105542168401
20080413,6.64185405951
20080414,1.67061915755
20080415,0.0663819852531
20080416,0.0414738662933
20080417,0.000720599086949
20080418,0.0
20080419,0.065926720092
20080420,0.0139304039822
20080421,4.01080715152
20080422,0.0709492816709
20080423,1.60692963265e-06
20080424,0.00187607668001
20080425,3.31462123302e-05
20080426,0.0
20080427,0.0276702989829
20080428,0.0733114496677
20080429,2.20521218582
20080430,0.966648999824
20080501,0.0163906426957
20080502,0.72503324015
20080503,0.240707592543
20080504,0.0377311179025
20080505,0.053490013511
20080506,0.000934532182979
20080507,0.0
20080508,0.0
20080509,0.0
20080510,0.0
20080511,0.0
20080512,0.48617146264
20080513,0.00858960148906
20080514,0.0
20080515,0.1144600678
20080516,0.0604429312596
20080517,4.14089012913
20080518,0.242991137112
20080519,0.339753270244
20080520,10.863238068
20080521,0.191824882305
20080522,0.0
20080523,0.000708730374023
20080524,1.25217373489e-05
20080525,0.698011892039
20080526,0.0123323654761
20080527,0.00467162654583
20080528,0.0106032268334
20080529,0.000185877901616
20080530,0.0150253289284
20080531,0.000265465161682
20080601,0.0
20080602,0.0
20080603,0.000169500646117
20080604,0.593474964161
20080605,1.72097686067
20080606,0.0302206988615
20080607,0.0
20080608,0.0
20080609,0.00960064033244
20080610,0.00116807128474
20080611,1.76404315311e-05
20080612,0.0
20080613,0.0
20080614,0.0
20080615,0.0
20080616,0.0
20080617,0.0
20080618,0.0812138357591
20080619,0.0733276579349
20080620,0.261346850209
20080621,0.00521505600871
20080622,0.00155029194285
20080623,0.0674041970458
20080624,0.00119040626887
20080625,0.0
20080626,0.0
20080627,0.00223164872331
20080628,3.94284049293e-05
20080629,0.00464625990063
20080630,0.0124711455171
20080701,0.000218887808197
20080702,0.0
20080703,0.0
20080704,0.0
20080705,0.0
20080706,0.0278067939433
20080707,0.00049128606463
20080708,0.0
20080709,0.0
20080710,0.0
20080711,0.0
20080712,0.06875538318
20080713,0.0252447091363
20080714,0.000556867913979
20080715,2.3376428558e-06
20080716,0.0
20080717,0.0
20080718,0.172707491488
20080719,0.0030513689569
20080720,0.0
20080721,0.0
20080722,0.0
20080723,8.55341720558e-06
20080724,0.00148833209555
20080725,2.62929500919e-05
20080726,0.000504357198118
20080727,0.00155029640226
20080728,2.72329477027e-05
20080729,0.00164160915075
20080730,2.90036830591e-05
20080731,0.0
20080801,0.0
20080802,0.0
20080803,0.0
20080804,0.00662883435369
20080805,0.000117117228475
20080806,0.0
20080807,0.0
20080808,0.00862157585377
20080809,0.000152324664602
20080810,0.0
20080811,0.000414876789699
20080812,7.32997792948e-06
20080813,0.0
20080814,0.0
20080815,0.0
20080816,0.00128837430045
20080817,0.0247102728182
20080818,0.0316009419042
20080819,0.0129251218925
20080820,0.000218630830317
20080821,0.0
20080822,0.0
20080823,0.0
20080824,0.0
20080825,0.0
20080826,0.0
20080827,0.0453926086796
20080828,0.000801989511818
20080829,0.0
20080830,0.00145734377936
20080831,0.0766764566442
20080901,0.00135425283799
20080902,0.0537515660733
20080903,0.000949674201367
20080904,0.00377687283794
20080905,6.67291947834e-05
20080906,0.0
20080907,0.0
20080908,0.0
20080909,0.0
20080910,0.0
20080911,0.00886959124436
20080912,0.417490555244
20080913,0.150683481002
20080914,0.00253198035843
20080915,0.0
20080916,0.0
20080917,0.0
20080918,0.00202980394472
20080919,3.58622589799e-05
20080920,0.28087779445
20080921,0.259153378317
20080922,0.00449100492412
20080923,0.0
20080924,0.0
20080925,0.0
20080926,0.0229276037891
20080927,0.852200732903
20080928,0.0579558786199
20080929,0.000785708580853
20080930,4.88400869262e-07
20081001,0.0
20081002,0.0
20081003,0.0358682348607
20081004,0.000633714397432
20081005,0.0
20081006,0.320150779653
20081007,0.00779268924606
20081008,0.00170767458643
20081009,2.95040605539e-05
20081010,0.406806961141
20081011,0.00718740229653
20081012,0.0
20081013,0.0
20081014,0.0
20081015,0.0867219010068
20081016,0.00153218898049
20081017,0.0
20081018,2.33004348335
20081019,0.64551120161
20081020,0.0917879635943
20081021,1.65320442117
20081022,0.0292043575142
20081023,9.03964005192
20081024,0.175998246296
20081025,0.459177373285
20081026,0.632594722823
20081027,0.0110333413151
20081028,0.57754376089
20081029,0.113279025883
20081030,2.72836871388
20081031,1.05523937848
20081101,0.234219267907
20081102,0.115814090027
20081103,1.39666116667
20081104,7.72796742093
20081105,0.28911292798
20081106,0.630652654311
20081107,1.62008139631
20081108,5.86461443032
20081109,2.74794063425
20081110,0.114547302016
20081111,0.00886730697406
20081112,6.22524266755
20081113,2.22879297782
20081114,6.6804795684
20081115,0.141298844141
20081116,0.223514586652
20081117,1.61456986281
20081118,11.0744443425
20081119,1.67352322568
20081120,0.0348403765707
20081121,0.0586326049208
20081122,0.150766420804
20081123,0.0185621072254
20081124,0.000988759613564
20081125,0.0716569519325
20081126,0.783113139823
20081127,0.590825716478
20081128,0.070613848801
20081129,0.0296481407058
20081130,0.000504958691416
20081201,0.615408406894
20081202,0.011242032539
20081203,0.030662822004
20081204,5.41365016155
20081205,5.00639393046
20081206,1.26853963431
20081207,0.490795298451
20081208,0.00830239987337
20081209,0.0
20081210,0.0245078219044
20081211,0.00668491077988
20081212,1.39171716319
20081213,5.87968599968
20081214,0.358262738387
20081215,0.0122807970338
20081216,2.04009094996
20081217,0.33956604736
20081218,0.150916131204
20081219,0.00368827840012
20081220,1.97290034717e-05
20081221,0.0
20081222,0.151897312396
20081223,0.0223470650233
20081224,2.06225757221
20081225,3.2856123891
20081226,0.460832803009
20081227,0.0529357542556
20081228,1.93752383151
20081229,11.9829002342
20081230,5.63263104561
20081231,1.25322051453
20090101,0.987979962878
20090102,0.0294018775445
20090103,1.04068665997
20090104,0.179343406671
20090105,3.83837577746
20090106,1.40547632384
20090107,0.0650260620989
20090108,0.293489164383
20090109,0.00517240039924
20090110,0.000481726791645
20090111,9.039480053
20090112,1.65624111704
20090113,4.22326819406
20090114,0.513700960868
20090115,1.11227314714
20090116,0.216525519731
20090117,0.00348076407981
20090118,1.88510623104
20090119,0.936604886549
20090120,0.125428386888
20090121,0.137054883848
20090122,0.309494072618
20090123,0.00939792414007
20090124,2.48183967797
20090125,0.470378913268
20090126,0.0218424905782
20090127,0.585611669276
20090128,0.0
20090130,0.0
20090131,0.0
20090201,0.0
20090202,0.0
20090204,0.0
20090205,0.0
20090206,0.0
20090207,0.0
20090210,0.0
20090211,0.0
20090212,0.0
20090213,0.0
20090214,0.0
20090215,0.0
20090217,0.0
20090218,0.0
20090219,0.0
20090220,0.0
20090222,0.0
20090223,0.0
20090226,0.0
20090227,0.0
20090228,0.0
20090302,0.0
20090303,0.0
20090304,0.0
20090305,0.0
20090306,0.0
20090307,0.0
20090308,0.0
20090310,0.0
20090311,0.0
20090312,0.210451304839
20090313,0.00394774273577
20090314,0.0170870201639
20090315,1.06090031589
20090316,0.102834391015
20090317,0.0014857931855
20090318,8.35005932149
20090319,0.752728176691
20090320,0.268034230333
20090321,1.02612711263
20090322,0.0185361705454
20090323,8.60504962819e-06
20090324,0.0
20090325,0.0
20090326,0.0
20090327,0.0
20090328,0.0
20090329,0.0
20090330,0.595135306865
20090331,0.0123059929204
20090401,0.408513300886
20090402,0.00740715066796
20090403,0.12730694549
20090404,0.0209137340363
20090405,0.000329762446879
20090406,0.0
20090407,0.030198699407
20090408,0.283466724449
20090409,0.00499881935565
20090410,0.0
20090411,0.00653351983168
20090412,0.000115433201048
20090413,0.00053837876709
20090414,0.602994688314
20090415,0.104507578991
20090416,0.00165820014805
20090417,0.0
20090418,0.0
20090419,0.0
20090420,0.0
20090421,0.888216931985
20090422,0.218046680767
20090423,0.037340319901
20090424,0.000596557738447
20090425,0.714346773967
20090426,0.0126209679969
20090427,0.0636133497678
20090428,0.0011239107659
20090429,0.0
20090430,0.0
20090501,0.0137494009817
20090502,0.0728255128593
20090503,0.244273764405
20090504,3.86948445025
20090505,0.0817888241945
20090506,1.83454319043
20090507,1.49376181405
20090508,10.5767776378
20090509,0.2578237401
20090510,0.172327346365
20090511,0.00302236123855
20090512,0.0
20090513,0.0
20090514,0.0
20090515,0.0
20090516,0.0
20090517,0.058152726448
20090518,0.00151444810109
20090519,8.60450500753e-06
20090520,0.0
20090521,2.73716408147
20090522,0.0487013736354
20090523,6.034970209e-06
20090524,0.0
20090525,0.0
20090526,0.0
20090527,0.0
20090528,0.0
20090529,0.0
20090530,0.0
20090531,0.0
20090601,0.0
20090602,0.0
20090603,0.0
20090604,0.0
20090605,0.0668065656833
20090606,0.00118032795257
20090607,0.182249208853
20090608,0.0249669797093
20090609,0.164351004821
20090610,0.166169529339
20090611,5.5930264049
20090612,0.09893437612
20090613,2.97920933546e-06
20090614,0.0
20090615,0.0
20090616,0.000511421275255
20090617,9.03571493355e-06
20090618,0.140503981286
20090619,0.268344505322
20090620,0.401049483645
20090621,0.00700269046004
20090622,0.00224968081383
20090623,3.97469998196e-05
20090624,0.211848336768
20090625,0.00374290366281
20090626,0.0
20090627,0.0
20090628,0.0
20090629,0.012092056928
20090630,0.0894037362306
20090701,0.0561967259614
20090702,0.0284351461965
20090703,0.000485337606779
20090704,0.0262668788177
20090705,0.764138376423
20090706,0.0141833946937
20090707,1.22070090637e-05
20090708,0.0
20090709,0.0
20090710,0.0
20090711,0.0343074833562
20090712,0.000606139200719
20090713,0.00652352339175
20090714,0.000115256582282
20090715,0.00530529678056
20090716,0.00415306141657
20090717,0.000563884766639
20090718,0.00812629637715
20090719,0.0320168461725
20090720,0.11691379671
20090721,0.00649132246133
20090722,7.83684862868e-05
20090723,0.000489218704723
20090724,0.256046567575
20090725,0.0555609023056
20090726,0.0316890823521
20090727,0.00054394634181
20090728,0.00172987452016
20090729,0.0437886782635
20090730,0.0405350162942
20090731,0.000702507182244
20090801,0.0
20090802,3.85478147226
20090803,0.37250547986
20090804,0.00627021167913
20090805,1.5761896976e-05
20090806,0.0
20090807,0.0166693090312
20090808,0.00029451063525
20090809,0.0
20090810,0.0
20090811,0.0
20090812,0.0
20090813,0.0
20090814,0.0316352995019
20090815,0.000558927508703
20090816,0.0
20090817,0.548487259348
20090818,0.00975475396676
20090819,1.13368219666e-06
20090820,0.350440739033
20090821,0.132557282307
20090822,0.00223261094434
20090823,0.0023885888297
20090824,4.22012154775e-05
20090825,0.000600767839608
20090826,1.06142669954e-05
20090827,0.0
20090828,1.3143041559
20090829,0.023220917841
20090830,0.0
20090831,0.0
20090901,0.0
20090902,0.0
20090903,0.0
20090904,0.0
20090905,0.0
20090906,0.0
20090907,0.0
20090908,0.0
20090909,0.0
20090910,0.0169381926047
20090911,0.000299261324754
20090912,0.0122893025092
20090913,0.000217125471005
20090914,0.0457432098487
20090915,0.000808183971319
20090916,0.0
20090917,0.0
20090918,0.0
20090919,0.046608272072
20090920,0.000823467610589
20090921,0.0
20090922,0.0
20090923,0.136242665955
20090924,0.378619616515
20090925,0.326468524064
20090926,0.0971200628721
20090927,0.00161606904619
20090928,0.0
20090929,0.0945169265745
20090930,0.0428204355929
20091001,0.000727041007933
20091002,0.25929582377
20091003,0.295460990126
20091004,0.080908564023
20091005,0.00135547508119
20091006,0.0105040284481
20091007,0.000185578272252
20091008,0.0
20091009,0.0
20091010,0.941044861115
20091011,0.101583951585
20091012,0.0825742370504
20091013,1.81461781288
20091014,0.262091442104
20091015,0.00406459972614
20091016,0.00186128669616
20091017,0.306491315188
20091018,10.7182936438
20091019,1.00374937277
20091020,0.0143900334453
20091021,0.0
20091022,0.295633092784
20091023,0.629541897771
20091024,0.0653913676456
20091025,0.0600086214431
20091026,2.78439989833
20091027,0.0965236215185
20091028,0.00114044769335
20091029,5.57102181464
20091030,4.12515663183
20091031,0.60055310004
20091101,0.150125947297
20091102,0.0268565950132
20091103,0.0670190747615
20091104,0.504789297315
20091105,1.09191659377
20091106,0.269653777879
20091107,1.49318093789
20091108,0.0263030878976
20091109,0.00428025393279
20091110,2.20561718817
20091111,0.157737859294
20091112,0.00236630965014
20091113,0.361250348837
20091114,4.99553532614
20091115,0.628362904732
20091116,1.80903232233
20091117,2.31376385351
20091118,0.0892715991675
20091119,0.435955437156
20091120,20.001105682
20091121,9.0785499952
20091122,0.179041960824
20091123,0.000439656455521
20091124,0.0
20091125,0.0
20091126,0.206976661408
20091127,0.733723720672
20091128,7.9599783734
20091129,1.54679107382
20091130,8.50006849858
20091201,5.01478062928
20091202,0.725892983507
20091203,0.0115123990004
20091204,0.773387012739
20091205,5.92776784477
20091206,0.548707744067
20091207,0.0124310633775
20091208,6.64104933056
20091209,0.226266905925
20091210,0.592648371983
20091211,4.07301834656
20091212,1.04431766482
20091213,0.0171826961156
20091214,11.2338293306
20091215,0.805572919263
20091216,0.0159066845214
20091217,9.15303825505e-05
20091218,0.0
20091219,0.393936204063
20091220,0.0304745398736
20091221,24.3998756933
20091222,0.431085851625
20091223,0.138555914046
20091224,0.00244798427891
20091225,3.18272230214
20091226,0.276962666472
20091227,1.49370946172
20091228,0.7036326952
20091229,0.040210190505
20091230,4.12185021439
20091231,0.155657970784
20100101,0.393280414713
20100102,1.24855154688
20100103,0.345805101188
20100104,0.0125764057929
20100105,8.26034860554
20100106,0.328131548591
20100107,0.00393333080443
20100108,1.262201731e-05
20100109,0.40735806034
20100110,0.00719713937187
20100111,0.00100643504181
20100112,1.77815411793e-05
20100113,0.0
20100114,0.0184981216632
20100115,0.000326821926171
20100116,12.3660543566
20100117,0.982922047804
20100118,0.198093709567
20100119,0.0139473868557
20100120,0.591596403963
20100121,1.51274922066
20100122,0.0424656895384
20100123,0.350981164218
20100124,0.89152922665
20100125,3.59522178255
20100126,3.69595696027
20100127,16.717371218
20100128,15.7939332642
20100129,1.05593024811
20100130,2.45514974372
20100131,0.0431330723486
20100201,0.0
20100202,1.21444231537
20100203,0.54924901553
20100204,0.028139182295
20100205,0.000332406814773
20100206,0.00470686621739
20100207,0.00226843593714
20100208,0.241181818748
20100209,0.00426047965295
20100210,0.00900081059335
20100211,0.000159024906827
20100212,3.94629519587
20100213,0.211433801627
20100214,13.9195782759
20100215,0.649103254591
20100216,0.0374415868695
20100217,1.17327197412
20100218,5.72844799709
20100219,0.239093637482
20100220,1.64062467554
20100221,0.0289431447972
20100222,0.0
20100223,0.286297518882
20100224,0.0113636475668
20100225,0.0963740142353
20100226,0.0266410505554
20100227,3.02764591402
20100228,0.158250893447
20100301,0.00185100166623
20100302,0.0
20100303,0.252198792967
20100304,0.181198044968
20100305,0.0493621275289
20100306,0.0790439872363
20100307,0.0261480083667
20100308,0.760996159814
20100309,0.0877130450336
20100310,0.00711073656785
20100311,0.000731417579505
20100312,0.0134093711395
20100313,0.0553852498199
20100314,0.213118680853
20100315,2.62209317952
20100316,0.054219001432
20100317,0.354532258872
20100318,1.45517157087
20100319,0.322130966438
20100320,0.0796187690867
20100321,5.38196650195
20100322,0.174836345892
20100323,0.00145687374238
20100324,0.113922126755
20100325,0.185476404169
20100326,0.0825883999882
20100327,0.161791693136
20100328,0.368419972143
20100329,0.88358810222
20100330,0.0157675191773
20100331,5.29869421649
20100401,0.505382529258
20100402,2.2987991174
20100403,2.93352497417
20100404,0.0582151437232
20100405,27.5332704792
20100406,2.19909415181
20100407,0.318399067514
20100408,1.41163217479
20100409,0.631297717551
20100410,0.0107149077678
20100411,0.0143971589497
20100412,0.00818834479615
20100413,0.000310209313087
20100414,3.00411842975e-06
20100415,0.0
20100416,0.0
20100417,0.00444872883951
20100418,8.14227552643e-05
20100419,3.50229012145
20100420,0.501026155309
20100421,7.33545216789
20100422,0.131827981541
20100423,4.76126239718
20100424,0.726137460149
20100425,0.100654184284
20100426,0.00668257157395
20100427,1.06719635928
20100428,0.473255881147
20100429,0.00921005804173
20100430,0.120194773553
20100501,0.0105156896593
20100502,0.00227121992055
20100503,3.75078304415e-05
20100504,0.0466650092367
20100505,0.0191979539321
20100506,0.000324619879622
20100507,0.0
20100508,0.522088969405
20100509,0.00923773617537
20100510,2.3938558267e-07
20100511,0.0294013271273
20100512,0.000519458010618
20100513,0.0137420493806
20100514,0.00024279243526
20100515,0.0386148086461
20100516,0.162526625907
20100517,0.0233302973824
20100518,0.000361675876055
20100519,0.0
20100520,0.000452868956937
20100521,8.00121807256e-06
20100522,0.210669925453
20100523,0.791193969008
20100524,0.0144212770098
20100525,8.98137505338e-06
20100526,0.0
20100527,0.0
20100528,0.114764778192
20100529,0.00619275391566
20100530,0.805551526061
20100531,0.484179023221
20100601,0.163301518249
20100602,0.0205763585638
20100603,0.0128513961016
20100604,0.000221488421763
20100605,0.0
20100606,0.0
20100607,0.0
20100608,0.0
20100609,0.0
20100610,0.523971085278
20100611,0.0117334279811
20100612,4.3745379705e-05
20100613,0.0
20100614,0.0
20100615,0.0
20100616,0.062736526468
20100617,0.0721098052282
20100618,0.124398907421
20100619,0.0860683810373
20100620,0.0303649847152
20100621,0.121841371938
20100622,0.0504602473367
20100623,0.000853649834502
20100624,0.509141070699
20100625,0.00899542535745
20100626,0.0
20100627,0.019270957635
20100628,1.80611731001
20100629,0.342458987833
20100630,0.00548683407776
20100701,0.0
20100702,0.942288715861
20100703,0.0574121170699
20100704,0.000720210304055
20100705,0.00104709941527
20100706,0.000972518455731
20100707,1.68554476473e-05
20100708,0.0181784321183
20100709,0.000321641693382
20100710,8.26917403564e-09
20100711,0.0
20100712,0.0
20100713,0.203642955984
20100714,0.00359793200872
20100715,0.0
20100716,0.0
20100717,0.0
20100718,0.0
20100719,0.0
20100720,0.0406872078687
20100721,0.021411522992
20100722,1.60380416104
20100723,0.0283293043072
20100724,0.0
20100725,0.0
20100726,0.0
20100727,0.0
20100728,0.0
20100729,0.00579002376998
20100730,0.25359825178
20100731,0.0127676639464
20100801,0.000146447619676
20100802,0.00298507618636
20100803,5.27398606651e-05
20100804,0.0
20100805,0.0
20100806,0.0
20100807,0.0
20100808,0.0205396984367
20100809,0.000362892185273
20100810,0.0119835270807
20100811,0.282644858504
20100812,0.0417462850836
20100813,0.000649404585581
20100814,0.0
20100815,0.0
20100816,0.02741286344
20100817,0.000484326165006
20100818,0.0
20100819,0.0143412743658
20100820,0.0374105286718
20100821,0.000656486730577
20100822,0.0
20100823,0.00497772256035
20100824,0.0221103074752
20100825,0.346591656561
20100826,0.00611665332307
20100827,0.00473672838056
20100828,8.36877746597e-05
20100829,0.0
20100830,0.0
20100831,0.0
20100901,0.0173028991836
20100902,0.00030570486439
20100903,0.0244688761421
20100904,0.000432312287405
20100905,0.0
20100906,0.0
20100907,0.0
20100908,0.0331375473216
20100909,0.000586020979875
20100910,9.75136937217e-09
20100911,0.0956250036484
20100912,0.010094579301
20100913,0.000148499858158
20100914,0.0
20100915,0.0
20100916,0.0
20100917,0.00295954997252
20100918,0.00141934783926
20100919,2.41529864167e-05
20100920,0.0
20100921,0.0
20100922,0.0
20100923,0.0
20100924,0.0
20100925,0.0
20100926,0.0
20100927,0.0
20100928,0.108157741003
20100929,0.00567441837949
20100930,6.64930131615e-05
20101001,0.0
20101002,0.0
20101003,0.0
20101004,0.0800548264451
20101005,0.0403987328098
20101006,0.0149306611593
20101007,3.72293113553
20101008,0.266304146157
20101009,0.948455657856
20101010,0.140074704709
20101011,0.00217986094289
20101012,0.318974075036
20101013,0.0101427314092
20101014,0.513973837772
20101015,1.38811440886
20101016,0.144268397767
20101017,0.398654105361
20101018,0.0070059305298
20101019,0.0
20101020,5.68385818939
20101021,0.200682920918
20101022,0.00177140271708
20101023,0.291722994301
20101024,0.161972966759
20101025,0.79813153905
20101026,0.0571278834131
20101027,0.311165424443
20101028,3.69756257397
20101029,5.2858872652
20101030,0.291971537369
20101031,0.371564541274
20101101,1.81426063916
20101102,0.0468801153266
20101103,0.00986472647208
20101104,0.0786728949883
20101105,7.89971121841
20101106,11.0578593572
20101107,3.95818155358
20101108,0.583345442277
20101109,0.00913111441768
20101110,4.45774406807
20101111,0.0902970712367
20101112,0.00020385772453
20101113,0.176840091122
20101114,0.328460620268
20101115,0.773245563955
20101116,0.0135600272601
20101117,2.85615329924
20101118,0.670004270465
20101119,0.697776511215
20101120,0.0493993001943
20101121,0.000658383164333
20101122,0.383031010481
20101123,0.776673498441
20101124,5.19172984673
20101125,0.856671006633
20101126,0.031775693813
20101127,0.566258863425
20101128,0.0658863736274
20101129,13.3983380123
20101130,0.982112825184
20101201,0.0131697966164
20101202,0.172400381474
20101203,0.807182246755
20101204,23.3536926572
20101205,2.01209972597
20101206,5.19727001415
20101207,1.55902061834
20101208,0.051179770283
20101209,0.135284036619
20101210,1.8777599638
20101211,1.37926478681
20101212,21.193135585
20101213,0.519580398109
20101214,0.204906737492
20101215,5.62528129638
20101216,5.7093253999
20101217,0.384010788797
20101218,0.0860728739819
20101219,0.684066258234
20101220,1.17276887624
20101221,0.0621923466391
20101222,0.174090265889
20101223,1.77346248818
20101224,0.395079583117
20101225,0.430891521302
20101226,2.30495542311
20101227,0.046550790699
20101228,0.0473271571812
20101229,0.25498476436
20101230,0.642275684253
20101231,3.34369543689
20110101,0.250712881917
20110102,2.59292604401
20110103,0.428651298896
20110104,0.927266102211
20110105,1.52820881118
20110106,19.4567875644
20110107,0.427180287791
20110108,0.0158270891984
20110109,0.00157723235087
20110110,3.02564018324
20110111,0.248904286499
20110112,0.260625879495
20110113,0.857244949456
20110114,1.87593837626
20110115,52.5758807898
20110116,1.06981374824
20110117,0.988683876339
20110118,0.433821620454
20110119,0.247319777927
20110120,0.0511005667071
20110121,2.45542173589
20110122,0.11455967557
20110123,0.0688874415365
20110124,0.5649037007
20110125,0.541150514138
20110126,5.28055301932
20110127,1.24531194123
20110128,0.0712602598292
20110129,0.000899358585671
20110130,0.0137840366504
20110131,0.000940278063038
20110201,0.00186878289142
20110202,4.14453267046e-05
20110203,0.387835453759
20110204,0.164769142652
20110205,0.866018276473
20110206,0.0152513810549
20110207,0.000323174004156
20110208,0.00473858826979
20110209,8.36197530015e-05
20110210,0.0
20110211,0.0
20110212,0.000155148996749
20110213,0.0721126884192
20110214,0.00686489301903
20110215,9.87785493012e-05
20110216,0.000618417518515
20110217,0.0838610694011
20110218,0.0602519364488
20110219,0.0955869176005
20110220,0.389598678321
20110221,0.0186976368642
20110222,0.300890933743
20110223,0.070152700204
20110224,0.917736907871
20110225,0.0315290585717
20110226,0.13099606988
20110227,0.126656006543
20110228,0.00238140512396
20110301,0.000916555982427
20110302,0.00166888415867
20110303,0.00362782312711
20110304,0.0343325290597
20110305,0.000605458477793
20110306,0.00121024860844
20110307,2.13824865542e-05
20110308,0.0835283495513
20110309,0.00147576584658
20110310,0.0
20110311,0.0
20110312,0.0197205771765
20110313,0.114083231181
20110314,0.0542278676778
20110315,1.51342615949
20110316,4.34964790154
20110317,0.177094108802
20110318,0.00178232532536
20110319,3.08718488404
20110320,3.2262256179
20110321,0.336910083863
20110322,0.130562634058
20110323,6.38907977658
20110324,1.03969402354
20110325,0.193922452505
20110326,3.16716917283
20110327,8.67990938061
20110328,0.501232944423
20110329,0.0074819020292
20110330,7.03051503135
20110331,0.124235292966
20110401,3.82675452491e-07
20110402,0.0104624252715
20110403,0.265552038243
20110404,6.23290845103
20110405,0.937549871966
20110406,0.296406738501
20110407,0.0211514012204
20110408,0.303837180823
20110409,0.0266553011182
20110410,0.000376187346025
20110411,0.0067324495919
20110412,0.00635530310822
20110413,0.000758458983106
20110414,1.94505008206
20110415,0.145916978471
20110416,0.0304226259662
20110417,9.79426063636
20110418,0.283718393723
20110419,0.00520065668481
20110420,0.0185378128
20110421,0.0671670123053
20110422,2.12453736288
20110423,0.0410291384432
20110424,0.000320389701192
20110425,4.56368745997e-06
20110426,0.0037852067827
20110427,0.197502503051
20110428,0.107941182223
20110429,0.0018457265721
20110430,4.74544314645e-09
20110501,3.89876027878
20110502,0.296310446513
20110503,0.00401815806003
20110504,0.000974729733323
20110505,1.72213701474e-05
20110506,0.0
20110507,0.0
20110508,0.0439329604781
20110509,0.000776200698172
20110510,0.0
20110511,6.14124597389e-06
20110512,0.00855624166504
20110513,0.0137814113374
20110514,0.000240817030565
20110515,0.0
20110516,0.0
20110517,0.098277582406
20110518,1.98493364285
20110519,0.404656624617
20110520,0.648565851346
20110521,0.0113433828405
20110522,0.000477009236367
20110523,8.42772382367e-06
20110524,0.0
20110525,0.0
20110526,0.145516964439
20110527,0.00257097078365
20110528,0.0
20110529,0.0
20110530,0.0
20110531,0.00153620849851
20110601,2.71414886837e-05
20110602,0.0
20110603,0.00551862057125
20110604,0.0231928268918
20110605,0.0398429323192
20110606,0.0198499821735
20110607,0.0280386562525
20110608,0.0173328079889
20110609,1.82932339764
20110610,0.0323149465193
20110611,0.0
20110612,0.0
20110613,0.0
20110614,0.0
20110615,0.096652908404
20110616,0.00170764859353
20110617,0.0
20110618,0.0
20110619,0.0434820402836
20110620,0.000768233934533
20110621,0.0
20110622,0.00164473639461
20110623,0.00615011625302
20110624,0.000108145889044
20110625,0.0
20110626,0.0121635826342
20110627,0.194207915699
20110628,0.00601461658463
20110629,0.00812987819673
20110630,0.0279626833647
20110701,0.000991958501669
20110702,0.000651571747422
20110703,1.13556573853e-05
20110704,0.627802235039
20110705,0.0370814571374
20110706,0.000459179286904
20110707,0.0
20110708,0.0
20110709,0.0
20110710,0.338815115942
20110711,0.283214690611
20110712,0.0179701218133
20110713,0.0373497854995
20110714,0.0103846176976
20110715,0.000464953280258
20110716,0.00452858153099
20110717,0.000560727666241
20110718,8.49485446646e-06
20110719,0.0
20110720,0.0
20110721,0.0
20110722,0.0
20110723,0.0
20110724,0.00140584390147
20110725,0.00119611760738
20110726,0.989723063252
20110727,0.0175964055313
20110728,1.95228493066e-06
20110729,0.0105920345341
20110730,0.000187138407046
20110731,0.00142730367797
20110801,0.00103379268976
20110802,0.00474367622477
20110803,0.00425904779902
20110804,7.37729883396e-05
20110805,0.00427137468789
20110806,0.00606476090244
20110807,0.181607643838
20110808,0.00320674649699
20110809,0.00981004607294
20110810,0.000173322384483
20110811,0.0
20110812,0.0
20110813,0.0677276562748
20110814,0.0428572316953
20110815,3.37911234524
20110816,1.39337311416
20110817,0.0235633302691
20110818,0.0
20110819,0.0
20110820,0.0
20110821,0.0
20110822,0.0
20110823,0.000478098441924
20110824,0.0041944872688
20110825,7.39582986853e-05
20110826,0.0
20110827,0.0
20110828,0.0783255233191
20110829,0.151548755256
20110830,0.00265309047697
20110831,0.0
20110901,0.0
20110902,0.00238482999053
20110903,0.00122459987241
20110904,0.00369440503367
20110905,6.49030712824e-05
20110906,0.0304504767361
20110907,0.000537994330468
20110908,0.0
20110909,0.011408371426
20110910,0.000201561321047
20110911,0.0
20110912,0.00819801622235
20110913,0.00014484127277
20110914,0.367706326287
20110915,0.0858242360087
20110916,0.432633616691
20110917,0.128284695445
20110918,0.00213190376262
20110919,0.0
20110920,1.09868477874
20110921,0.0196353767071
20110922,0.455664472978
20110923,0.154953946542
20110924,0.725720239295
20110925,0.616272863476
20110926,0.0106624876696
20110927,0.0
20110928,0.0
20110929,0.0481984275206
20110930,0.546108227823
20111001,3.18389060478
20111002,0.967475571134
20111003,0.333636574207
20111004,3.25249932083
20111005,0.740820410344
20111006,0.326020168544
20111007,0.0055467316461
20111008,0.0
20111009,0.0
20111010,0.0
20111011,0.0
20111012,0.0
20111013,0.0
20111014,0.0
20111015,0.0
20111016,2.16493915278
20111017,1.60222050582
20111018,0.357599631969
20111019,0.930139517575
20111020,3.03113642548
20111021,0.134850915076
20111022,0.00217710785114
20111023,1.29975715588e-05
20111024,0.0
20111025,0.0
20111026,0.164876962279
20111027,2.61431357232
20111028,1.49742887729
20111029,10.8544088086
20111030,0.635751081437
20111031,1.96039719357
20111101,2.24231122771
20111102,0.377433669349
20111103,0.055167005441
20111104,0.000869041377088
20111105,0.525631985092
20111106,0.0470301847503
20111107,0.155040311606
20111108,0.0027983777312
20111109,1.2532091093e-06
20111110,0.0
20111111,0.0
20111112,0.0
20111113,0.0
20111114,3.92758283791
20111115,0.689687689648
20111116,0.0113166560432
20111117,0.00336146263141
20111118,3.08755786798
20111119,15.3460030177
20111120,0.430909569963
20111121,0.0342171315316
20111122,12.9980159271
20111123,0.854577871049
20111124,0.151082179251
20111125,0.78120998893
20111126,0.0145012189055
20111127,0.00287406903828
20111128,0.000107895216699
20111129,0.322945381419
20111130,0.0677993110634
20111201,0.0612268194717
20111202,0.229533639105
20111203,0.0641354602564
20111204,1.28907114249
20111205,0.185938581634
20111206,0.00721651300947
20111207,0.00167135993365
20111208,2.81766374737e-05
20111209,1.89094267072
20111210,1.18220215682
20111211,0.0263580523104
20111212,0.0154082849124
20111213,2.01500803154
20111214,0.934366853941
20111215,5.46003819518
20111216,0.547519803364
20111217,0.0355759625324
20111218,0.029249254644
20111219,0.0154230772419
20111220,0.130365021153
20111221,0.0087862992235
20111222,0.413272091386
20111223,2.49062128197
20111224,15.6994037207
20111225,2.06275706296
20111226,0.133748780876
20111227,0.287703796344
20111228,0.274318371933
20111229,9.80579183581
20111230,0.315807937822
20111231,0.0734307719937
20120101,0.114852031321
20120102,0.84440265786
20120103,0.163824154554
20120104,0.101434210579
20120105,0.174056466922
20120106,2.67674371812
20120107,0.413518731223
20120108,0.0181647567503
20120109,0.655625478481
20120110,0.316329435044
20120111,15.0699995097
20120112,0.266429821376
20120113,0.167825461075
20120114,1.69165093709
20120115,0.0355969843615
20120116,0.000237531348256
20120117,22.1294157936
20120118,71.9794794848
20120119,4.33951240292
20120120,0.105450421855
20120121,0.000916993250627
20120122,0.0451398883351
20120123,0.076276661188
20120124,0.11525420787
20120125,0.860864912
20120126,0.0851419462938
20120127,0.00123618159692
20120128,0.0
20120129,0.000380974855484
20120130,0.016180954202
20120131,0.000323472267655
20120201,6.66230643469e-07
20120202,0.0460449686622
20120203,0.000813515298714
20120204,0.774488593865
20120205,0.693786688975
20120206,0.355823593906
20120207,0.31788521283
20120208,0.00569615725731
20120209,0.0356058527753
20120210,1.37983850809
20120211,1.03512579404
20120212,0.748487362651
20120213,0.309086437835
20120214,0.0401718969508
20120215,0.0616728604692
20120216,0.0229936199212
20120217,0.000399536357893
20120218,2.41655270513
20120219,9.31222150249
20120220,0.454533304538
20120221,0.283869009531
20120222,4.59348559309
20120223,1.57427217476
20120224,0.069648875826
20120225,0.000764438304176
20120226,0.124561635059
20120227,1.05300405149
20120228,0.0185654295612
20120229,0.0
20120301,0.0868627411431
20120302,0.0935591001983
20120303,0.00667987540264
20120304,1.89891788244
20120305,0.0455258798793
20120306,0.00355266725364
20120307,5.90291051972e-05
20120308,0.0540943896064
20120309,0.117757114374
20120310,0.00843076815979
20120311,0.0702309297255
20120312,0.0170037641757
20120313,0.0530206850828
20120314,2.34138233243
20120315,0.043104514773
20120316,0.129716457218
20120317,4.26097934128
20120318,0.13098799291
20120319,0.0224528503556
