20010102,7.7705222493
20010103,0.281686381938
20010104,0.00259331230234
20010105,0.0
20010106,0.0
20010107,0.0497877483506
20010108,0.0195205112233
20010109,0.00446541869514
20010110,0.0119711940637
20010111,0.0802872638869
20010112,1.05213097551
20010113,0.464345564427
20010114,1.74910219954
20010115,0.156298800617
20010116,1.20376109329
20010117,0.0536201497372
20010118,0.33564514658
20010119,0.00681815519824
20010120,0.00763280668002
20010121,0.0116621841581
20010122,0.115942306729
20010123,0.00578025733696
20010124,0.00723046902621
20010125,1.4322842972
20010126,0.922870634874
20010127,0.0465180790208
20010128,0.00163389398415
20010129,0.210349825839
20010130,0.0353052014103
20010131,0.15773118753
20010201,3.85512496213
20010202,0.651409077681
20010203,1.04689684092
20010204,1.19247626454
20010205,6.03207762196
20010206,1.01779040558
20010207,2.02604990998
20010208,0.521215695591
20010209,1.84914036036
20010210,0.660372102056
20010211,0.343711959238
20010212,0.0241546929708
20010213,0.00183576449881
20010214,0.0234413913314
20010215,3.55294606871
20010216,0.255770317502
20010217,0.0200179348927
20010218,0.947437269323
20010219,6.90161821176
20010220,2.71007564123
20010221,4.63000552785
20010222,2.1420109369
20010223,0.144615303192
20010224,1.8366824275
20010225,2.65911598971
20010226,4.6653520353
20010227,1.98811089653
20010228,9.05053742071
20010301,13.1782996132
20010302,3.12825815106
20010303,0.127719143724
20010304,0.00175074620102
20010305,0.00210682862973
20010306,0.0131801553197
20010307,0.095339745179
20010308,0.884237673544
20010309,0.0836837773787
20010310,1.30666936298
20010311,0.22796027789
20010312,0.657375646758
20010313,1.43186223259
20010314,0.306941395923
20010315,0.286256886708
20010316,1.46127612315
20010317,0.0532438138081
20010318,0.0122470288461
20010319,5.11639048062
20010320,0.404957803374
20010321,0.011011375773
20010322,0.186741608108
20010323,0.109087311087
20010324,1.37973541627
20010325,2.23817261643
20010326,0.288858556697
20010327,0.791437221448
20010328,0.074877981827
20010329,0.138004789743
20010330,0.0218627476951
20010331,0.00539809296554
20010401,0.0275986175827
20010402,0.641745131379
20010403,0.0879748988397
20010404,2.86255645292
20010405,1.27939656686
20010406,0.0793455390347
20010407,0.00390734041267
20010408,0.118851629757
20010409,0.0509422334485
20010410,0.994310263949
20010411,0.104812872467
20010412,0.0657979315075
20010413,0.0177529641901
20010414,0.331602406353
20010415,0.216148082529
20010416,0.00372028768649
20010417,0.111912991612
20010418,0.0547913638124
20010419,0.215111778081
20010420,0.561026385353
20010421,0.036505444301
20010422,0.000728387828297
20010423,0.00143629651347
20010424,0.00021869479007
20010425,0.00491674533
20010426,0.00163208261501
20010427,1.31196375428
20010428,0.55623129722
20010429,0.191313113615
20010430,0.0774914201209
20010501,0.335820263825
20010502,3.70472632426
20010503,2.90112522967
20010504,0.0504655087966
20010505,0.117222322619
20010506,0.147789971201
20010507,0.208656626232
20010508,0.00391012234671
20010509,4.75434822043e-06
20010510,0.000323882207475
20010511,5.72230046177e-06
20010512,0.0
20010513,0.0
20010514,0.0
20010515,0.0
20010516,0.000469264991179
20010517,0.000306155512426
20010518,0.00707760392481
20010519,0.000124953010853
20010520,0.0
20010521,0.0110352569906
20010522,0.000194969205805
20010523,0.13685875584
20010524,0.00241799929283
20010525,0.0
20010526,8.28214479526e-05
20010527,0.000236935423405
20010528,0.0302105736332
20010529,0.0932967686538
20010530,0.0019794447738
20010531,6.01627624645e-06
20010601,0.000159981839761
20010602,0.000161012526918
20010603,2.79480682195e-06
20010604,0.0
20010605,0.00160512231905
20010606,2.83590526356e-05
20010607,0.0
20010608,0.0
20010609,0.0
20010610,0.0
20010611,0.000416792084186
20010612,0.000158264527431
20010613,0.00169535547388
20010614,0.00142193187949
20010615,2.45940936901e-05
20010616,0.000296069922557
20010617,0.000620749691759
20010618,0.000225265087468
20010619,0.00112383343712
20010620,0.00179405404608
20010621,0.000471531099351
20010622,0.000340844097748
20010623,0.000565378414319
20010624,0.000423594181423
20010625,2.17620624286
20010626,2.00570430528
20010627,0.113591793274
20010628,0.0462931698036
20010629,0.000793292147402
20010630,0.0972971382061
20010701,0.00171903072887
20010702,0.00131048000497
20010703,2.31533551945e-05
20010704,0.000711028192352
20010705,0.0197450747357
20010706,0.000348630944471
20010707,0.502214653779
20010708,0.0970615300048
20010709,0.00166351615928
20010710,1.86247127647e-06
20010711,0.000404861884067
20010712,7.15303670845e-06
20010713,0.0
20010714,0.000189296119706
20010715,3.34445484161e-06
20010716,0.000511065310559
20010717,9.02942348332e-06
20010718,0.000209795865542
20010719,3.70664077681e-06
20010720,0.0
20010721,0.000620388685703
20010722,0.000736601548748
20010723,0.00100182685203
20010724,0.00120613751094
20010725,0.0106667557958
20010726,0.00101450930951
20010727,2.27160736376e-05
20010728,9.91736134108e-05
20010729,0.00190551669839
20010730,1.02821963087
20010731,0.194666648119
20010801,0.00595249505423
20010802,5.0072546586e-05
20010803,0.0
20010804,0.0
20010805,0.0
20010806,0.0
20010807,0.000142711513951
20010808,0.00131415414882
20010809,0.000235076074616
20010810,3.74385664187e-06
20010811,0.0
20010812,0.0
20010813,0.0
20010814,0.0
20010815,0.0
20010816,0.00517270076171
20010817,0.000385347474935
20010818,0.00210771471331
20010819,0.000550267638152
20010820,9.06573538464e-06
20010821,0.0
20010822,0.0
20010823,0.0
20010824,0.0
20010825,0.00355540097001
20010826,0.0558809409891
20010827,0.464890361549
20010828,0.441555138342
20010829,0.0187202590357
20010830,0.112625189203
20010831,0.317559955498
20010901,0.0198148923155
20010902,0.00095697506128
20010903,0.000454887660569
20010904,7.81669133084e-06
20010905,0.0
20010906,0.0
20010907,0.0
20010908,0.000201147760484
20010909,3.55384706128e-06
20010910,0.0
20010911,0.00298341269251
20010912,0.222567657488
20010913,1.16920167911
20010914,3.24869432834
20010915,1.17188017212
20010916,0.376195938104
20010917,0.00629856886409
20010918,0.0
20010919,0.21133721896
20010920,1.10452229476
20010921,0.205840209516
20010922,0.0529074557713
20010923,0.000876578075398
20010924,0.0
20010925,0.00104103885801
20010926,0.00392408939332
20010927,6.90052405575e-05
20010928,0.164773933631
20010929,0.00291120018053
20010930,0.0
20011001,0.0
20011002,0.0
20011003,0.0
20011004,0.0
20011005,0.0
20011006,0.0
20011007,0.00245759591987
20011008,0.54312155363
20011009,0.648605182583
20011010,0.0112903214142
20011011,0.0710983861222
20011012,0.0224045358576
20011013,0.00133420828796
20011014,0.0896096910414
20011015,0.0019830542337
20011016,0.1701233934
20011017,0.111739317609
20011018,1.0507273427
20011019,2.21427446898
20011020,4.23356864284
20011021,2.71787166399
20011022,1.37975039463
20011023,0.0576721430042
20011024,0.0915898962758
20011025,0.547853560553
20011026,0.514609260483
20011027,0.367317219143
20011028,2.44742711822
20011029,1.36452961861
20011030,0.248281792324
20011031,0.499147818097
20011101,0.911820438624
20011102,0.091915728965
20011103,0.00134205648287
20011104,0.000116857011124
20011105,0.371263494006
20011106,2.17711771576
20011107,0.107024496392
20011108,6.42516825412
20011109,12.6920386744
20011110,2.46468588048
20011111,0.0407972954358
20011112,4.58858316307
20011113,3.99000018272
20011114,0.661908841386
20011115,0.237840942573
20011116,4.87257723343
20011117,3.9142606315
20011118,1.21874627058
20011119,2.12465373844
20011120,1.02673785034
20011121,0.898456910535
20011122,1.04039797303
20011123,0.352567402852
20011124,0.0297412984144
20011125,0.100087915031
20011126,0.123365467635
20011127,10.415662604
20011128,7.33020923384
20011129,0.930572244854
20011130,0.382931156484
20011201,0.739803851218
20011202,3.25842651035
20011203,1.99484546096
20011204,1.17779292001
20011205,0.44813344375
20011206,0.35091567452
20011207,3.94382520896
20011208,0.576706791684
20011209,0.294402734386
20011210,0.0333441278646
20011211,0.644070090352
20011212,12.587258908
20011213,0.551944336336
20011214,0.255133861887
20011215,1.19172710067
20011216,0.0813911897907
20011217,0.300595043139
20011218,0.555950876795
20011219,0.190399564146
20011220,1.38889078876
20011221,1.02744650883
20011222,0.0230034761504
20011223,0.27664435774
20011224,4.54267309222
20011225,0.488108188345
20011226,3.80495229315
20011227,0.328325404837
20011228,1.36739393448
20011229,0.362952597648
20011230,1.25687204835
20011231,0.21604789696
20020101,0.0058529955525
20020102,0.00328082935528
20020103,0.979169662557
20020104,0.15095562134
20020105,0.160394483186
20020106,0.00279210341473
20020107,0.0
20020108,1.18185448966
20020109,1.53988119483
20020110,0.0268708281106
20020111,0.0575172211875
20020112,0.296213577403
20020113,0.361458950027
20020114,1.57952389055
20020115,0.138562066193
20020116,0.0417984572236
20020117,0.00305891991801
20020118,0.448426780301
20020119,1.40629942994
20020120,0.10274641069
20020121,0.0132749263777
20020122,0.000210178885831
20020123,0.00300621631589
20020124,0.167822010299
20020125,0.560280259993
20020126,1.2552551239
20020127,1.57585959828
20020128,0.152589066342
20020129,0.887948380887
20020130,0.936087158155
20020131,2.2547340747
20020201,2.72307227444
20020202,0.599805138362
20020203,0.040921697248
20020204,0.000919235146523
20020205,0.0331982790215
20020206,0.0605340670349
20020207,0.841087239549
20020208,6.88584683517
20020209,0.366599193945
20020210,0.0043322146634
20020211,0.384840947209
20020212,0.0171300037635
20020213,0.0744084428933
20020214,0.277532768194
20020215,0.329993008906
20020216,4.52533683303
20020217,2.93325177785
20020218,0.750187734229
20020219,0.0468421772058
20020220,0.000609163864976
20020221,0.0
20020222,0.0634301888754
20020223,0.0867074277018
20020224,0.012822420101
20020225,0.000199828355089
20020226,0.34718544105
20020227,0.124867113251
20020228,0.0021021716485
20020301,0.0426751846753
20020302,0.0395747515321
20020303,0.208949893725
20020304,1.68965558578
20020305,0.100377592409
20020306,0.0247086817692
20020307,0.00208353950748
20020308,1.55274814251
20020309,0.294776230193
20020310,0.00472337466508
20020311,0.000415166071629
20020312,2.16495801878e-05
20020313,0.641894214972
20020314,0.705963853613
20020315,0.0140724102654
20020316,0.252124627382
20020317,0.0051048360284
20020318,0.000606013464956
20020319,1.82569484659e-05
20020320,2.76915327072e-05
20020321,0.00412259124196
20020322,0.365700743527
20020323,0.413250459482
20020324,0.0988646643819
20020325,0.0645669580588
20020326,0.00111214157736
20020327,0.00109277234894
20020328,1.93069306688e-05
20020329,0.457425810969
20020330,0.0127677379919
20020331,0.000180966191263
20020401,1.73453047575e-06
20020402,0.0
20020403,0.00640762210391
20020404,0.000113208862951
20020405,6.03350533518e-05
20020406,1.06599026711e-06
20020407,0.0380323654878
20020408,0.0401992600002
20020409,0.000698362354013
20020410,0.0121407974829
20020411,0.248151336405
20020412,0.902776190133
20020413,4.12226694346
20020414,0.733894989719
20020415,0.355794392447
20020416,0.262891458041
20020417,0.176001423311
20020418,0.0035671897422
20020419,0.168891896507
20020420,0.0883418407158
20020421,0.00270211864662
20020422,2.10958661248e-05
20020423,0.0
20020424,0.0
20020425,0.0
20020426,2.80904515021e-07
20020427,0.00323248954562
20020428,0.000167496372696
20020429,1.95027095496e-06
20020430,0.0
20020501,0.00154867808326
20020502,0.000231784291115
20020503,0.00826805938579
20020504,0.0228394516854
20020505,0.000565373653022
20020506,0.161975413829
20020507,0.00286170499555
20020508,0.00658558059645
20020509,0.00737762271245
20020510,0.00363817562542
20020511,0.000899076490946
20020512,1.47891232905e-05
20020513,5.68871025681e-05
20020514,0.000649324903834
20020515,0.00215331811515
20020516,3.78421128154e-05
20020517,0.000254897490952
20020518,0.0627615490546
20020519,0.201509837524
20020520,0.118450184777
20020521,0.0020302037058
20020522,0.00447609975099
20020523,0.465488146326
20020524,0.00864761703619
20020525,7.50604471464e-06
20020526,0.0
20020527,0.0
20020528,0.000253831719627
20020529,4.48465764541e-06
20020530,0.0
20020531,0.283049016186
20020601,5.36991285158
20020602,0.954742675146
20020603,0.0170533057456
20020604,5.04154263311e-05
20020605,3.10211324821e-07
20020606,0.000412474491672
20020607,0.00115598680328
20020608,0.00389818587763
20020609,0.000216800020428
20020610,7.58270360059e-05
20020611,1.29341189925e-06
20020612,0.0
20020613,0.0
20020614,0.736965963908
20020615,0.0130205995847
20020616,0.0
20020617,0.0
20020618,0.060612604748
20020619,0.00107089420322
20020620,0.0618327865148
20020621,1.84352623348
20020622,0.0599214716229
20020623,0.000483562536618
20020624,0.111988970756
20020625,0.0285922047908
20020626,0.0004702049264
20020627,5.69947248683e-05
20020628,0.000154608599982
20020629,0.00154242506865
20020630,0.105249185453
20020701,0.33956170976
20020702,0.0059664782775
20020703,0.000478512680953
20020704,0.000202154192634
20020705,0.000389443683508
20020706,6.82016555284e-06
20020707,0.0
20020708,0.000130113425442
20020709,0.00143298998351
20020710,0.000675790483334
20020711,0.0730585929822
20020712,0.00129058488915
20020713,0.00152764108429
20020714,2.6990119983e-05
20020715,0.0
20020716,0.0145672208608
20020717,0.256157048912
20020718,0.0680252527116
20020719,0.760282172118
20020720,0.465657799926
20020721,0.776085822209
20020722,1.22889824834
20020723,0.021472219726
20020724,0.0
20020725,0.0
20020726,0.0
20020727,0.0
20020728,0.0
20020729,0.0
20020730,0.000911661395091
20020731,0.0516389715084
20020801,0.00104801414408
20020802,2.40192998279e-06
20020803,0.0
20020804,0.0
20020805,0.0165817743131
20020806,0.000292964224089
20020807,0.315139758503
20020808,0.00602486830692
20020809,8.0746995654e-06
20020810,0.0
20020811,0.0158877495426
20020812,0.000280702262149
20020813,0.0
20020814,0.0
20020815,0.000181556014894
20020816,0.0112463664934
20020817,0.450815384018
20020818,0.411687475776
20020819,0.0355110455355
20020820,0.000501379440429
20020821,0.000213045781253
20020822,3.76405914385e-06
20020823,0.0
20020824,0.0
20020825,0.0
20020826,0.316120771473
20020827,0.514864967235
20020828,2.81493978841
20020829,0.0920793319818
20020830,1.4677564593
20020831,0.816520321674
20020901,0.347956314157
20020902,0.0074248217627
20020903,2.69253106718e-05
20020904,0.0029179002879
20020905,0.525685591491
20020906,0.203390192427
20020907,0.45170193129
20020908,0.141842888448
20020909,1.04411906983
20020910,1.31241715862
20020911,0.0292854922496
20020912,0.000113482230285
20020913,0.0
20020914,0.0
20020915,0.0
20020916,0.0
20020917,0.0
20020918,0.0
20020919,0.0
20020920,0.000159126076489
20020921,2.81141331768e-06
20020922,0.0
20020923,6.97410817659e-05
20020924,1.23217427496e-06
20020925,0.0
20020926,0.0289651555164
20020927,3.7305804495
20020928,1.92496330008
20020929,0.0443702243442
20020930,0.677619817062
20021001,0.0151841648462
20021002,0.000313265944835
20021003,0.109525351844
20021004,0.011597590259
20021005,0.419057834548
20021006,0.0105239914511
20021007,3.27118257401
20021008,0.903528740665
20021009,0.548914053942
20021010,0.102702908548
20021011,0.00164785830436
20021012,0.0
20021013,0.0
20021014,0.0
20021015,0.00390929453269
20021016,6.90688103329e-05
20021017,0.0
20021018,0.000224239929423
20021019,3.96183806481e-06
20021020,0.0324747910549
20021021,0.000908917828163
20021022,0.0467844904983
20021023,0.0840460246864
20021024,0.0386397174711
20021025,1.30173767021
20021026,0.0386204002091
20021027,0.249166980824
20021028,0.143620943489
20021029,3.16873710287
20021030,8.7376319564
20021031,4.88566726974
20021101,0.441942487802
20021102,0.338233871776
20021103,0.725704113772
20021104,0.0136795149864
20021105,2.05809376498
20021106,3.97148969514
20021107,0.841014909807
20021108,0.0143073126141
20021109,1.19567652519e-05
20021110,0.00670062164657
20021111,1.09893500671
20021112,0.0892345989491
20021113,0.00163562036831
20021114,0.0144190163436
20021115,0.334080111023
20021116,0.0197903030499
20021117,0.0176486038375
20021118,0.364584499675
20021119,0.391147406561
20021120,0.0198504750645
20021121,0.370851951078
20021122,0.421463041939
20021123,0.091236107133
20021124,1.47675828652
20021125,0.0673558237307
20021126,0.000729520848569
20021127,0.000804168777007
20021128,0.254490879035
20021129,0.474987853265
20021130,0.630108068044
20021201,0.0977291566677
20021202,0.170765161153
20021203,0.325492082258
20021204,0.00676750553344
20021205,0.551855960491
20021206,0.836202060183
20021207,1.12132067306
20021208,0.109316333937
20021209,0.151154309705
20021210,2.80451882879
20021211,0.392833189294
20021212,0.0164689965187
20021213,3.33700727225
20021214,1.40424786508
20021215,3.13582097973
20021216,2.65987800959
20021217,1.24651081039
20021218,2.42708632105
20021219,3.15461966413
20021220,0.321288830293
20021221,0.0233071105105
20021222,0.00110028896799
20021223,0.0263499622764
20021224,2.14109384571
20021225,5.02544766481
20021226,0.457825785226
20021227,2.64299614338
20021228,0.812162655841
20021229,1.76338498143
20021230,1.4554719958
20021231,0.0350193992463
20030101,0.00139876018175
20030102,2.16381930003e-05
20030103,0.0
20030104,0.00763453620379
20030105,2.27344831837
20030106,0.170738435166
20030107,0.00275077200946
20030108,0.165339232603
20030109,1.86565305885
20030110,18.0113726185
20030111,0.705382483177
20030112,0.016943872982
20030113,0.000396371083695
20030114,0.031323850244
20030115,0.0150514669139
20030116,0.581457849436
20030117,0.637338400676
20030118,0.831953361799
20030119,0.950280340979
20030120,0.0581822154292
20030121,0.435269029244
20030122,0.812664982539
20030123,0.0142223974568
20030124,0.972186099097
20030125,2.45573090715
20030126,4.2117024929
20030127,6.81492276194
20030128,0.153262288006
20030129,0.104541067469
20030130,0.173489551172
20030131,0.384645677631
20030201,0.191122339079
20030202,0.0182922126858
20030203,0.0282721251555
20030204,0.00170263692434
20030205,0.0453043751822
20030206,2.93566778363
20030207,0.532035849078
20030208,0.00956574016784
20030209,1.26740364551
20030210,0.583888366651
20030211,0.496006060885
20030212,0.00999821785875
20030213,0.0206347614645
20030214,0.0515881089924
20030215,0.235428592207
20030216,0.810809423857
20030217,6.9682317818
20030218,7.27695226679
20030219,1.30738045911
20030220,2.68244450932
20030221,12.6468051473
20030222,2.3508322714
20030223,0.135444878945
20030224,0.00948912979989
20030225,0.0174013528196
20030226,0.289039292242
20030227,0.280121466688
20030228,0.110621986312
20030301,0.0709386582028
20030302,0.279900603521
20030303,2.06037570825
20030304,5.27452709826
20030305,11.7809437536
20030306,13.6413477551
20030307,1.47093531264
20030308,0.394546920878
20030309,0.173843381436
20030310,0.696034641483
20030311,0.0127904238077
20030312,0.0167759396063
20030313,0.00029622450739
20030314,0.00635771399623
20030315,0.00124933738422
20030316,0.00291236193739
20030317,0.0011101824671
20030318,0.0180210585467
20030319,0.119848795724
20030320,1.11123512247
20030321,0.0507565908901
20030322,0.56071288911
20030323,0.563295288824
20030324,3.57965165823
20030325,3.30994095723
20030326,0.251096895918
20030327,0.0521089377127
20030328,0.000896801899426
20030329,6.47052826037e-07
20030330,0.000160228107426
20030331,0.00505167223527
20030401,0.000336640657679
20030402,0.0238875044253
20030403,0.000810666348334
20030404,2.47531280337e-05
20030405,0.0272817428722
20030406,0.0032589600489
20030407,0.00776074503096
20030408,0.0039433449535
20030409,0.000121650626342
20030410,0.00313879001548
20030411,0.53206402155
20030412,0.265536347506
20030413,0.611243620717
20030414,0.0249441396532
20030415,0.00245143347377
20030416,0.0471201154979
20030417,0.0230736238035
20030418,0.0189643049074
20030419,0.0529481955601
20030420,0.0582076425753
20030421,0.00268277296256
20030422,2.95193480531e-05
20030423,0.0752183627959
20030424,0.00200363478165
20030425,6.75979681186e-05
20030426,0.0708928807502
20030427,0.001282477935
20030428,5.29519129634e-07
20030429,0.0
20030430,0.0
20030501,0.000275430621117
20030502,4.86626579163e-06
20030503,0.0
20030504,0.0
20030505,0.00868455067995
20030506,0.076652000943
20030507,0.00187268907439
20030508,9.20714272753e-06
20030509,0.0
20030510,0.0
20030511,0.000152068313123
20030512,0.0315784074263
20030513,0.0045924750433
20030514,7.12826723293e-05
20030515,0.000349297184642
20030516,6.44009358941e-05
20030517,1.02879138536e-06
20030518,0.0
20030519,0.0
20030520,0.00133112367555
20030521,0.00793345911865
20030522,0.00297046123422
20030523,0.000271521866755
20030524,3.91359195076e-06
20030525,0.0
20030526,0.0
20030527,0.0
20030528,0.209612706613
20030529,0.00385627951718
20030530,2.70097563677e-06
20030531,0.00199388190221
20030601,3.52276032554e-05
20030602,0.0
20030603,0.0
20030604,0.471902885825
20030605,0.1768813855
20030606,0.463372714019
20030607,0.188277022866
20030608,0.281692548256
20030609,0.86395033147
20030610,1.6621334242
20030611,0.256057976506
20030612,0.042651115114
20030613,0.000682707196789
20030614,0.000318809058224
20030615,6.93739205581e-05
20030616,0.0826222799523
20030617,0.00145973768726
20030618,0.0
20030619,0.000419770105676
20030620,0.00176061685616
20030621,0.000488033064262
20030622,0.0236618211026
20030623,0.198678258361
20030624,0.277616755126
20030625,0.0540950495994
20030626,0.0527579353716
20030627,0.16649697191
20030628,0.504319984023
20030629,0.141339572012
20030630,0.111674857171
20030701,0.349608481855
20030702,0.00767104490318
20030703,0.000330583406986
20030704,5.3636168527e-06
20030705,0.0
20030706,0.00709086090895
20030707,0.000125280228208
20030708,0.0
20030709,0.0
20030710,0.0
20030711,0.0102293888869
20030712,0.000180731273432
20030713,0.0446144282054
20030714,0.0148618572601
20030715,0.000626224365635
20030716,0.000119181061657
20030717,0.000399880021431
20030718,7.02989685303e-06
20030719,0.00176328138684
20030720,0.000825880439381
20030721,0.0591478231449
20030722,0.00104476650062
20030723,0.0
20030724,0.000215990444515
20030725,8.83231002775e-05
20030726,0.000161859966696
20030727,0.000223164655812
20030728,0.000215374805469
20030729,0.00223614055416
20030730,0.0536708236312
20030731,0.000947550898626
20030801,0.000370837072832
20030802,0.00120505475104
20030803,0.0596670567646
20030804,0.00105381417396
20030805,0.0
20030806,1.01336469712
20030807,0.0189149163864
20030808,1.78612829223e-05
20030809,0.0
20030810,0.0123718392063
20030811,0.000218583737281
20030812,0.0528435852941
20030813,0.00968664745973
20030814,0.000228819134397
20030815,0.00355275579458
20030816,0.00436923553102
20030817,7.60863820733e-05
20030818,0.0
20030819,0.0140012872975
20030820,0.000427258398985
20030821,0.144438562898
20030822,0.175562421463
20030823,0.0101458145819
20030824,0.000445932269165
20030825,5.66578486629e-06
20030826,0.000200301147785
20030827,3.53888819737e-06
20030828,0.00185609561716
20030829,0.00902886894937
20030830,0.00039884409371
20030831,4.23856550185e-06
20030901,0.0
20030902,0.0
20030903,0.000611860357305
20030904,0.000314391073196
20030905,5.3636168527e-06
20030906,4.29463973071
20030907,0.0759184346701
20030908,7.31588979959e-07
20030909,0.0
20030910,0.0
20030911,0.0
20030912,0.0241403788791
20030913,2.48569837775
20030914,1.19417329618
20030915,0.15250710197
20030916,0.00233541370027
20030917,0.0
20030918,0.108825351729
20030919,0.0875134540843
20030920,0.044846681209
20030921,0.0140366958413
20030922,0.166041250041
20030923,0.0419660351738
20030924,0.000689692310134
20030925,0.00140929793235
20030926,2.48992531084e-05
20030927,0.131129451576
20030928,0.00418630450521
20030929,0.00249253685564
20030930,0.000592157118057
20031001,0.000219872216491
20031002,0.00174701932061
20031003,0.000128909977888
20031004,0.0462244783984
20031005,0.0258436844077
20031006,0.000442173651937
20031007,0.0
20031008,0.000216942732207
20031009,2.30345645197e-05
20031010,0.212742579678
20031011,0.333443139262
20031012,0.773350349591
20031013,1.24086117671
20031014,0.33710855735
20031015,1.50560163192
20031016,0.028531920418
20031017,3.58594786362e-05
20031018,1.98370387675
20031019,3.11226826239
20031020,10.771009804
20031021,5.28741350195
20031022,0.378145427808
20031023,0.00510756155788
20031024,0.000353724862181
20031025,0.143162310502
20031026,0.592209516163
20031027,8.84968806944
20031028,0.511229796077
20031029,0.0187156730969
20031030,0.000341062512493
20031031,0.0429028365456
20031101,0.0883737848165
20031102,0.807265771967
20031103,0.350045429483
20031104,0.574109898726
20031105,0.701188143914
20031106,5.37441682635
20031107,0.857784065242
20031108,0.0137390480199
20031109,4.55264737062e-06
20031110,0.149607147579
20031111,0.373577866831
20031112,0.810608868398
20031113,4.3210849977
20031114,1.03141490744
20031115,0.0298449530925
20031116,0.249428443558
20031117,0.181269706843
20031118,0.0059513208905
20031119,3.06601552626
20031120,0.164561804282
20031121,0.0596401965714
20031122,1.71794147455
20031123,0.817009763835
20031124,0.367212148872
20031125,1.31897968897
20031126,0.954922641348
20031127,0.637576170842
20031128,5.32109046484
20031129,4.67324231816
20031130,1.07782942199
20031201,0.0178926413152
20031202,4.93284939306e-06
20031203,0.0
20031204,0.0581843014926
20031205,0.102754256076
20031206,0.0115950182197
20031207,0.310188016569
20031208,0.0233931572252
20031209,3.58809447675
20031210,0.793428963919
20031211,1.30332049152
20031212,0.131627201447
20031213,4.4803603756
20031214,0.193933852666
20031215,5.75226042243
20031216,0.370913812748
20031217,0.00475842665868
20031218,2.69434108126
20031219,1.17040811339
20031220,0.0898503292453
20031221,0.306675965075
20031222,13.6730320021
20031223,1.14212285476
20031224,0.127292094406
20031225,2.97571965322
20031226,1.1280950874
20031227,6.11619401701
20031228,0.633643095686
20031229,0.0232115978297
20031230,0.00105491208596
20031231,0.193060086082
20040101,4.1082472698
20040102,0.0956777472861
20040103,0.652178328294
20040104,1.12043726488
20040105,0.0389992224397
20040106,0.0018708493959
20040107,0.496826867187
20040108,0.150140830689
20040109,0.518643027399
20040110,1.18934203369
20040111,2.27794484503
20040112,0.0527405171761
20040113,0.00156947574199
20040114,0.000389218067126
20040115,0.0124659947054
20040116,0.381468944035
20040117,3.61864970073
20040118,0.490520472169
20040119,0.313355137251
20040120,5.44405883483
20040121,4.23981917877
20040122,6.76608453187
20040123,6.2290366189
20040124,4.34043896329
20040125,2.10849886078
20040126,0.445744586255
20040127,1.27410359374
20040128,0.399197019852
20040129,0.149178960387
20040130,0.646937938306
20040131,0.402242111336
20040201,0.00884176757744
20040202,2.33792997676
20040203,1.45994813595
20040204,0.15452612671
20040205,0.658779444047
20040206,0.0557602815564
20040207,2.76655538354
20040208,1.83999514694
20040209,0.0656480940236
20040210,0.0146446576379
20040211,0.0080658503254
20040212,0.0549734716774
20040213,2.3213903323
20040214,4.81686847723
20040215,1.26797388951
20040216,1.35161098858
20040217,0.329341182128
20040218,0.0801263101328
20040219,0.373051137231
20040220,0.0153161451388
20040221,0.00674514962331
20040222,0.0783813630741
20040223,5.83260507322
20040224,12.1880029476
20040225,9.71398079752
20040226,4.20442026883
20040227,8.48371448556
20040228,5.76755891041
20040229,0.953113952352
20040301,0.157575976779
20040302,0.0392662645112
20040303,0.275839136867
20040304,4.2039964077
20040305,7.33140232315
20040306,24.4640558734
20040307,1.09692061782
20040308,0.191339184647
20040309,0.00891134661064
20040310,0.418441620072
20040311,0.0787900287791
20040312,6.3760122508
20040313,6.94107362714
20040314,2.08101254621
20040315,1.35102536871
20040316,0.142526375873
20040317,0.662730978387
20040318,0.230104508944
20040319,0.216991225547
20040320,0.277263296466
20040321,0.0753181104731
20040322,0.093368554209
20040323,4.31978179244
20040324,17.4197797216
20040325,3.76737521583
20040326,1.27344097008
20040327,0.0335179948552
20040328,0.166480714344
20040329,0.00498180296161
20040330,0.206621954268
20040331,0.152647233886
20040401,2.86002073892
20040402,0.0937667475932
20040403,0.00152290989574
20040404,0.000954595549915
20040405,2.10457980903
20040406,0.960851186562
20040407,2.85969121597
20040408,0.348281739677
20040409,0.00762814775245
20040410,0.0347162785746
20040411,3.50570357526
20040412,0.0782716460379
20040413,0.0229133110304
20040414,0.015645511758
20040415,0.0247163668745
20040416,0.000431925921008
20040417,0.000289828380638
20040418,5.12064302849e-06
20040419,0.132980210888
20040420,4.58288342256
20040421,0.30146706611
20040422,0.0400800610772
20040423,0.906025926995
20040424,0.0562370739428
20040425,0.000710968911223
20040426,0.0127555927035
20040427,2.10635157748
20040428,0.0442888406143
20040429,0.000125055285874
20040430,0.0
20040501,0.0
20040502,0.0
20040503,0.000308255826955
20040504,0.000635543097091
20040505,1.11324543383e-05
20040506,0.0
20040507,0.0
20040508,0.0
20040509,0.0
20040510,0.0
20040511,0.0
20040512,0.0
20040513,0.000708432369241
20040514,0.0928990455447
20040515,0.0017405021238
20040516,1.7561385765e-06
20040517,0.205242508745
20040518,0.247362889199
20040519,0.113472212601
20040520,0.0317851594679
20040521,0.0888263755419
20040522,0.00156005072875
20040523,0.0
20040524,0.0
20040525,0.0
20040526,0.0
20040527,0.0
20040528,0.0016738646391
20040529,2.95735752302e-05
20040530,0.0764795235299
20040531,0.00135122823789
20040601,0.0
20040602,0.0
20040603,0.002438446775
20040604,4.30820902681e-05
20040605,0.0
20040606,0.0
20040607,0.0
20040608,0.0
20040609,0.000533314363185
20040610,0.0320349875046
20040611,0.000565822542612
20040612,0.0
20040613,0.0
20040614,0.0
20040615,0.0128584963092
20040616,0.0517277050083
20040617,0.000909903223851
20040618,0.000128260038249
20040619,2.26607981112e-06
20040620,0.0
20040621,0.168486729885
20040622,0.00394654441695
20040623,1.71333375072e-05
20040624,0.0
20040625,0.000139347126994
20040626,2.46196419392e-06
20040627,0.0
20040628,0.0
20040629,0.00253137431636
20040630,0.11405564908
20040701,0.132866408083
20040702,0.0124373348691
20040703,0.163768028167
20040704,0.00289026725514
20040705,0.133069968235
20040706,0.0540500830421
20040707,0.00333423413979
20040708,0.00684393553721
20040709,0.000398326093939
20040710,0.00615315546383
20040711,0.000108626156403
20040712,1.99173774448e-07
20040713,3.51897100993e-09
20040714,0.0869187892333
20040715,0.0249344763395
20040716,0.000413406506199
20040717,0.0
20040718,0.0
20040719,0.0
20040720,0.0
20040721,0.00339869034888
20040722,0.000183997740172
20040723,2.18993335257e-06
20040724,0.0
20040725,0.0
20040726,0.0
20040727,0.194066148649
20040728,1.64681424453
20040729,0.53310444742
20040730,0.0090039792608
20040731,1.73427547515e-06
20040801,0.0
20040802,0.0815645464135
20040803,0.00150849678287
20040804,1.19129109972e-06
20040805,0.0
20040806,0.0
20040807,0.0
20040808,0.0
20040809,0.0058591402783
20040810,0.0122825108498
20040811,0.0563833535933
20040812,0.000992370625725
20040813,0.0242735197654
20040814,0.0479821305354
20040815,0.0624726919394
20040816,0.00108891387531
20040817,0.0476434940083
20040818,0.195600845609
20040819,0.00344097309928
20040820,0.0213424653541
20040821,0.000377075354542
20040822,0.0
20040823,0.0
20040824,0.0
20040825,0.0
20040826,2.00677243917
20040827,0.0691804044969
20040828,0.161595755013
20040829,0.00284452116753
20040830,0.0
20040831,0.0
20040901,0.0161323613079
20040902,0.188354950629
20040903,0.351811024106
20040904,0.0068071807008
20040905,0.0346699748021
20040906,0.000612340774754
20040907,0.161390987087
20040908,0.00285143066148
20040909,0.0
20040910,0.107551972563
20040911,0.0019002115923
20040912,0.0
20040913,0.0
20040914,0.0259761200513
20040915,0.213879192674
20040916,0.0283688563111
20040917,0.0246805878537
20040918,0.000428374415133
20040919,0.0
20040920,0.100235379249
20040921,0.018089494901
20040922,0.0215821900353
20040923,0.000376216890004
20040924,0.0373502102972
20040925,0.000729788318408
20040926,1.23481664338e-06
20040927,3.91821981539
20040928,0.160000373352
20040929,0.0148223512269
20040930,0.000593677404442
20041001,6.36278734165e-06
20041002,0.0
20041003,0.0
20041004,0.0115263690165
20041005,0.00696446319585
20041006,0.190871954236
20041007,0.0035076108404
20041008,2.42801096448e-06
20041009,0.0234244480011
20041010,0.000413859479911
20041011,3.37383007328
20041012,1.8312717823
20041013,11.7653709029
20041014,1.37966389224
20041015,0.0221161936974
20041016,0.0458960030878
20041017,0.00131231528373
20041018,0.141827390969
20041019,0.0935078956632
20041020,0.00308856182291
20041021,0.00334503383854
20041022,0.00862092964095
20041023,0.0799951162459
20041024,0.482424750299
20041025,0.0704884247041
20041026,0.917663461
20041027,6.65119777922
20041028,2.51501537562
20041029,0.173931610865
20041030,0.128005063415
20041031,0.00666854895519
20041101,7.85873593468e-05
20041102,0.0
20041103,0.0
20041104,0.00534504355274
20041105,0.00306212450228
20041106,0.194360893343
20041107,2.47236578134
20041108,1.31655623932
20041109,0.652756607316
20041110,0.520102036799
20041111,0.805314970463
20041112,5.83801584863
20041113,0.325940954901
20041114,0.712918729199
20041115,2.80773930259
20041116,0.312997891939
20041117,0.00466744268598
20041118,0.115665459332
20041119,1.16465975613
20041120,0.247009116088
20041121,0.322502852414
20041122,4.40959306424
20041123,2.4351986384
20041124,2.78947267287
20041125,0.0493795091102
20041126,1.46891625589e-05
20041127,0.297031466461
20041128,1.61882539236
20041129,1.04080167651
20041130,0.114526925894
20041201,1.31783124612
20041202,1.46698641546
20041203,6.14025116969
20041204,0.381214564139
20041205,1.07244966517
20041206,1.31305142621
20041207,4.91864256732
20041208,7.71283397372
20041209,14.7916491198
20041210,3.01380756547
20041211,0.441679957109
20041212,0.757497551715
20041213,0.0663344318464
20041214,0.0809789249058
20041215,3.40843349841
20041216,0.243683872777
20041217,1.31741234464
20041218,0.0541296556688
20041219,2.03412317725
20041220,0.86940888854
20041221,0.110691607822
20041222,0.291290140255
20041223,0.123789812542
20041224,3.99066437724
20041225,0.337028233546
20041226,0.0541369108657
20041227,0.0232480178202
20041228,0.280841315771
20041229,0.499705494841
20041230,0.250155673269
20041231,0.0368027913126
20050101,0.140950126977
20050102,0.141986982656
20050103,0.328221520544
20050104,0.499857531855
20050105,0.387305446528
20050106,0.124844756438
20050107,0.018049635746
20050108,0.60629020273
20050109,1.85022913286
20050110,2.6559420662
20050111,0.0553353764789
20050112,0.0598395092647
20050113,3.60573653846
20050114,0.157344964583
20050115,0.26764946951
20050116,4.40537823874
20050117,1.78926323279
20050118,0.305466918015
20050119,2.75767985781
20050120,0.307497453989
20050121,5.24392484761
20050122,5.06779967129
20050123,4.26387087681
20050124,1.21597589466
20050125,0.073307901559
20050126,0.291989567018
20050127,0.596460814771
20050128,0.0178463230623
20050129,0.305798921017
20050130,0.228318311366
20050131,0.587054270072
20050201,0.0477868061611
20050202,0.434596241774
20050203,0.00766667797527
20050204,0.000595223245433
20050205,1.05163100599e-05
20050206,0.0449074124309
20050207,0.000865005783484
20050208,0.0131537855143
20050209,0.0827766897357
20050210,0.299656130596
20050211,1.02589176594
20050212,4.93666388034
20050213,0.29440732557
20050214,0.166238355578
20050215,0.0507244776983
20050216,0.0416553132786
20050217,0.00249336841759
20050218,0.000363660090993
20050219,0.274193832214
20050220,3.70839825961
20050221,7.6584044545
20050222,3.96519838767
20050223,1.0887831089
20050224,4.5128674827
20050225,0.128359698714
20050226,0.830285736311
20050227,0.170363749101
20050228,0.020785760478
20050301,0.183672401418
20050302,0.425602181089
20050303,0.731693747197
20050304,3.28035301838
20050305,0.163756778985
20050306,0.00367703994396
20050307,0.0160049838847
20050308,0.000282210524257
20050309,0.0205371214594
20050310,1.05553627576
20050311,2.31830557459
20050312,0.684870248592
20050313,0.0123426564824
20050314,1.10146767832
20050315,0.657368186872
20050316,0.736140608449
20050317,0.224133454207
20050318,0.018404579523
20050319,0.00892943014507
20050320,0.000247033234435
20050321,0.000858992153616
20050322,0.706254304507
20050323,2.15096941369
20050324,0.169525155873
20050325,0.0472338481115
20050326,0.0978841452527
20050327,0.435707796494
20050328,3.09087589417
20050329,4.84154450319
20050330,0.205441332727
20050331,0.00215861843649
20050401,0.00922242530093
20050402,1.48476190954
20050403,4.97517388121
20050404,1.48237292657
20050405,0.291717937476
20050406,0.00471859392332
20050407,0.0175860660121
20050408,1.30966908115
20050409,0.0468697547401
20050410,0.00370314827251
20050411,0.00158734937846
20050412,0.00121068735956
20050413,0.000141459100271
20050414,0.0607048275822
20050415,0.00347913041254
20050416,0.0673263171081
20050417,0.171182366227
20050418,0.0202793839942
20050419,0.0674558310676
20050420,0.373163970276
20050421,1.31995195205
20050422,0.323136320666
20050423,2.0591786104
20050424,1.66088720589
20050425,1.00306819219
20050426,2.6656994026
20050427,0.239904034474
20050428,0.00413227614089
20050429,0.000146461642083
20050430,2.36277999288e-06
20050501,0.00122967234723
20050502,2.17256593362e-05
20050503,0.0
20050504,0.0
20050505,0.032439586055
20050506,0.000573137519437
20050507,0.0180374459054
20050508,0.000318682778966
20050509,0.0167164101846
20050510,0.000295342924581
20050511,0.0
20050512,0.0
20050513,0.0
20050514,0.0
20050515,0.306665244714
20050516,0.114128718375
20050517,0.103365423883
20050518,0.322404699427
20050519,0.0056645297116
20050520,0.00976806900225
20050521,0.064715782349
20050522,0.00121367582267
20050523,1.29569929144e-06
20050524,0.0
20050525,0.0302938620767
20050526,0.000789070113933
20050527,4.48485583814e-06
20050528,0.0
20050529,0.0
20050530,0.0
20050531,0.0
20050601,0.0
20050602,0.0
20050603,0.0
20050604,0.0
20050605,0.0
20050606,0.000717897531022
20050607,0.00140048806714
20050608,2.45195189823e-05
20050609,0.0
20050610,0.0010573320979
20050611,0.0068359209732
20050612,0.000120445939649
20050613,0.0
20050614,0.0
20050615,0.0
20050616,0.0
20050617,0.0
20050618,0.0
20050619,0.0
20050620,0.0
20050621,0.0
20050622,0.0
20050623,0.00139404317203
20050624,0.243750140542
20050625,0.0772351507907
20050626,0.00128849914396
20050627,0.0
20050628,0.0
20050629,0.00671317935791
20050630,0.000118607407419
20050701,0.0
20050702,0.0
20050703,0.0163199637772
20050704,0.105391289165
20050705,0.00224673934018
20050706,0.00025065197613
20050707,0.0158726577667
20050708,0.0550619586798
20050709,0.0030975391313
20050710,3.76266064794e-05
20050711,4.20453492725e-06
20050712,0.00440874232001
20050713,0.00170735044173
20050714,0.000611936941314
20050715,1.03029654983e-05
20050716,0.0
20050717,0.0
20050718,0.0
20050719,0.0
20050720,0.0
20050721,0.0
20050722,0.0
20050723,0.0
20050724,0.0
20050725,0.0
20050726,0.0
20050727,0.0
20050728,0.0501815029711
20050729,0.00223403008855
20050730,2.38061977235e-05
20050731,0.0
20050801,0.0
20050802,0.0
20050803,0.0
20050804,0.021576606594
20050805,0.000381212104361
20050806,0.0
20050807,0.0
20050808,0.0
20050809,0.0
20050810,0.0731514729719
20050811,0.442463534117
20050812,0.00779454257156
20050813,0.0201949468823
20050814,0.000356801171628
20050815,0.0
20050816,0.0
20050817,0.000120044378791
20050818,2.12092590314e-06
20050819,0.00368045320379
20050820,6.50256553545e-05
20050821,0.0
20050822,0.0
20050823,0.0
20050824,0.0
20050825,0.0
20050826,0.00917069223268
20050827,0.329851679619
20050828,0.280398198635
20050829,0.0999175476723
20050830,0.00167961886047
20050831,0.063273060576
20050901,0.00127502229969
20050902,2.77603784081e-06
20050903,0.00841944765272
20050904,0.0179677982573
20050905,0.000314824110479
20050906,0.0
20050907,0.0104140054765
20050908,0.0138624717559
20050909,0.000241669212638
20050910,0.0
20050911,0.0
20050912,0.0
20050913,0.0
20050914,0.0
20050915,0.0
20050916,0.0
20050917,0.0
20050918,0.0
20050919,0.0
20050920,0.0
20050921,0.0
20050922,0.0
20050923,0.0
20050924,0.0708421270363
20050925,0.023758474797
20050926,0.0185567067516
20050927,0.035619949782
20050928,2.19804316965
20050929,0.136046704043
20050930,0.00171772139288
20051001,0.0617369293933
20051002,0.00109075844414
20051003,0.0
20051004,0.0
20051005,0.0
20051006,0.0494980182189
20051007,0.0541780171053
20051008,0.0254624415764
20051009,0.000634565807447
20051010,0.0934028208838
20051011,0.00247486468073
20051012,0.00112355713987
20051013,0.00317767610393
20051014,0.444219639213
20051015,0.187539500027
20051016,0.165750967979
20051017,0.0680888898759
20051018,0.0185696600643
20051019,0.107320192455
20051020,0.721155876724
20051021,0.602788245672
20051022,0.011385711308
20051023,1.69657768573e-05
20051024,0.0
20051025,0.0
20051026,0.174016870186
20051027,0.104803196752
20051028,0.0373589884284
20051029,0.359520160885
20051030,0.285229483894
20051031,0.0844828175218
20051101,0.146584225462
20051102,0.147479728175
20051103,0.223857987403
20051104,0.105011980092
20051105,2.36390514682
20051106,9.82465909737
20051107,7.78223521583
20051108,0.254615837857
20051109,0.0106070857552
20051110,0.0214336341944
20051111,0.474284608411
20051112,0.866221405743
20051113,0.120875553926
20051114,0.760288203449
20051115,2.70077395425
20051116,0.0474801124384
20051117,0.0133636345331
20051118,0.493350862131
20051119,1.12992630188
20051120,2.15852889421
20051121,0.347462524785
20051122,0.643545687538
20051123,1.47992045675
20051124,0.306446652738
20051125,1.05743827526
20051126,1.74905237092
20051127,3.97421562558
20051128,1.90840909355
20051129,0.510793683546
20051130,2.72701450833
20051201,5.3971654164
20051202,7.78415987497
20051203,0.904746330998
20051204,1.701625291
20051205,1.12304491278
20051206,1.87161812079
20051207,4.05148848703
20051208,0.250574568353
20051209,5.49613705903
20051210,2.16581211284
20051211,0.0422906808993
20051212,0.195701142098
20051213,0.439581970559
20051214,0.00770545215167
20051215,0.0285086434957
20051216,0.194006268986
20051217,0.522794263667
20051218,6.71112760174
20051219,1.22351715528
20051220,0.687807216194
20051221,7.54211819123
20051222,0.180327147302
20051223,0.0196161732402
20051224,0.274142128996
20051225,2.14577195929
20051226,1.33384769364
20051227,0.10893145324
20051228,0.0119407138796
20051229,5.61866740044
20051230,1.33005787308
20051231,0.756854229732
20060101,0.0136094805744
20060102,0.512520826152
20060103,1.28083912253
20060104,5.0877161997
20060105,1.26195905293
20060106,5.45534491598
20060107,8.81390941256
20060108,2.16199743992
20060109,10.7741954452
20060110,4.90016234867
20060111,4.29860021356
20060112,1.99885184044
20060113,0.901728771563
20060114,0.477091553263
20060115,0.101609448169
20060116,3.22358739868
20060117,1.05783879639
20060118,0.158776140252
20060119,0.051572856863
20060120,4.1124112011
20060121,0.202654709297
20060122,0.0804383168065
20060123,0.623212944996
20060124,7.58921277396
20060125,0.564580090801
20060126,0.304761434133
20060127,0.780300756524
20060128,0.104150070023
20060129,1.40134796155
20060130,3.69380353381
20060131,0.857724638258
20060201,0.70305795077
20060202,0.551245840572
20060203,0.056505875071
20060204,0.448101560667
20060205,0.437916797037
20060206,1.94556010129
20060207,3.43474938441
20060208,7.14984613927
20060209,5.34915546646
20060210,8.21019046348
20060211,5.39922503222
20060212,0.979510465926
20060213,1.79610194085
20060214,1.10263393824
20060215,1.60824355238
20060216,1.97929819211
20060217,0.568586687075
20060218,0.054174449532
20060219,0.105389691697
20060220,0.130173532953
20060221,2.30062378431
20060222,4.47087407597
20060223,0.426723789404
20060224,0.15629961676
20060225,0.151756183683
20060226,6.21101429669
20060227,10.0419307053
20060228,7.86229199745
20060301,3.22606300521
20060302,0.731262614238
20060303,3.43342261077
20060304,5.15035848862
20060305,1.87531349145
20060306,3.05956835065
20060307,0.397166748569
20060308,0.62692760781
20060309,0.314519704263
20060310,0.158826613924
20060311,0.0848716597632
20060312,0.118410118914
20060313,3.1753277966
20060314,5.00695532269
20060315,0.840048127623
20060316,0.0721895750903
20060317,1.59774901253
20060318,1.55707319081
20060319,0.122014368605
20060320,0.636722714476
20060321,0.919451867044
20060322,1.04990133606
20060323,1.78973379897
20060324,0.142413796075
20060325,0.0626658508038
20060326,0.0645359573985
20060327,0.0345901483
20060328,11.2107307928
20060329,4.02591609571
20060330,0.171630591007
20060331,0.00290585095373
20060401,1.88760503714e-05
20060402,0.0
20060403,0.0
20060404,0.0
20060405,0.0019234594294
20060406,3.39833821682e-05
20060407,0.0
20060408,0.0
20060409,0.389693680003
20060410,0.28309082975
20060411,0.0494639649377
20060412,0.15670506314
20060413,0.302990172905
20060414,0.132438284347
20060415,0.00383674991903
20060416,0.0251267857415
20060417,0.00719383182114
20060418,0.239856502953
20060419,1.22531641381
20060420,0.351017795283
20060421,0.0489308110248
20060422,0.05529166846
20060423,0.530113100325
20060424,1.69469265619
20060425,0.1834133958
20060426,0.330120743161
20060427,0.0627366341221
20060428,0.294766985125
20060429,0.0141637932992
20060430,0.000158545446733
20060501,0.412899486182
20060502,0.970593988284
20060503,0.118812943145
20060504,0.130929296974
20060505,0.779091364717
20060506,0.466405921502
20060507,0.296527461845
20060508,0.0220104800652
20060509,0.00381116684371
20060510,0.00688043917463
20060511,0.000127281062891
20060512,1.20404546513e-07
20060513,0.0
20060514,0.0
20060515,0.00071567481997
20060516,0.0674123947867
20060517,0.020398108482
20060518,0.804345443896
20060519,0.777775359451
20060520,0.176208230357
20060521,0.00644593405817
20060522,0.0243583032871
20060523,0.867349879462
20060524,0.121883890089
20060525,0.0512718357134
20060526,0.00588813796535
20060527,0.00289185092884
20060528,4.95271545404e-05
20060529,0.0
20060530,0.0
20060531,0.0
20060601,0.0
20060602,0.0
20060603,0.0
20060604,0.0912178023257
20060605,0.038972840417
20060606,0.000660092231283
20060607,0.0
20060608,0.167329079187
20060609,0.19823581406
20060610,0.0146423989744
20060611,0.000409343895158
20060612,0.000149423692786
20060613,0.0523441174981
20060614,0.0640057835568
20060615,0.0219671676632
20060616,0.000368421580077
20060617,0.0
20060618,0.195243812668
20060619,0.020258989002
20060620,0.140098150126
20060621,0.0560960276243
20060622,0.0434071897259
20060623,0.0258458294387
20060624,0.000443386171003
20060625,0.0
20060626,0.00856499571296
20060627,0.0674355060643
20060628,0.0087100477975
20060629,2.48220667519
20060630,0.162829005075
20060701,0.141978497659
20060702,0.0024713152872
20060703,0.0
20060704,0.0
20060705,0.0
20060706,0.0
20060707,0.0
20060708,0.0
20060709,0.0
20060710,0.0
20060711,0.0
20060712,0.00100203355938
20060713,0.015093622444
20060714,0.0447162545781
20060715,0.000785333814215
20060716,0.0
20060717,0.0
20060718,0.0
20060719,0.0
20060720,0.0
20060721,0.00412775747373
20060722,7.29285760416e-05
20060723,0.0976108871891
20060724,0.00172457397215
20060725,0.162000696315
20060726,0.00887490341815
20060727,0.00201616349686
20060728,0.00156107558862
20060729,0.0703244220386
20060730,0.0150720810695
20060731,0.000244347646221
20060801,0.174795734682
20060802,2.35344876707
20060803,0.237790125147
20060804,0.0275561982697
20060805,0.125197629552
20060806,0.00534148165099
20060807,0.0266329665887
20060808,0.000469567882363
20060809,0.0
20060810,0.00646601614357
20060811,0.00011424056005
20060812,0.0
20060813,0.0
20060814,0.0
20060815,0.0
20060816,0.187239333203
20060817,0.00601618312149
20060818,4.78457223342e-05
20060819,0.0
20060820,0.000545483259512
20060821,9.63751441105e-06
20060822,0.00559293254564
20060823,0.0616589729501
20060824,0.462015117628
20060825,2.15053691121
20060826,0.240045079173
20060827,0.385873987804
20060828,0.00675444640024
20060829,0.0
20060830,0.0
20060831,0.000148661512423
20060901,0.00500901687545
20060902,0.00655242902666
20060903,0.0867679145608
20060904,0.0136898369433
20060905,0.00021482072924
20060906,0.0
20060907,0.0
20060908,0.0
20060909,0.0
20060910,0.00343368049509
20060911,6.066573065e-05
20060912,0.000809723051483
20060913,0.000193263555235
20060914,3.1617927586e-06
20060915,0.0
20060916,7.03532866698e-05
20060917,0.52439709106
20060918,1.2155547024
20060919,0.0394266671687
20060920,0.00032003758336
20060921,0.0
20060922,0.00102446449537
20060923,0.00209542923597
20060924,3.67019305087e-05
20060925,0.0
20060926,0.0
20060927,0.000765288968115
20060928,0.384666882037
20060929,0.115047052369
20060930,0.190423650781
20061001,0.0109903797576
20061002,0.148736787347
20061003,3.32836071962
20061004,0.931738246213
20061005,0.0269843844767
20061006,0.277341615075
20061007,0.0488589127103
20061008,0.117151267506
20061009,0.143654165758
20061010,0.377442064722
20061011,0.0368030581036
20061012,0.0256724622447
20061013,0.00373253347866
20061014,0.01280385663
20061015,0.000225190075377
20061016,0.0584774505351
20061017,0.667529816068
20061018,0.124607958713
20061019,1.61881119752
20061020,1.3138805718
20061021,0.539434869607
20061022,0.586251551552
20061023,0.268822279487
20061024,0.00465254832654
20061025,1.46976004025e-06
20061026,0.00631857682086
20061027,1.85939463965
20061028,0.611836168191
20061029,0.0339309695446
20061030,0.302339504363
20061031,0.255344078913
20061101,1.67929051615
20061102,1.59809983705
20061103,1.24047438139
20061104,0.875814190007
20061105,0.78310883451
20061106,4.33714871479
20061107,0.14118533146
20061108,0.00331057879139
20061109,0.0224420037886
20061110,0.36582295494
20061111,0.0934323864829
20061112,0.0624962076986
20061113,0.498339188553
20061114,0.391882575666
20061115,0.21795715073
20061116,0.155648400194
20061117,0.806762114859
20061118,1.08809891188
20061119,5.42818731361
20061120,0.82000225644
20061121,0.0127991709442
20061122,2.30219313713
20061123,3.70635642697
20061124,0.154420415532
20061125,0.258495825253
20061126,1.24411566077
20061127,0.030791637043
20061128,0.000267508902815
20061129,0.845576064514
20061130,0.0149394712694
20061201,0.229795913533
20061202,1.94514062126
20061203,2.11994486807
20061204,1.91608053257
20061205,2.58036308232
20061206,0.0553738726701
20061207,0.000183233677438
20061208,0.0170298175098
20061209,0.0494833864657
20061210,0.693267213412
20061211,11.4616227776
20061212,0.622789448218
20061213,0.00742938892122
20061214,0.0
20061215,0.0178850725126
20061216,0.0467184150037
20061217,2.65595776496
20061218,1.14740171004
20061219,3.95861044022
20061220,7.728169401
20061221,0.284862681687
20061222,1.42103707935
20061223,0.181069298453
20061224,0.559189085009
20061225,1.12854805273
20061226,2.04098685853
20061227,1.19929174355
20061228,0.525907346268
20061229,4.79733495088
20061230,2.78017386316
20061231,5.31456843721
20070101,10.66360063
20070102,1.44166614337
20070103,0.0597393027962
20070104,0.0589392690965
20070105,0.0270963400616
20070106,0.000460543050912
20070107,0.000573084515261
20070108,2.46144078834
20070109,0.145225800719
20070110,0.00338059126105
20070111,0.417785427315
20070112,0.058432442455
20070113,0.219363543814
20070114,1.48813002376
20070115,2.409198885
20070116,0.615033035406
20070117,2.03990622021
20070118,1.48934563775
20070119,1.24131204294
20070120,0.430562253479
20070121,0.167104300561
20070122,0.0102578830867
20070123,0.00520588567564
20070124,0.810501744538
20070125,0.0186079605981
20070126,0.0101133219981
20070127,0.00851969189789
20070128,0.509733599582
20070129,0.076207741309
20070130,0.065200971884
20070131,1.12031359992
20070201,0.0260232785293
20070202,0.0662112788679
20070203,0.144983382197
20070204,0.205397197075
20070205,0.779607196677
20070206,1.00049317441
20070207,2.74705618589
20070208,1.78625811446
20070209,0.320816466405
20070210,0.381399174047
20070211,1.86653678804
20070212,2.75843360458
20070213,0.0553185666275
20070214,0.0458177664895
20070215,0.000807265049602
20070216,0.0168797019189
20070217,0.224598983523
20070218,0.0966596888846
20070219,3.05413703438
20070220,1.20637328742
20070221,0.0277566856321
20070222,0.299865578485
20070223,0.987104474725
20070224,0.0572976308539
20070225,3.93896900141
20070226,5.85698652204
20070227,0.984623945758
20070228,0.0155896274853
20070301,0.00164672989896
20070302,2.90941669134e-05
20070303,0.00192590613181
20070304,0.0164928787208
20070305,0.330457174166
20070306,0.419441559266
20070307,2.4439524088
20070308,0.430398473411
20070309,0.00820312635168
20070310,0.00306160920658
20070311,0.0600872242478
20070312,0.00620097818294
20070313,0.219421671113
20070314,0.536041021923
20070315,0.747186113398
20070316,0.207206159169
20070317,0.275988466721
20070318,0.527931402356
20070319,0.204420501927
20070320,0.196804747668
20070321,0.00342663706175
20070322,0.000487829782738
20070323,0.00418788819421
20070324,0.0450760302247
20070325,0.202581143446
20070326,0.142794171412
20070327,0.926024766293
20070328,9.94135059783
20070329,1.55687270148
20070330,6.01355439454
20070331,5.22204467981
20070401,0.756175249505
20070402,0.405939106728
20070403,1.34564258535
20070404,0.466671237413
20070405,1.03663631921
20070406,0.266027618834
20070407,0.92342770715
20070408,1.23890333988
20070409,0.266156294199
20070410,0.0281918057966
20070411,0.00262158963592
20070412,3.88664313636e-05
20070413,0.49603610118
20070414,0.144527736604
20070415,0.00243954415064
20070416,0.119336426772
20070417,0.0232321202808
20070418,0.193414515243
20070419,0.0410726559125
20070420,0.183514257895
20070421,0.00604999097393
20070422,0.0132476297393
20070423,1.26862219962
20070424,0.182853914099
20070425,0.0218504300781
20070426,0.0932632425567
20070427,0.335458465736
20070428,0.138217969609
20070429,0.428664367631
20070430,0.0107598368119
20070501,5.70241270867e-05
20070502,0.0577619527352
20070503,0.00102052922095
20070504,0.0
20070505,0.0
20070506,0.00107368150484
20070507,1.89696374938e-05
20070508,0.00728337781364
20070509,0.00980687486022
20070510,0.000170992804886
20070511,0.000171046290342
20070512,3.02201863076e-06
20070513,0.0
20070514,0.0
20070515,0.00351732526435
20070516,6.21435504828e-05
20070517,0.0
20070518,0.0915428951499
20070519,0.00699393312181
20070520,0.0759828832094
20070521,0.148466533692
20070522,0.0132602191172
20070523,0.173045025601
20070524,0.0292901925563
20070525,0.0130741756363
20070526,0.020376048813
20070527,0.00735457914128
20070528,0.000123648670089
20070529,0.0607250175203
20070530,0.0284801200145
20070531,0.00048422684139
20070601,0.0
20070602,0.841307683468
20070603,0.254791325405
20070604,0.195387795868
20070605,0.0052740861248
20070606,3.59229620515
20070607,0.200225670471
20070608,0.00349491176963
20070609,0.00324060162186
20070610,0.0188431650734
20070611,0.000331912482388
20070612,0.00121405632842
20070613,2.14497600228e-05
20070614,0.0
20070615,0.0
20070616,0.0
20070617,0.00235928951834
20070618,4.16835589731e-05
20070619,0.0
20070620,0.00253126359352
20070621,0.0164951065613
20070622,0.000290642862927
20070623,0.0
20070624,0.0
20070625,0.0
20070626,0.0
20070627,0.0374317066898
20070628,0.050573463914
20070629,0.000881839661526
20070630,0.0
20070701,0.00748994775695
20070702,0.00013233122196
20070703,0.145704518183
20070704,0.135673947514
20070705,0.156245370503
20070706,0.0449015776034
20070707,0.00211908169461
20070708,7.78366231126e-05
20070709,9.46367544918e-07
20070710,0.0239247450767
20070711,0.000422698694781
20070712,0.0
20070713,0.00113865178106
20070714,2.01175220234e-05
20070715,0.0399837165053
20070716,0.000706426012226
20070717,0.00010658835517
20070718,1.88318578589e-06
20070719,0.0
20070720,0.000648464457855
20070721,0.000292852258732
20070722,0.00709302240245
20070723,0.0001252305903
20070724,0.108825503299
20070725,0.00241509394835
20070726,8.69932336666e-06
20070727,0.0
20070728,0.0
20070729,0.0
20070730,0.00462982912062
20070731,0.0253594909172
20070801,0.00485556134342
20070802,0.00129739472467
20070803,0.00106695466775
20070804,1.84701189277e-05
20070805,0.213249761103
20070806,0.1461481225
20070807,0.00251555576358
20070808,0.0784850125199
20070809,0.00138666092944
20070810,0.0
20070811,0.00148081652758
20070812,2.61628397259e-05
20070813,0.00370573606481
20070814,0.00040294127167
20070815,0.00014667113441
20070816,0.00496465433548
20070817,0.083833242431
20070818,0.0014796037057
20070819,0.0
20070820,0.0
20070821,0.0
20070822,0.000540778376639
20070823,9.34409295986e-05
20070824,0.00564259535589
20070825,0.0516492339748
20070826,0.20719063667
20070827,0.00364452058058
20070828,0.00336723464753
20070829,0.0213244954297
20070830,0.000375706787156
20070831,0.0
20070901,0.0
20070902,0.0
20070903,0.0
20070904,0.0
20070905,0.0
20070906,0.0
20070907,0.0
20070908,0.0
20070909,0.0
20070910,0.0
20070911,0.0
20070912,0.0
20070913,0.0
20070914,0.0
20070915,0.0
20070916,0.0
20070917,0.0148334416929
20070918,0.000263072478664
20070919,0.0223922583897
20070920,0.00631903905788
20070921,0.0882477451903
20070922,0.00155729839417
20070923,0.0
20070924,0.0
20070925,0.0125909364496
20070926,0.158733272002
20070927,0.458676105956
20070928,8.87389585373
20070929,4.14930250265
20070930,3.20292536006
20071001,1.1368519823
20071002,0.215978153947
20071003,8.98368517918
20071004,0.538105290165
20071005,1.1998612747
20071006,8.44579136037
20071007,1.57161128256
20071008,1.45693452488
20071009,3.05004998322
20071010,0.0844361446004
20071011,6.48315721924
20071012,0.188393791729
20071013,0.00130494777151
20071014,0.127255431627
20071015,0.355676937945
20071016,1.48338136246
20071017,0.503086145096
20071018,0.37390899025
20071019,1.45359129247
20071020,0.776870563417
20071021,0.0347314008169
20071022,0.000379107741311
20071023,0.00839253019369
20071024,0.0306969744159
20071025,3.48686480925
20071026,2.82384564686
20071027,0.524713418546
20071028,0.057503921496
20071029,0.00259230250563
20071030,0.0661445693596
20071031,1.45691616297
20071101,2.00904932941
20071102,0.65168381332
20071103,0.0543323157556
20071104,0.479178891031
20071105,1.89372562624
20071106,4.40640583162
20071107,12.3445576857
20071108,1.22314936107
20071109,1.62771052122
20071110,0.0297997690089
20071111,0.0216857557534
20071112,0.00996381540396
20071113,0.00016927734792
20071114,0.0
20071115,0.0701995293773
20071116,0.0255365086623
20071117,4.98223660443
20071118,1.17640005548
20071119,0.0427569526841
20071120,0.427010412028
20071121,4.15714857981
20071122,1.29027799667
20071123,4.44410238751
20071124,10.5467004217
20071125,2.3741079303
20071126,0.412690837053
20071127,0.406722616787
20071128,5.29586575355
20071129,1.06340741802
20071130,0.0346746682228
20071201,3.58569836381
20071202,0.468317362245
20071203,0.953943253328
20071204,5.35438296446
20071205,3.89964930643
20071206,0.2479834056
20071207,4.96201043653
20071208,1.42742372067
20071209,1.28928792248
20071210,0.492393832061
20071211,0.285710954758
20071212,3.41971685689
20071213,1.34721150022
20071214,0.336920268571
20071215,0.676454160172
20071216,2.38086118784
20071217,10.0825713293
20071218,5.92172822486
20071219,2.93787271969
20071220,0.642762802792
20071221,0.407547602541
20071222,0.185278027234
20071223,0.00792207131294
20071224,0.0076832279985
20071225,1.50720568554
20071226,1.12822079039
20071227,1.13632172179
20071228,0.989820456507
20071229,1.57910164709
20071230,0.661886533054
20071231,0.0633974536997
20080101,0.0202621598026
20080102,0.0479571841692
20080103,0.00117271393363
20080104,7.11199340439
20080105,0.356197632718
20080106,0.281097558037
20080107,0.259675853065
20080108,6.11761811308
20080109,11.2718275558
20080110,4.09862098252
20080111,4.52134511992
20080112,0.0895967636662
20080113,0.110577877581
20080114,0.410261120229
20080115,0.334569542246
20080116,0.036541840191
20080117,3.2815051953
20080118,2.86496952219
20080119,1.31872244666
20080120,0.266408798034
20080121,0.518896782025
20080122,4.12823868796
20080123,5.58294927978
20080124,3.19552417096
20080125,3.23611342275
20080126,1.43478014452
20080127,0.447586741122
20080128,0.0308431994333
20080129,0.322119232766
20080130,0.224347631613
20080131,0.00697046408594
20080201,0.061735184414
20080202,0.0210723190567
20080203,0.0543884446596
20080204,0.0448866530684
20080205,0.544957103611
20080206,0.0795267682284
20080207,0.0520954691172
20080208,0.0828715650909
20080209,0.398829219866
20080210,0.100895597755
20080211,0.0153144303695
20080212,0.000714477730301
20080213,0.361209934261
20080214,0.396672519187
20080215,1.99846807095
20080216,0.0761051298871
20080217,0.000723211898283
20080218,4.82268818094e-09
20080219,0.0
20080220,0.132988215843
20080221,0.0219273289926
20080222,0.065839356892
20080223,0.448959808267
20080224,0.757045203945
20080225,1.28124308945
20080226,0.689482659182
20080227,1.770532149
20080228,0.75891902038
20080229,6.14294713652
20080301,3.30341482772
20080302,0.0721965853391
20080303,0.398405541017
20080304,0.200967412301
20080305,1.02736758243
20080306,0.0881692141542
20080307,0.00806261948419
20080308,0.00586647282749
20080309,0.0517709613791
20080310,0.00142909643253
20080311,0.0640428715514
20080312,1.79119105878
20080313,1.71334909215
20080314,2.74200674382
20080315,0.473395229906
20080316,4.58061773477
20080317,1.64497092473
20080318,0.807488501695
20080319,0.222076046763
20080320,0.137597785412
20080321,0.134662430551
20080322,0.0421872222406
20080323,0.0228106931646
20080324,0.182834145956
20080325,0.00322338450998
20080326,2.50935301006e-05
20080327,0.116770339993
20080328,0.0910432608767
20080329,0.0817407877281
20080330,0.785798718075
20080331,0.262735564608
20080401,0.0913668512044
20080402,0.00373636986971
20080403,0.124378628315
20080404,0.00219681560741
20080405,0.0737357544561
20080406,0.0415455196519
20080407,0.00585690529686
20080408,0.503243528994
20080409,0.367682679593
20080410,0.0238612644724
20080411,0.00771241993761
20080412,0.64678357872
20080413,0.688939327625
20080414,1.53487586989
20080415,0.166470168078
20080416,0.120836767856
20080417,0.00635459256928
20080418,0.0017978736958
20080419,0.162257831614
20080420,0.00355965626064
20080421,0.296786066338
20080422,0.00591032000415
20080423,1.17838572038e-05
20080424,0.00536469613438
20080425,9.4782621946e-05
20080426,0.000968185585625
20080427,0.0123231643608
20080428,0.010844743689
20080429,0.0825818519601
20080430,0.00163534186472
20080501,0.00112259050103
20080502,2.91725624762
20080503,0.0706094632367
20080504,1.71314291187
20080505,0.184676884287
20080506,0.00272818533556
20080507,0.000138527537665
20080508,2.44748278684e-06
20080509,0.0
20080510,0.0
20080511,0.000732054109503
20080512,0.365466504036
20080513,0.00645677640723
20080514,0.0
20080515,0.00308900961541
20080516,0.249296133473
20080517,2.7329254163
20080518,0.129559138652
20080519,0.827188559872
20080520,1.26517095495
20080521,0.0220950820088
20080522,0.0
20080523,0.000357094816531
20080524,0.00940476228584
20080525,0.010458363857
20080526,0.289677140306
20080527,0.0825016150813
20080528,0.00699816441219
20080529,0.00490806614918
20080530,0.00300490813152
20080531,5.15892426564e-05
20080601,0.0
20080602,0.00042493767877
20080603,0.0611598556378
20080604,1.52927082621
20080605,0.0466217770142
20080606,0.140040887706
20080607,0.00370190353346
20080608,0.0197277981851
20080609,0.0658222198572
20080610,0.00420005394311
20080611,5.37679867073e-05
20080612,0.0262202529295
20080613,0.0199317743231
20080614,0.000343966760129
20080615,0.0
20080616,0.0
20080617,0.0
20080618,0.0127993704776
20080619,0.0274107944563
20080620,0.00048029432189
20080621,0.363161913455
20080622,0.0387450782856
20080623,0.0138497269105
20080624,0.000234603293252
20080625,0.0
20080626,0.0
20080627,0.000666817513604
20080628,0.000248559571523
20080629,0.000104501805402
20080630,0.0809922642491
20080701,0.00143092742855
20080702,0.0
20080703,0.00873312724739
20080704,0.000154295525338
20080705,0.0
20080706,0.00021534070031
20080707,3.80460559868e-06
20080708,0.00986782199742
20080709,0.0284208321296
20080710,0.000499054539953
20080711,0.0
20080712,0.0702803946574
20080713,0.0718606737101
20080714,0.162598799686
20080715,0.00285072633319
20080716,0.0683925461956
20080717,0.00156666021704
20080718,0.00389490386475
20080719,6.87027000458e-05
20080720,0.0
20080721,0.00261966314248
20080722,0.0026092729068
20080723,0.0165700257798
20080724,0.33712078342
20080725,0.174321798104
20080726,0.00970937971652
20080727,0.0124656146269
20080728,0.000218138302186
20080729,0.0125892818397
20080730,0.000222425456594
20080731,0.0
20080801,0.0
20080802,0.0
20080803,0.0
20080804,0.0447502257652
20080805,0.000817343909005
20080806,4.71800354299e-07
20080807,0.0
20080808,0.0379816871425
20080809,0.0146567601706
20080810,0.000247097276106
20080811,0.00799963545736
20080812,0.00014133632832
20080813,0.0
20080814,0.0
20080815,0.0
20080816,0.0104865526572
20080817,0.00954261692949
20080818,0.0150259388316
20080819,0.313792800043
20080820,0.00553940377966
20080821,0.0
20080822,0.0
20080823,0.0
20080824,0.0
20080825,0.0
20080826,0.0
20080827,0.0
20080828,0.0
20080829,0.0
20080830,0.000616543169575
20080831,0.0190154802975
20080901,0.00293461468784
20080902,4.59159893178e-05
20080903,0.000123795126334
20080904,5.48923074204e-05
20080905,9.31185722806e-07
20080906,0.0
20080907,0.0
20080908,0.0
20080909,0.0
20080910,0.0
20080911,0.000218402303099
20080912,0.0259400140921
20080913,0.0667173956804
20080914,0.00117065650635
20080915,0.0
20080916,0.0
20080917,0.0
20080918,0.000109576765425
20080919,1.93598575993e-06
20080920,0.0133632214723
20080921,0.171847742601
20080922,0.00303200810485
20080923,0.0
20080924,0.0
20080925,0.291284308654
20080926,0.0774658100986
20080927,0.364844778967
20080928,0.0221912513914
20080929,0.00748989577502
20080930,0.000127408352728
20081001,0.0
20081002,0.00812324796498
20081003,0.0175449513703
20081004,0.0085077428542
20081005,0.00014488158173
20081006,0.0298313462553
20081007,0.000600843646719
20081008,0.1401217871
20081009,0.0570461273776
20081010,0.0844258124049
20081011,0.00203489965672
20081012,0.00123549153908
20081013,2.16535673277e-05
20081014,0.0
20081015,0.00774335213573
20081016,0.0116247042481
20081017,0.001595160051
20081018,3.02196476185
20081019,0.358782246895
20081020,0.562976233056
20081021,2.19015029665
20081022,0.238666275721
20081023,1.57013234365
20081024,0.0706596674477
20081025,0.243565248126
20081026,0.461786561389
20081027,0.0194315226207
20081028,0.00859270749899
20081029,0.258289059014
20081030,1.10487808338
20081031,0.391208385427
20081101,0.348582730511
20081102,0.90025672909
20081103,0.448698478993
20081104,5.27856408157
20081105,0.849031997437
20081106,0.419699589813
20081107,1.1057438975
20081108,14.820134066
20081109,1.92557842539
20081110,0.240622340671
20081111,0.951031483195
20081112,2.35781500628
20081113,4.86146672514
20081114,3.94149432774
20081115,2.36300916419
20081116,1.17008352221
20081117,0.0984229276007
20081118,1.0283166445
20081119,2.66223248263
20081120,1.03229898514
20081121,1.25241356962
20081122,0.372326102168
20081123,0.0886139832204
20081124,0.871500962242
20081125,0.077766170682
20081126,0.242063296265
20081127,0.438934987616
20081128,0.0520765533274
20081129,0.00594197450293
20081130,0.107510100399
20081201,1.16128314242
20081202,0.0223653986035
20081203,0.0262422279451
20081204,2.80217685715
20081205,0.516873588447
20081206,1.60878558162
20081207,0.615563419622
20081208,0.017898633863
20081209,0.234648491877
20081210,0.103889451005
20081211,0.55213823946
20081212,0.444053206411
20081213,2.10080413672
20081214,0.537529794486
20081215,0.386442731118
20081216,2.31913619086
20081217,0.946134770396
20081218,1.09666330746
20081219,0.123742108049
20081220,0.00222440458765
20081221,0.0066533978314
20081222,0.0159304824087
20081223,0.0962071108126
20081224,5.7195190924
20081225,13.170671008
20081226,2.85171904622
20081227,0.894659280874
20081228,5.61027791261
20081229,3.6570003037
20081230,2.36998676371
20081231,4.95074666859
20090101,2.54980968432
20090102,0.938495644684
20090103,0.704965717739
20090104,2.41755898758
20090105,0.731002636849
20090106,0.100649463329
20090107,0.19161082681
20090108,0.446609821129
20090109,0.667656288802
20090110,5.19920006256
20090111,5.75231706568
20090112,1.05354919747
20090113,1.14222339026
20090114,9.14682391127
20090115,3.83302893027
20090116,0.954585076414
20090117,0.0180509863716
20090118,0.484788677728
20090119,0.475844728171
20090120,0.0338168003199
20090121,0.109618483751
20090122,0.339374569653
20090123,0.350358100236
20090124,0.901066395476
20090125,0.598418032528
20090126,0.195711076157
20090127,1.88953738065
20090128,0.0
20090130,0.0
20090131,0.0
20090201,0.0
20090202,0.0
20090204,0.0
20090205,0.0
20090206,0.0
20090207,0.0
20090210,0.0
20090211,0.0
20090212,0.0
20090213,0.0
20090214,0.0
20090215,0.0
20090217,0.0
20090218,0.0
20090219,0.0
20090220,0.0
20090222,0.0
20090223,0.0
20090226,0.0
20090227,0.0
20090228,0.0
20090302,0.0
20090303,0.0
20090304,0.0
20090305,0.0
20090306,0.0
20090307,0.0
20090308,0.0
20090310,0.0
20090311,0.0
20090312,0.738409923674
20090313,1.22947550874
20090314,0.0525613634664
20090315,1.27238832699
20090316,1.54752775718
20090317,0.030291589279
20090318,1.59210845426
20090319,2.24416398683
20090320,0.705940870974
20090321,0.131946028746
20090322,0.0488543779477
20090323,0.00082564166917
20090324,0.0
20090325,0.0
20090326,0.000622195010895
20090327,0.0411481061533
20090328,0.0211857726044
20090329,0.00386840469437
20090330,0.281505358207
20090331,0.041013775797
20090401,0.120099639542
20090402,0.014659514985
20090403,0.00313534503925
20090404,0.0880224695941
20090405,0.00155425771724
20090406,0.0
20090407,0.00665395159614
20090408,0.0728444421579
20090409,0.00128492717911
20090410,0.00704102990981
20090411,0.000247144775829
20090412,2.16863854364e-06
20090413,0.000508443631324
20090414,0.0497774702358
20090415,0.00314202052477
20090416,3.99773609574e-05
20090417,0.0
20090418,0.0
20090419,0.0
20090420,0.0
20090421,0.242706769812
20090422,0.0296263651766
20090423,0.00386897326156
20090424,0.000534364768088
20090425,0.00739507567506
20090426,0.23068230871
20090427,0.144746259702
20090428,0.00263544039267
20090429,2.6511200914e-06
20090430,0.0
20090501,0.0263807695664
20090502,0.153628125143
20090503,3.84158916798
20090504,1.59236235477
20090505,0.87566294799
20090506,0.0592336788606
20090507,0.515885999314
20090508,5.81745989693
20090509,0.894791328878
20090510,0.0215708573708
20090511,0.0204855990483
20090512,0.00685971528786
20090513,0.000114843530992
20090514,0.0
20090515,0.0
20090516,0.045884957578
20090517,0.0236046629428
20090518,0.262691670125
20090519,0.0225874190509
20090520,0.000317196758872
20090521,0.0433452653436
20090522,0.000789479314757
20090523,0.00122724234338
20090524,0.0970319026121
20090525,0.0495338884895
20090526,0.000844875044258
20090527,0.0
20090528,0.0
20090529,0.0
20090530,0.0
20090531,0.0
20090601,0.000121942453947
20090602,2.15446024259e-06
20090603,0.0
20090604,0.0350877723357
20090605,0.102536826545
20090606,0.392321002971
20090607,0.244043636858
20090608,0.0509005900151
20090609,6.82234532869
20090610,1.97511634087
20090611,3.88421376191
20090612,0.0728999911939
20090613,0.000139310457961
20090614,0.0143414040272
20090615,0.000253364964706
20090616,0.0221521203572
20090617,0.0011239596358
20090618,0.129046659633
20090619,0.0494516983815
20090620,0.543947549199
20090621,0.00959588038896
20090622,3.96313844375e-09
20090623,0.0216804524797
20090624,0.133852884744
20090625,0.0103624126087
20090626,0.00735629930388
20090627,0.0145683880029
20090628,0.035535461288
20090629,0.0519349762633
20090630,0.0391636931354
20090701,0.0538826924699
20090702,0.0250561472767
20090703,0.0633703336106
20090704,0.0363506372063
20090705,1.63884202666
20090706,1.50728744013
20090707,0.0338988414071
20090708,0.000392585179101
20090709,4.50768173989e-06
20090710,0.0351388818823
20090711,0.0161218256872
20090712,0.000273869206767
20090713,0.0
20090714,0.0
20090715,0.0155551481029
20090716,0.0523755517553
20090717,0.00341437533779
20090718,0.00164015548257
20090719,0.00886991576569
20090720,0.0483983410139
20090721,0.00197226230861
20090722,0.0262669885251
20090723,0.0657295004369
20090724,0.117530200126
20090725,0.351271465729
20090726,0.0922484666988
20090727,0.041149796326
20090728,0.0209427630185
20090729,0.027660695943
20090730,0.00171550875413
20090731,2.17866179063e-05
20090801,1.64868499503
20090802,0.350377295635
20090803,0.0694910068274
20090804,0.00346733172079
20090805,0.00125331655891
20090806,2.14130099856e-05
20090807,0.194455945152
20090808,0.0200599753675
20090809,0.000293716560759
20090810,0.00240436820039
20090811,4.24800117659e-05
20090812,0.0111491371662
20090813,0.000196981219768
20090814,0.00391436558839
20090815,0.000551656204052
20090816,8.52469797712e-06
20090817,0.023159467129
20090818,0.000409177849237
20090819,0.00178715898799
20090820,0.0984766507593
20090821,0.0799982182154
20090822,0.0387021981284
20090823,0.0137847514931
20090824,0.000231897471098
20090825,6.36146261019e-05
20090826,1.12393321338e-06
20090827,0.134779479822
20090828,0.32590366304
20090829,0.00571594341632
20090830,0.0
20090831,0.000199966303218
20090901,3.53297315393e-06
20090902,0.00214202689257
20090903,3.78450024038e-05
20090904,0.0
20090905,0.0
20090906,0.0
20090907,0.0
20090908,0.0
20090909,0.000728136893364
20090910,0.00429423625114
20090911,0.192678045918
20090912,0.008422639215
20090913,0.0193574437753
20090914,0.00931254655392
20090915,0.0766646997284
20090916,0.00391397151977
20090917,0.00677176871723
20090918,0.000451007157238
20090919,0.0303903708052
20090920,0.000536828738194
20090921,0.0
20090922,0.0
20090923,0.315348354889
20090924,0.00725118566259
20090925,3.53159570036
20090926,0.514933251969
20090927,0.0452109542393
20090928,0.457983839337
20090929,3.25307876262
20090930,0.352007480977
20091001,0.0113186795249
20091002,0.237658185569
20091003,0.563916811662
20091004,4.16017873156
20091005,0.234836886194
20091006,0.0251476731584
20091007,0.00039388929494
20091008,0.0080427255007
20091009,0.000142097618008
20091010,0.23728088087
20091011,0.0613873241179
20091012,0.479024086002
20091013,1.89172289521
20091014,0.405582953978
20091015,0.0180053751506
20091016,0.0125207996995
20091017,0.0623626624666
20091018,3.53623198139
20091019,0.240032005515
20091020,0.101357565547
20091021,0.00293963692394
20091022,0.232577970664
20091023,0.230075218902
20091024,0.248869624433
20091025,0.105964315219
20091026,1.28302392849
20091027,0.063029485696
20091028,0.171753004332
20091029,0.614614501227
20091030,4.60850817319
20091031,1.95710869783
20091101,2.35638306815
20091102,1.05038100356
20091103,0.320474386128
20091104,0.0234931947215
20091105,1.22947291507
20091106,0.197843031947
20091107,3.11112340996
20091108,0.205889475613
20091109,1.09368217103
20091110,1.80963392203
20091111,0.408754633537
20091112,2.8227932151
20091113,2.27190096347
20091114,4.19702932009
20091115,0.672610653907
20091116,1.3575912795
20091117,0.87325502482
20091118,0.111900076739
20091119,1.3772790591
20091120,18.6867278403
20091121,5.61125098985
20091122,0.94829781647
20091123,0.0157312648869
20091124,0.00557495504216
20091125,9.83021821281e-05
20091126,0.0116891565693
20091127,0.1263511872
20091128,2.52227397532
20091129,0.265027095477
20091130,8.5043229
20091201,5.40580355946
20091202,1.30768576679
20091203,0.220986997333
20091204,8.56574283624
20091205,0.245533383308
20091206,0.887539245908
20091207,0.102311242655
20091208,0.709721170837
20091209,1.07842041607
20091210,0.510346419458
20091211,8.14595944383
20091212,0.675838468365
20091213,0.00963216810341
20091214,5.5003406902
20091215,0.469668767369
20091216,0.0149809528693
20091217,0.700359613966
20091218,0.0265820031897
20091219,1.19093397093
20091220,3.0693073586
20091221,3.89046604826
20091222,0.121046875615
20091223,0.000941029255866
20091224,0.00489415539595
20091225,0.112342961888
20091226,1.0892706771
20091227,3.61832220534
20091228,0.721424560768
20091229,1.28814873255
20091230,1.27543581664
20091231,0.074934473879
20100101,0.0378119793427
20100102,0.0268005581485
20100103,4.4031081701
20100104,1.3784131499
20100105,3.42179358665
20100106,0.242727199332
20100107,0.0040651534407
20100108,0.900803432807
20100109,0.516554285219
20100110,0.0232446003288
20100111,0.000663814901441
20100112,0.0633350391944
20100113,0.0934855435651
20100114,0.00602038124516
20100115,0.0432887641762
20100116,2.34614051122
20100117,0.399193854494
20100118,0.0801022746525
20100119,0.0173430218187
20100120,5.48522565936
20100121,2.87803607862
20100122,0.57660529679
20100123,0.415125759742
20100124,1.92619243005
20100125,1.36438498534
20100126,3.46098547192
20100127,4.39410940376
20100128,4.71750204233
20100129,1.7033592085
20100130,2.24140275902
20100131,0.0471737652305
20100201,0.11835082898
20100202,0.0958781020859
20100203,0.351113013897
20100204,0.0689128806539
20100205,1.0630068691
20100206,0.0330417065535
20100207,0.00350537427643
20100208,0.00091796914801
20100209,0.00629612074656
20100210,0.0282782518108
20100211,0.0246371559366
20100212,0.257686369772
20100213,0.0271181251697
20100214,0.865743484735
20100215,0.384201171133
20100216,0.188433509894
20100217,5.91642044192
20100218,8.13423998526
20100219,1.81199346434
20100220,2.9577689315
20100221,0.411231540541
20100222,0.0796199309029
20100223,0.669572311967
20100224,0.0754900022145
20100225,0.183103934868
20100226,0.158347840527
20100227,1.79966566694
20100228,1.00592134156
20100301,0.0236018678133
20100302,0.000112903203634
20100303,0.824432410215
20100304,0.602846825729
20100305,0.177716494861
20100306,0.222560321075
20100307,0.00602613449516
20100308,0.107404826816
20100309,0.0402382072736
20100310,0.00598502321367
20100311,0.0104039158417
20100312,0.00254356003648
20100313,0.180217016016
20100314,0.30476120154
20100315,1.53947494829
20100316,0.0453529579286
20100317,0.091216815125
20100318,1.61901757911
20100319,0.937232533195
20100320,0.267528584835
20100321,2.77321340973
20100322,0.177259010622
20100323,0.002285587825
20100324,0.10961303003
20100325,0.0682603732526
20100326,0.33099729688
20100327,1.80709551943
20100328,0.0643731869153
20100329,1.67945053164
20100330,0.0913330311099
20100331,0.414191374118
20100401,1.46688762276
20100402,2.07960737652
20100403,5.45050972287
20100404,1.47490724254
20100405,6.00213491778
20100406,4.41159047206
20100407,1.35839530275
20100408,2.11720655118
20100409,2.13606666877
20100410,0.596737943706
20100411,0.429203759875
20100412,0.0112101204196
20100413,6.71680595036e-05
20100414,0.0
20100415,0.0
20100416,0.0
20100417,1.09516249673
20100418,0.0503176931531
20100419,0.289440282327
20100420,1.65367518706
20100421,1.29460025381
20100422,0.0226696644201
20100423,0.388956021425
20100424,2.86307477304
20100425,3.18673569217
20100426,1.68583202617
20100427,1.16965945276
20100428,0.461497221631
20100429,0.00779754093291
20100430,0.643072075825
20100501,0.109555123756
20100502,0.0678701300231
20100503,0.0181980250613
20100504,0.730416836457
20100505,0.0151180057956
20100506,3.91948812912e-05
20100507,0.065142266881
20100508,0.217927310809
20100509,0.139504337893
20100510,0.245397876738
20100511,0.00708756693449
20100512,0.00610743514543
20100513,0.000435482795866
20100514,5.80300034485e-06
20100515,0.0
20100516,0.00978987579026
20100517,0.00108666865005
20100518,1.61431572214e-05
20100519,0.0
20100520,0.0209139164674
20100521,0.00259439855884
20100522,0.691301425391
20100523,1.96019116307
20100524,0.034975235065
20100525,9.87042357578e-06
20100526,0.0
20100527,0.0038051834983
20100528,6.72293897779e-05
20100529,0.0
20100530,2.61373371641
20100531,0.312348900544
20100601,0.329651331765
20100602,0.0102704696473
20100603,0.0273754031753
20100604,0.000713012852836
20100605,0.00443699440336
20100606,0.00123930894242
20100607,2.05121722623e-05
20100608,0.00879650684995
20100609,0.000155415297892
20100610,0.0356157276438
20100611,0.0107625761975
20100612,0.00573028193372
20100613,0.000107985621226
20100614,1.75036046328e-07
20100615,0.0
20100616,0.0827877511106
20100617,0.350358513015
20100618,0.156309618771
20100619,0.0947607942902
20100620,0.0454425871065
20100621,0.0396770686321
20100622,0.0218461938163
20100623,0.00148602181759
20100624,0.00868833654527
20100625,0.00376719014788
20100626,0.0205328613087
20100627,0.0776869335821
20100628,0.00597952699245
20100629,0.245364319096
20100630,0.0523512520088
20100701,0.000848368211019
20100702,0.162137316788
20100703,0.00989109119622
20100704,0.000943558694187
20100705,0.0697729743846
20100706,0.0081139847778
20100707,0.000121581328951
20100708,0.0271254326404
20100709,0.000479247957947
20100710,0.0
20100711,0.0
20100712,0.00175247696818
20100713,0.0650325831689
20100714,0.0288453246888
20100715,0.000489344270642
20100716,0.00165892593563
20100717,2.9309638901e-05
20100718,0.00142855805133
20100719,0.00639526058015
20100720,0.00194833178797
20100721,0.0210126864849
20100722,1.05105947795
20100723,0.0186289948269
20100724,0.00245015903619
20100725,4.32685507557e-05
20100726,0.0250313524357
20100727,0.000442250028716
20100728,0.00697416469703
20100729,0.0107142733799
20100730,0.70329069219
20100731,0.0366631711301
20100801,0.0137654568729
20100802,0.000294069149954
20100803,6.02883737686e-05
20100804,0.000135668942544
20100805,0.0024473830883
20100806,4.31979565002e-05
20100807,0.0075072107166
20100808,0.003398406754
20100809,5.76991238853e-05
20100810,0.0108480646004
20100811,0.0415361833987
20100812,0.00533981363788
20100813,0.145878829621
20100814,0.0389502859819
20100815,0.029165863161
20100816,0.06464156149
20100817,0.00143361828635
20100818,5.308211723e-06
20100819,0.0
20100820,0.000126859524592
20100821,0.000132131998352
20100822,0.000571227922723
20100823,1.00518193566e-05
20100824,0.000116278693859
20100825,0.0571222312338
20100826,0.00405519938435
20100827,0.00518387376045
20100828,9.06370424797e-05
20100829,0.0
20100830,0.000227327575737
20100831,4.01638853263e-06
20100901,0.00371126409765
20100902,6.55700290113e-05
20100903,0.00074047767482
20100904,1.30826456311e-05
20100905,0.0
20100906,0.0
20100907,0.0
20100908,0.00137358673279
20100909,2.42683189626e-05
20100910,0.0171459799883
20100911,0.392638393426
20100912,0.0176158392238
20100913,0.000188765304449
20100914,0.00304803716918
20100915,0.000275185014044
20100916,3.91047267829e-06
20100917,0.002440379709
20100918,8.35184326917e-05
20100919,7.13819505549e-07
20100920,0.0
20100921,0.0
20100922,0.000394228469246
20100923,6.96516769494e-06
20100924,0.0
20100925,0.0
20100926,0.0
20100927,0.0
20100928,0.0100147369686
20100929,0.00730943197806
20100930,0.000126015780656
20101001,0.0
20101002,0.0
20101003,0.0462217174095
20101004,0.000909732379222
20101005,0.0180975167113
20101006,0.000319965783344
20101007,0.152205445049
20101008,0.174871134619
20101009,0.121907634968
20101010,0.297724454987
20101011,0.0118069024018
20101012,0.00700320714455
20101013,0.00865129151286
20101014,0.774398649368
20101015,0.411105532183
20101016,0.174764921331
20101017,0.0188971265662
20101018,0.000281509986378
20101019,0.0
20101020,0.910798643086
20101021,0.0177951243989
20101022,0.0683442350087
20101023,0.316110287336
20101024,0.145307350842
20101025,1.40967684095
20101026,1.43130759204
20101027,0.231728623902
20101028,1.63191880118
20101029,2.76952820971
20101030,0.384516868394
20101031,0.545638905912
20101101,5.20035054115
20101102,0.167842017312
20101103,0.0373827765752
20101104,0.408688459972
20101105,0.731800762778
20101106,10.8480811691
20101107,3.18366301548
20101108,0.972542172578
20101109,1.3516871617
20101110,4.60391674973
20101111,0.358609083562
20101112,0.0639705883391
20101113,0.0827058068704
20101114,1.29868154625
20101115,1.61411486422
20101116,0.038412606054
20101117,0.798221787292
20101118,9.49859571298
20101119,0.457825715469
20101120,0.106946150911
20101121,0.00382521117878
20101122,0.17602920361
20101123,0.238838841509
20101124,4.88184912346
20101125,0.632426130194
20101126,0.201983926335
20101127,0.112039487805
20101128,0.00597230451355
20101129,0.944273423923
20101130,2.43420028335
20101201,0.0671115824446
20101202,0.162069293709
20101203,4.2177652891
20101204,8.11989701671
20101205,1.83185140404
20101206,2.6631506411
20101207,1.10581409932
20101208,0.197506129133
20101209,0.152567051518
20101210,2.12241192729
20101211,0.451746213654
20101212,6.55259269348
20101213,2.91522189555
20101214,3.09140571145
20101215,13.5612850741
20101216,6.55558763403
20101217,0.911659560509
20101218,0.344399703291
20101219,1.28117271147
20101220,0.308753837044
20101221,0.0228839838813
20101222,0.0568371657779
20101223,0.00149791279462
20101224,0.502046053659
20101225,3.43264999865
20101226,8.97949673714
20101227,0.332476352307
20101228,0.00492703936743
20101229,0.00507881519856
20101230,0.00579548202148
20101231,2.56566332878
20110101,2.67090159526
20110102,1.93362573606
20110103,1.03662253495
20110104,1.60747791444
20110105,1.74992856496
20110106,6.58773507267
20110107,0.75606190642
20110108,0.159379034755
20110109,2.21601722499
20110110,1.59713705762
20110111,4.03754526573
20110112,1.50696453958
20110113,0.680778657768
20110114,3.61435584159
20110115,10.3911555439
20110116,6.79251625691
20110117,1.62980080886
20110118,6.98800385393
20110119,0.700268211559
20110120,2.35071741225
20110121,2.02078740552
20110122,0.451445629648
20110123,0.317440711033
20110124,3.41973582808
20110125,0.592822186695
20110126,0.554077053818
20110127,0.786946036096
20110128,0.630864085864
20110129,0.0393480230787
20110130,0.160475182595
20110131,0.182990251035
20110201,0.0394979361763
20110202,0.154854031501
20110203,0.425335522144
20110204,0.0171305228441
20110205,0.496334529234
20110206,0.00876639038805
20110207,0.00455224141595
20110208,0.382914691346
20110209,0.0247482347789
20110210,0.177274374518
20110211,0.00312644226496
20110212,5.40352026345e-05
20110213,1.43433386851
20110214,0.0567916519105
20110215,0.00488563574588
20110216,0.00129913928393
20110217,0.0305864462421
20110218,0.151837199521
20110219,0.19908981961
20110220,0.114849079151
20110221,0.9686498316
20110222,0.0604695728372
20110223,0.0877546719676
20110224,0.199500540245
20110225,2.52560031081
20110226,0.470255796067
20110227,0.0417128954931
20110228,0.00120027711559
20110301,0.0095300243777
20110302,0.00910739667012
20110303,0.0122077961587
20110304,0.00213588552397
20110305,0.0172934942638
20110306,0.00238217310934
20110307,0.00136959299449
20110308,0.0137908495597
20110309,0.00135848190789
20110310,0.000808268940181
20110311,0.00185166527723
20110312,0.0106780721004
20110313,0.00433335267611
20110314,5.95020436195
20110315,2.08451529526
20110316,0.38572739143
20110317,0.0251787568001
20110318,0.0111990737544
20110319,0.432690153957
20110320,0.677239892717
20110321,0.0961243186919
20110322,0.182361229179
20110323,0.476947089779
20110324,0.0998327924268
20110325,0.387793455884
20110326,1.55284344817
20110327,1.43601471399
20110328,0.299302770056
20110329,0.00484899169664
20110330,0.841661360014
20110331,0.184659814898
20110401,0.0335849290783
20110402,0.103361116324
20110403,0.0180180476718
20110404,2.11738379672
20110405,1.74916556563
20110406,1.45618179764
20110407,0.0324427005766
20110408,0.187547033951
20110409,0.0381556371808
20110410,0.00101638163155
20110411,0.0347068445081
20110412,0.00751479247596
20110413,0.00402293752753
20110414,1.0364680655
20110415,0.665294137237
20110416,0.586251695497
20110417,2.39621918654
20110418,0.507198652443
20110419,0.248736869508
20110420,0.0689931914862
20110421,0.352869480488
20110422,11.0776365514
20110423,0.828871248751
20110424,0.655866058431
20110425,0.0614991759419
20110426,0.0799498085602
20110427,0.796602493948
20110428,0.166129739452
20110429,0.0103978571086
20110430,0.0278819139866
20110501,0.193440529307
20110502,0.0188927439367
20110503,0.000273564087846
20110504,0.00467617286265
20110505,0.000203063724054
20110506,2.12801832018e-06
20110507,0.0181814832926
20110508,0.202127416065
20110509,0.00359570914566
20110510,0.0521951974566
20110511,0.00118004780557
20110512,0.000575311739883
20110513,0.00898820819973
20110514,0.0013060350295
20110515,0.0393543886656
20110516,0.00309734846353
20110517,0.0386769361741
20110518,1.03085060774
20110519,0.892816106756
20110520,2.71603316571
20110521,0.0540659256758
20110522,0.00232893521086
20110523,0.000665867936381
20110524,0.00230565102101
20110525,0.00241279521859
20110526,0.105145804736
20110527,0.00185695914448
20110528,0.0110951674632
20110529,0.00378533797868
20110530,0.00178905696013
20110531,0.00319802238617
20110601,5.59634987627e-05
20110602,0.00744234860347
20110603,0.0155766338944
20110604,0.015702044243
20110605,0.0450429538808
20110606,0.0178604402043
20110607,0.163465792083
20110608,2.20841550396
20110609,1.13349031044
20110610,0.0218758678746
20110611,0.000111285949694
20110612,0.000197865931966
20110613,3.47512357402e-06
20110614,0.00293799308872
20110615,0.00749359947497
20110616,0.000263142425671
20110617,0.000298592427306
20110618,7.0116404666e-05
20110619,0.0181145653718
20110620,0.000757340327109
20110621,0.00181571632936
20110622,0.00595622517383
20110623,0.0753439064437
20110624,0.00259255186919
20110625,0.0143197270479
20110626,0.0191047224319
20110627,0.0764409040515
20110628,0.00455425149235
20110629,0.00693175832472
20110630,0.00761768511659
20110701,0.00322275344212
20110702,0.00427325104641
20110703,7.4534483897e-05
20110704,0.0677550341701
20110705,0.00723353061469
20110706,0.00010672534529
20110707,0.00181502805786
20110708,3.20676162073e-05
20110709,0.0
20110710,0.135216572082
20110711,0.450004980109
20110712,0.0079084097509
20110713,0.0264067541052
20110714,0.00748176004299
20110715,0.0182923692694
20110716,0.00638556329094
20110717,0.0373884244347
20110718,0.00127831203766
20110719,0.000104476869807
20110720,1.65246044027e-06
20110721,0.0037333293196
20110722,6.59598832645e-05
20110723,0.00988036705778
20110724,0.00295393550675
20110725,0.000365033158291
20110726,0.653503695881
20110727,0.0116873370953
20110728,0.0152782400714
20110729,0.00685942157387
20110730,0.00346866329179
20110731,0.00650861447519
20110801,0.000995937690987
20110802,0.00208857019686
20110803,0.00723679614643
20110804,0.00553275410808
20110805,0.0217735162257
20110806,0.000702659914562
20110807,0.0273061290344
20110808,0.000482340629968
20110809,0.00125510638651
20110810,0.0125016683175
20110811,0.00873485272777
20110812,0.000150430503254
20110813,0.00777909810104
20110814,0.0119174356889
20110815,0.250818181975
20110816,0.676389231309
20110817,0.0242549096863
20110818,0.00584803838686
20110819,9.94569090136e-05
20110820,0.0
20110821,0.00210596240809
20110822,0.00208718671068
20110823,3.62187100615e-05
20110824,0.00466532421888
20110825,8.24262190263e-05
20110826,0.000181301030357
20110827,0.000349350102884
20110828,0.001780121453
20110829,0.0440717240514
20110830,0.000778098589402
20110831,0.000195605522572
20110901,6.48692185103e-05
20110902,0.00241722986776
20110903,0.00194905731847
20110904,0.000149310620183
20110905,0.00459905082116
20110906,0.00113173642674
20110907,7.26925838627e-05
20110908,9.56399827364e-07
20110909,0.000809609785705
20110910,1.43040611898e-05
20110911,7.70434957852e-05
20110912,0.00238498701971
20110913,4.21135354122e-05
20110914,0.381944121375
20110915,0.0109076538498
20110916,0.0399143722997
20110917,0.00517426352229
20110918,7.89816491757e-05
20110919,0.0
20110920,0.0800751952734
20110921,0.00297177483979
20110922,0.104718580321
20110923,0.0042216924005
20110924,0.0859995320317
20110925,0.0513629907573
20110926,0.000880641393045
20110927,0.0
20110928,0.0291251507099
20110929,0.00501721613545
20110930,0.00621753546905
20111001,0.0159912605904
20111002,3.41351905632
20111003,1.7610180925
20111004,3.72346481472
20111005,0.0703497781081
20111006,0.101357977145
20111007,0.00178918644997
20111008,0.0
20111009,0.0
20111010,0.0
20111011,0.0
20111012,0.0
20111013,0.0
20111014,0.000481418525895
20111015,8.50562681873e-06
20111016,0.528661553959
20111017,1.04859958054
20111018,0.0421389888713
20111019,1.45878116244
20111020,3.32684013584
20111021,0.849353442018
20111022,0.0157959998036
20111023,3.21589180211e-05
20111024,0.0
20111025,0.00958186652573
20111026,0.380846732566
20111027,0.997577358224
20111028,2.20171163048
20111029,8.65983494579
20111030,1.94961342432
20111031,0.323745104456
20111101,3.17912668956
20111102,2.31650400911
20111103,0.0509992365161
20111104,0.000195448186708
20111105,1.45702982896
20111106,0.0857841363995
20111107,0.178340393441
20111108,0.00321706084404
20111109,1.50022434225e-06
20111110,0.0
20111111,0.0
20111112,0.000199281257828
20111113,0.197103978437
20111114,1.44162976917
20111115,3.54132490375
20111116,0.292494845323
20111117,0.138698624332
20111118,0.514894232616
20111119,1.22308021717
20111120,0.444270780221
20111121,3.08140993688
20111122,17.3023745348
20111123,2.12557001534
20111124,8.076415759
20111125,8.03506908755
20111126,0.152810283828
20111127,0.0340419065038
20111128,0.450387458192
20111129,0.208746422112
20111130,0.3568816513
20111201,0.0288727803547
20111202,0.0451147447173
20111203,1.40056146003
20111204,0.786376528269
20111205,0.0616355890618
20111206,0.00104612116858
20111207,0.123041255241
20111208,0.546492931116
20111209,5.85118076324
20111210,0.162369974152
20111211,0.250257737122
20111212,0.0731410397108
20111213,0.582747499232
20111214,6.47752674299
20111215,7.54259889644
20111216,5.88750207598
20111217,0.797089783632
20111218,0.0266141415434
20111219,0.00199932722468
20111220,0.0283337965978
20111221,0.00863095529621
20111222,0.371628464156
20111223,2.94419326154
20111224,5.30858729336
20111225,0.960651462483
20111226,0.726205256646
20111227,0.59683878687
20111228,2.6621371818
20111229,7.15729108932
20111230,0.801712735099
20111231,0.28035105397
20120101,0.620998411758
20120102,0.0835359579519
20120103,0.138718179706
20120104,0.0493881363712
20120105,0.00552130667167
20120106,1.09687181581
20120107,2.70678325691
20120108,0.320199163191
20120109,1.90477967796
20120110,0.190804078617
20120111,4.52379546326
20120112,0.911444849457
20120113,0.8646054054
20120114,1.13691744468
20120115,0.964197727454
20120116,0.0287462263836
20120117,3.44087848889
20120118,6.07325395793
20120119,7.45054166595
20120120,0.311437411131
20120121,0.0051087369284
20120122,0.0837251101557
20120123,2.27497987868
20120124,2.50187535412
20120125,3.72756154045
20120126,0.456016733964
20120127,0.353943933615
20120128,0.00777489644112
20120129,0.100143449843
20120130,0.00767214417973
20120131,0.0576494848743
20120201,0.00101669933017
20120202,0.00211741863363
20120203,0.0219791838766
20120204,0.013201816564
20120205,0.48473344566
20120206,1.58891064349
20120207,1.7533939517
20120208,0.172945509546
20120209,0.0226463782317
20120210,0.0879367142463
20120211,3.08456627307
20120212,1.91773134772
20120213,1.24527216045
20120214,1.15139332033
20120215,0.844592320648
20120216,0.0328470182603
20120217,0.0900313843443
20120218,0.276369949916
20120219,0.539144338652
20120220,0.218384891355
20120221,0.00860530026828
20120222,0.633832953602
20120223,0.169699229552
20120224,2.90913811396
20120225,0.12076581788
20120226,0.230191287061
20120227,0.172857763884
20120228,0.00310923093054
20120229,0.0251152429645
20120301,0.768098355811
20120302,0.118894142539
20120303,0.00275483369553
20120304,0.00517826866401
20120305,9.74487386745e-05
20120306,0.512437763661
20120307,0.0523963646033
20120308,0.138819311491
20120309,0.311497329268
20120310,0.51575907827
20120311,0.334869579366
20120312,0.276929491903
20120313,0.274147725004
20120314,1.10769115273
20120315,0.67698567445
20120316,1.33382605352
20120317,1.71489098956
20120318,0.115824011792
20120319,0.00883638801097
