20010102,0.144550031615
20010103,0.103571307336
20010104,0.00610859983898
20010105,0.00797394675599
20010106,0.00289294354291
20010107,0.018118045309
20010108,0.0241444347078
20010109,0.161081795509
20010110,0.027240465331
20010111,0.0799802376542
20010112,0.0667817272175
20010113,1.05359644141
20010114,1.07166374698
20010115,0.0276552813534
20010116,0.00232931778904
20010117,0.00965815460766
20010118,0.166225056327
20010119,0.410652076469
20010120,1.02786173115
20010121,0.235971364439
20010122,0.696739627615
20010123,0.825498674477
20010124,0.232757763903
20010125,1.60314255843
20010126,1.27832632653
20010127,0.968204056939
20010128,0.840602538831
20010129,0.894548044531
20010130,1.73150521933
20010131,0.672956380966
20010201,0.121743679888
20010202,0.185279161981
20010203,0.929877249028
20010204,0.0195003399785
20010205,0.00057828990974
20010206,0.0534226735576
20010207,0.660845523032
20010208,0.263536282149
20010209,1.94995368828
20010210,2.31703947858
20010211,0.0971854178765
20010212,0.129123943571
20010213,1.94043840155
20010214,2.71357353036
20010215,0.056540953964
20010216,0.13486260368
20010217,0.0434550175643
20010218,3.80294266868
20010219,2.71013213182
20010220,0.0577051459517
20010221,0.00108511150326
20010222,0.0178922382879
20010223,0.0909690016595
20010224,0.579983971775
20010225,1.19932656367
20010226,0.447620068031
20010227,0.74811097872
20010228,0.245389466421
20010301,0.0882672179917
20010302,0.00303934512333
20010303,0.0325451116975
20010304,0.00807640522183
20010305,0.0426480786271
20010306,0.047089800104
20010307,0.0870268183242
20010308,0.37844823825
20010309,1.0065570959
20010310,1.03995399732
20010311,0.484655730271
20010312,1.11321850757
20010313,0.136721619116
20010314,0.0757096716064
20010315,0.551779785265
20010316,0.0430049622794
20010317,0.143036372057
20010318,0.900994555432
20010319,0.351658163379
20010320,1.84312633984
20010321,3.4095112098
20010322,1.66367199238
20010323,5.89244163878
20010324,3.4303754537
20010325,0.0883142878856
20010326,0.0389489343469
20010327,0.00067892350422
20010328,0.0014638686937
20010329,2.58634049996e-05
20010330,0.0681423318501
20010331,0.610571762693
20010401,4.50293596418
20010402,1.65198279331
20010403,2.21311694043
20010404,0.92076131957
20010405,0.198991782429
20010406,1.1225688172
20010407,14.6239360281
20010408,3.55917462691
20010409,0.124213983293
20010410,0.0103582682728
20010411,0.0581805945225
20010412,0.0108032531259
20010413,0.132862730975
20010414,1.9531690629
20010415,0.582947036599
20010416,4.97774152277
20010417,2.64007822091
20010418,0.134870889028
20010419,0.507977895627
20010420,0.171015460152
20010421,0.00535887744272
20010422,0.415716981853
20010423,0.328423873429
20010424,1.91809231544
20010425,0.0746399952263
20010426,0.385044013818
20010427,7.56763980908
20010428,0.163690704742
20010429,0.0036254584781
20010430,0.471894480722
20010501,3.87596456524
20010502,4.76139476867
20010503,0.586339093681
20010504,0.0771509715831
20010505,1.64996569435
20010506,0.0301058174425
20010507,0.000282173557616
20010508,0.000118719133474
20010509,0.00499564716369
20010510,0.00689092034046
20010511,0.000120188929863
20010512,5.34913262074e-05
20010513,0.00010728771332
20010514,1.87884466005e-06
20010515,2.75123898562e-05
20010516,2.34184835925e-05
20010517,0.000697676382411
20010518,0.0319723308918
20010519,0.000564664492057
20010520,0.12716811967
20010521,0.00251578128433
20010522,0.000118184754483
20010523,9.34057939668e-05
20010524,2.46528716821e-05
20010525,0.000545512024518
20010526,0.377384655743
20010527,0.00973145380188
20010528,8.10096830761e-05
20010529,0.00620294165832
20010530,0.00547842713394
20010531,9.48558748952e-05
20010601,0.110310338962
20010602,0.0535425489199
20010603,0.0212295485474
20010604,0.000358975275527
20010605,0.000774252722586
20010606,1.36793776073e-05
20010607,0.0149509148297
20010608,0.00026415042492
20010609,2.57531875946e-05
20010610,4.55003123199e-07
20010611,0.00120812974222
20010612,0.000129530019677
20010613,0.00158551210925
20010614,0.000162980047117
20010615,0.00106795247129
20010616,5.21224404831e-05
20010617,0.00083098900776
20010618,0.425710243816
20010619,0.022774139223
20010620,0.000671242837031
20010621,0.000487498076087
20010622,0.000197855238635
20010623,9.09100734295e-05
20010624,0.132862361459
20010625,0.466842699018
20010626,0.221068284389
20010627,0.0229134456127
20010628,0.0119793295423
20010629,0.358858200043
20010630,0.0240687904428
20010701,0.000313289285037
20010702,0.0
20010703,8.63138284822e-05
20010704,0.0895523477287
20010705,0.0239438079104
20010706,0.0107747064807
20010707,0.00779889669194
20010708,1.76239698097
20010709,0.0430179627679
20010710,0.482217149168
20010711,0.00979512370174
20010712,0.0100133029659
20010713,0.0231837752435
20010714,0.00079802618878
20010715,0.000311694836528
20010716,0.25190572241
20010717,0.0045114852735
20010718,0.25355397271
20010719,0.160977371049
20010720,0.217406364443
20010721,0.111705819132
20010722,0.00224674586412
20010723,0.11946268277
20010724,0.033563083864
20010725,0.00621263659986
20010726,0.0273111184757
20010727,0.0154491335717
20010728,0.0196808442566
20010729,0.0237340083259
20010730,0.025565582855
20010731,0.0100849811203
20010801,0.0046633558275
20010802,0.000563280786231
20010803,8.54944731538e-06
20010804,0.00166428304041
20010805,0.00321535402087
20010806,5.62888702294e-05
20010807,0.0
20010808,0.0
20010809,0.0
20010810,0.871875103423
20010811,0.021574616367
20010812,0.000109018776244
20010813,0.0
20010814,0.0240181742747
20010815,0.00042434934465
20010816,0.000627996353005
20010817,0.0211076050039
20010818,0.326721504218
20010819,0.00579372770042
20010820,0.0905189328525
20010821,0.0690318332918
20010822,0.0913104999269
20010823,0.00860195680216
20010824,0.2264162826
20010825,0.0182039820611
20010826,0.0324576510762
20010827,0.215487602286
20010828,0.607088031709
20010829,1.42842819775
20010830,0.183599720892
20010831,2.93464695119
20010901,0.0708914796848
20010902,0.000614207562759
20010903,4.89207610995e-06
20010904,0.0534828868171
20010905,0.00368154004965
20010906,0.016810550119
20010907,0.000979966088665
20010908,0.00339824637298
20010909,0.00323795723334
20010910,0.0297309593691
20010911,0.181053043222
20010912,0.359923867271
20010913,2.14922425373
20010914,0.258112941871
20010915,0.731489295748
20010916,0.288916760144
20010917,0.560130071992
20010918,3.60181776767
20010919,5.82316747423
20010920,1.7446814496
20010921,1.46489644322
20010922,0.121738196108
20010923,0.043299665802
20010924,0.0550107040213
20010925,0.025755316764
20010926,0.000438098572676
20010927,0.100879496805
20010928,0.00203323498057
20010929,3.46181776982e-05
20010930,5.3330577185e-07
20011001,9.07525789503e-05
20011002,0.00261456174495
20011003,4.6165343347e-05
20011004,0.0159043448233
20011005,0.165550739859
20011006,0.00762567800474
20011007,0.000432504588388
20011008,0.0411336524243
20011009,0.134702116126
20011010,0.00300852476948
20011011,1.47474196674
20011012,0.0322527909071
20011013,0.0666572990557
20011014,0.148171718823
20011015,0.790376885276
20011016,1.50651862714
20011017,0.791158927493
20011018,0.0567384070601
20011019,0.0573485003949
20011020,0.172159168825
20011021,1.2090347557
20011022,0.763424695244
20011023,0.138450771356
20011024,1.33391785467
20011025,1.56990516315
20011026,2.05869850098
20011027,0.200370404255
20011028,2.25655622972
20011029,1.28897103699
20011030,1.36531643651
20011031,0.504843502871
20011101,0.0801061801608
20011102,0.00126512331141
20011103,0.125652945993
20011104,1.81807219788
20011105,0.0339965586754
20011106,0.457582152816
20011107,0.535061751442
20011108,0.590446503217
20011109,1.11613410568
20011110,4.09490718097
20011111,0.10956428215
20011112,1.12366738491
20011113,1.85361008205
20011114,0.567988286404
20011115,1.04288028966
20011116,1.3629798213
20011117,0.756487559495
20011118,0.955421045164
20011119,2.54675543403
20011120,1.8804821002
20011121,0.168517567567
20011122,0.0081320992783
20011123,0.299740269718
20011124,0.0731120649765
20011125,0.788391074363
20011126,4.114557416
20011127,1.54717618169
20011128,0.448125722738
20011129,0.599728298414
20011130,2.41744672086
20011201,0.534328864664
20011202,2.21090789697
20011203,0.0885577300895
20011204,3.4091323905
20011205,1.73267090792
20011206,0.0874263812658
20011207,0.0214450545795
20011208,0.0559685579113
20011209,4.34017037047
20011210,2.85568035409
20011211,0.332413581029
20011212,0.0128274410055
20011213,0.271333419626
20011214,2.89508838344
20011215,0.19507033597
20011216,0.0193062284147
20011217,0.227704684293
20011218,0.0172081902792
20011219,2.47668950978
20011220,0.10595216547
20011221,0.00109891368201
20011222,0.0444471312911
20011223,5.23922126537
20011224,0.627077816567
20011225,0.605040815282
20011226,0.0550756670246
20011227,0.0201668972839
20011228,0.0389825614867
20011229,0.223649976415
20011230,0.469708879505
20011231,1.17943909348
20020101,0.311687517889
20020102,0.735712541512
20020103,0.195636887432
20020104,1.050464943
20020105,0.5854779522
20020106,0.946177070773
20020107,1.99652101062
20020108,0.0992041492264
20020109,0.326229272548
20020110,4.82819263871
20020111,0.875224128884
20020112,0.838208237109
20020113,0.0201848538969
20020114,0.00372585230184
20020115,0.127478411359
20020116,0.947383140854
20020117,0.701442614161
20020118,0.037881048302
20020119,0.00131260563315
20020120,0.487964474542
20020121,0.0448423764493
20020122,0.451317455676
20020123,1.43019145557
20020124,1.66198004049
20020125,1.15580978164
20020126,3.38438690554
20020127,6.2124722001
20020128,1.01473330213
20020129,1.65314904164
20020130,0.371823868695
20020131,0.150473455588
20020201,0.0555196324525
20020202,0.0199594555311
20020203,0.0043036789606
20020204,7.00984436774e-05
20020205,0.0135482522163
20020206,0.124040282595
20020207,0.859836810984
20020208,0.329895137772
20020209,0.091328123941
20020210,0.0369462783207
20020211,1.39319668501
20020212,0.215474931647
20020213,0.675990657031
20020214,0.950817726545
20020215,3.93251139635
20020216,0.168331022258
20020217,0.178480843245
20020218,0.252765212784
20020219,0.432512655981
20020220,0.485744848004
20020221,1.17104015154
20020222,0.268858404432
20020223,0.517627396237
20020224,0.285319542838
20020225,0.247276841828
20020226,0.287121373546
20020227,1.5722809469
20020228,2.92169197653
20020301,2.81325454191
20020302,0.335903863928
20020303,1.11097067534
20020304,0.615190366007
20020305,1.87970309786
20020306,0.372319835074
20020307,1.68725579177
20020308,0.315081623632
20020309,1.87881721508
20020310,1.81394146198
20020311,5.31711545428
20020312,0.276993041279
20020313,0.0981996161986
20020314,0.00502820172617
20020315,0.000767282339433
20020316,0.00113361812858
20020317,0.000521090747962
20020318,1.24286688044
20020319,0.14656294393
20020320,0.00765560093244
20020321,0.0137193213542
20020322,0.0477608068584
20020323,0.0734533795163
20020324,0.282825642889
20020325,0.531342167348
20020326,0.143404772372
20020327,0.885936665311
20020328,0.149948403755
20020329,0.00246698078754
20020330,0.00053087646874
20020331,0.00438890809016
20020401,0.101289545042
20020402,0.0564052352771
20020403,0.544371970296
20020404,1.70217595608
20020405,0.280788702152
20020406,0.236432090965
20020407,0.0137856824631
20020408,0.391931593963
20020409,0.765561945922
20020410,3.4524459149
20020411,0.450040474807
20020412,0.630248607338
20020413,0.387243946089
20020414,0.0376291481613
20020415,0.0196212891535
20020416,0.0259968721531
20020417,0.07745288893
20020418,0.00136041578445
20020419,0.0
20020420,8.70495862598e-05
20020421,0.0182822677881
20020422,0.0443482525121
20020423,3.47603060616
20020424,2.94367764777
20020425,0.0515243949206
20020426,0.010808548224
20020427,0.00373155291127
20020428,8.40436505922e-05
20020429,0.0330056818063
20020430,0.0318961114416
20020501,0.00329311572846
20020502,0.00156885108135
20020503,0.0264213022977
20020504,0.000567013350038
20020505,0.0195981459258
20020506,2.56153783307
20020507,0.0580488272403
20020508,0.00808526483954
20020509,0.00913864430345
20020510,0.00481389285354
20020511,0.00300748471513
20020512,5.1682735623e-05
20020513,0.00344333666437
20020514,0.000638121562201
20020515,0.00106547101074
20020516,0.00542922658967
20020517,9.55933242863e-05
20020518,0.000106308586539
20020519,0.000686037954632
20020520,1.20876297817e-05
20020521,0.00182314764842
20020522,7.22292089748
20020523,0.942992123968
20020524,0.034832707427
20020525,0.0285492796875
20020526,0.002236169674
20020527,0.000204874542306
20020528,0.000611621254281
20020529,0.992425706191
20020530,2.80358392575
20020531,2.06791555901
20020601,0.714402649959
20020602,0.151727564223
20020603,0.00257758366198
20020604,0.0223390553755
20020605,0.00433448578639
20020606,0.0421558228404
20020607,0.0253784194258
20020608,0.0088500855827
20020609,0.000966968004161
20020610,0.000465230950702
20020611,0.00454795320425
20020612,0.110221178378
20020613,2.10975547673
20020614,1.35211486372
20020615,0.0315513469725
20020616,0.0524588196617
20020617,0.0190337665756
20020618,0.0498564034093
20020619,0.0202980802071
20020620,0.0406816676212
20020621,0.0279928950684
20020622,0.00787966611641
20020623,0.231959586902
20020624,0.594838352332
20020625,0.0104371449486
20020626,0.00198682994085
20020627,0.292897934935
20020628,0.0759958264911
20020629,0.0177949097384
20020630,0.0490709190235
20020701,0.00555607414388
20020702,0.00739350250235
20020703,0.00562537274626
20020704,0.00727739662663
20020705,0.00564297413001
20020706,0.00431031749624
20020707,7.44321551861e-05
20020708,0.00936185584892
20020709,0.29720789617
20020710,0.0140699073757
20020711,0.00550102358198
20020712,0.00398632602092
20020713,6.87612866959e-05
20020714,0.0
20020715,1.06716466266
20020716,0.111033557887
20020717,0.00429350864176
20020718,0.0225935441392
20020719,0.0784871996462
20020720,0.219036518965
20020721,0.129673802969
20020722,0.0336902131497
20020723,0.00546618929417
20020724,0.0745634752085
20020725,0.0896368782841
20020726,0.00572387391752
20020727,0.0396434911936
20020728,0.000758071434199
20020729,0.203650856925
20020730,0.0546947133724
20020731,0.00137513503899
20020801,8.34571071427e-06
20020802,0.0735984283006
20020803,0.00383526417548
20020804,0.163816110427
20020805,0.578153453003
20020806,0.0260041808555
20020807,0.0149070382589
20020808,0.000898138035136
20020809,1.13022516655e-05
20020810,0.00137036759345
20020811,0.00301485857354
20020812,0.0200610427003
20020813,0.123681519471
20020814,0.00344289008265
20020815,0.160868318919
20020816,0.0136273093575
20020817,4.64270298679
20020818,3.74562830004
20020819,0.233927606435
20020820,0.00431851097444
20020821,0.000419874395572
20020822,0.00477244601181
20020823,1.30125368581
20020824,0.347527347314
20020825,0.251633127082
20020826,0.0490892956972
20020827,0.634614545621
20020828,0.99277629441
20020829,0.66155006681
20020830,1.5669980089
20020831,0.0634261132786
20020901,0.000635012822014
20020902,0.00105749353399
20020903,0.0875710992603
20020904,0.0660473322957
20020905,0.644465544372
20020906,0.024431386193
20020907,0.531541797568
20020908,0.00983024978075
20020909,1.91355399828
20020910,0.452979245947
20020911,0.0328178243367
20020912,0.00659639737891
20020913,0.000108611699808
20020914,0.0
20020915,0.0
20020916,0.0
20020917,0.00289246097404
20020918,5.11035517971e-05
20020919,0.00664723903051
20020920,0.000117442385455
20020921,0.0
20020922,0.0
20020923,0.00043587229668
20020924,0.000104260840569
20020925,0.00451088759075
20020926,0.504488766789
20020927,1.32011283769
20020928,0.260561935424
20020929,0.166120489525
20020930,0.0046703668411
20021001,0.0815044617195
20021002,0.00149577131293
20021003,0.837094141105
20021004,0.0154118456925
20021005,0.000184730056291
20021006,2.4177979059
20021007,1.78631847105
20021008,0.63794294158
20021009,0.0668945012854
20021010,0.0821406158675
20021011,0.315806025172
20021012,1.13808356855
20021013,0.0863733425148
20021014,0.104337364297
20021015,0.00308454292678
20021016,2.22940327424e-05
20021017,0.0
20021018,0.000572413468133
20021019,0.018431663913
20021020,0.0326625216751
20021021,0.10224827207
20021022,2.37536056604
20021023,2.77211008778
20021024,0.0970402145945
20021025,0.0593104415885
20021026,0.0628937681
20021027,1.31146908495
20021028,0.484064278684
20021029,0.352362196807
20021030,0.0941126934765
20021031,0.0952777904344
20021101,0.251500067558
20021102,1.84806555955
20021103,0.0801421432742
20021104,0.494520282031
20021105,0.0427361015358
20021106,0.103559240174
20021107,0.00199555346009
20021108,3.11841742965e-06
20021109,0.0490814145921
20021110,0.108194305626
20021111,0.163847309443
20021112,1.3348027623
20021113,0.395748633431
20021114,0.52168440577
20021115,0.0438029953715
20021116,0.000613112124102
20021117,0.0
20021118,0.0169392881743
20021119,0.149698863941
20021120,2.47573271943
20021121,0.0942858412408
20021122,0.467743214563
20021123,2.33963108857
20021124,0.171772953144
20021125,0.00233173633882
20021126,0.0112909878227
20021127,0.0677000911482
20021128,4.58560654283
20021129,0.235233780444
20021130,0.0204158347973
20021201,0.201988328922
20021202,1.01980815492
20021203,5.78253053584
20021204,1.86353055606
20021205,1.0599871116
20021206,0.172957974078
20021207,0.109990314138
20021208,0.768320547972
20021209,0.909212495642
20021210,1.82229289291
20021211,3.57111402022
20021212,5.04521418952
20021213,1.11799321125
20021214,0.0183043464284
20021215,1.89355502803e-06
20021216,0.201922622943
20021217,1.35584809234
20021218,0.345969818009
20021219,0.0774415688997
20021220,0.0511744947891
20021221,1.78360424047
20021222,2.88220250768
20021223,1.7945742965
20021224,0.137303310162
20021225,0.00471260754833
20021226,0.0385748040134
20021227,0.253710313446
20021228,2.11882954239
20021229,0.0854678834082
20021230,0.0377767111531
20021231,0.00701903969453
20030101,1.35756134817
20030102,1.35528474311
20030103,0.348720713071
20030104,0.712820019426
20030105,0.310831244779
20030106,1.28342565351
20030107,2.91124920291
20030108,1.57703674602
20030109,0.512132890544
20030110,0.989086990813
20030111,0.0360141971802
20030112,0.0399527781955
20030113,0.0223784011868
20030114,0.0142535200398
20030115,0.000596816038639
20030116,0.0449771274487
20030117,0.288249829325
20030118,0.113298524966
20030119,0.404770808322
20030120,0.297068017145
20030121,0.0971448992151
20030122,0.0299381062553
20030123,0.267155958698
20030124,1.04832432693
20030125,0.585792424883
20030126,0.0983876627015
20030127,0.0317660557531
20030128,0.0370113071393
20030129,1.39249137428
20030130,0.247475237925
20030131,0.285927066785
20030201,0.757469386624
20030202,0.946278106641
20030203,0.223071668455
20030204,1.35015870334
20030205,0.50503645859
20030206,0.0293696176758
20030207,0.514139203127
20030208,1.07717370796
20030209,2.30793571776
20030210,0.981604159089
20030211,0.638330199617
20030212,0.397563340977
20030213,0.460837493918
20030214,1.89351896017
20030215,0.105272235925
20030216,0.0154919939674
20030217,0.916277303723
20030218,0.585762440265
20030219,4.0395058929
20030220,4.18600109679
20030221,0.164882065973
20030222,0.142719195975
20030223,0.00637016626778
20030224,0.0152078998574
20030225,2.21514786071
20030226,0.210246442632
20030227,0.0953343854266
20030228,0.106961943385
20030301,0.111464147325
20030302,0.0561103175337
20030303,0.438213588592
20030304,1.12368868346
20030305,0.322136925373
20030306,0.0206605906803
20030307,0.000270626792688
20030308,0.0
20030309,0.0314092043711
20030310,0.013453927584
20030311,0.0485596750051
20030312,0.0676061088178
20030313,0.154853165882
20030314,0.0910356190923
20030315,0.00404838916459
20030316,0.000602339691809
20030317,0.00621106244761
20030318,0.0951791483174
20030319,0.387527462133
20030320,5.79917442567
20030321,2.09229388074
20030322,0.387266505869
20030323,0.609839013972
20030324,0.63907719157
20030325,0.550040218679
20030326,0.0187486315991
20030327,0.000163017090764
20030328,0.0
20030329,0.0
20030330,0.0
20030331,0.0
20030401,0.661462042666
20030402,0.159246886534
20030403,0.00692868529555
20030404,0.02732075272
20030405,0.00739313030663
20030406,0.00676574563867
20030407,0.140179707769
20030408,0.146557178021
20030409,0.0499519609996
20030410,0.00491348243333
20030411,0.017846445644
20030412,0.466116507103
20030413,2.91287214519
20030414,1.12631030193
20030415,0.437367663835
20030416,0.106056703991
20030417,0.119329767893
20030418,0.168307762102
20030419,0.587686931824
20030420,0.0513693673939
20030421,0.000739993331856
20030422,1.46872451405
20030423,0.742531896128
20030424,0.0135931243703
20030425,0.00628065321623
20030426,0.000110674466466
20030427,0.0
20030428,0.00877427821838
20030429,0.00965003357085
20030430,0.000167756382586
20030501,0.0
20030502,8.18033027131e-05
20030503,1.44528744802e-06
20030504,0.0653273070532
20030505,0.0595653648436
20030506,0.00361259593714
20030507,4.55935767738e-05
20030508,0.0
20030509,0.0
20030510,0.0
20030511,0.769832705162
20030512,0.226569128976
20030513,0.00472891448273
20030514,0.00742312947693
20030515,0.000146230485939
20030516,4.39468216353e-05
20030517,7.71644342393e-07
20030518,0.00202756562621
20030519,0.00242658647008
20030520,0.0740001379711
20030521,0.498215702628
20030522,0.311440762889
20030523,0.509396609367
20030524,0.081874360684
20030525,0.127577016511
20030526,0.203262659055
20030527,0.0344615370849
20030528,0.0138053107804
20030529,0.000268777871292
20030530,0.000179567938212
20030531,0.00203928415846
20030601,0.000394032497906
20030602,0.116520607118
20030603,0.259164295758
20030604,0.328638603817
20030605,0.0324474792104
20030606,0.123630610844
20030607,0.0192255974734
20030608,0.00699426674538
20030609,0.0496053593387
20030610,0.105257046811
20030611,0.0742510559341
20030612,0.00814499573135
20030613,0.00107517519269
20030614,0.0033773159864
20030615,0.00113860061707
20030616,0.00581430861171
20030617,0.0112278504013
20030618,0.00812017968598
20030619,0.000385910896307
20030620,0.000148021826347
20030621,0.000336921313938
20030622,0.017404036986
20030623,0.0692073476646
20030624,0.00121731379957
20030625,0.0118368770564
20030626,0.00115407955001
20030627,0.002621268465
20030628,0.00524112767067
20030629,0.00065977887451
20030630,3.13736744027e-05
20030701,0.0192679115648
20030702,0.00825597356339
20030703,0.0341879635875
20030704,0.000601556762512
20030705,0.000703079011609
20030706,1.25397893222e-05
20030707,2.08304170619e-09
20030708,0.0
20030709,0.00116407195283
20030710,0.104674047014
20030711,0.0105606722347
20030712,0.000153916447126
20030713,0.0
20030714,0.00284626272694
20030715,0.000189885771292
20030716,0.025043590425
20030717,0.00126334552115
20030718,0.0589096293906
20030719,0.00327493570471
20030720,0.0106305116686
20030721,0.00115655320321
20030722,0.00742052290842
20030723,0.00408460665945
20030724,0.0335480491803
20030725,0.0306385133304
20030726,0.015880826018
20030727,0.0160542391196
20030728,0.00121960905724
20030729,0.000727287804764
20030730,0.0211538628763
20030731,0.000643816548704
20030801,0.00411334035686
20030802,0.0919460528118
20030803,0.00516710278144
20030804,0.048022497169
20030805,0.115631091715
20030806,0.41720915427
20030807,0.0107121215285
20030808,5.96601587511e-05
20030809,0.804244648096
20030810,0.598653150145
20030811,0.0822755304771
20030812,0.330855602655
20030813,0.798776943835
20030814,0.0503729588657
20030815,0.0106940854832
20030816,0.0263138293136
20030817,0.0064157157329
20030818,0.0093549617455
20030819,2.35918850867
20030820,0.091401876748
20030821,0.375939054153
20030822,0.180539987132
20030823,0.0538664850493
20030824,0.421016653722
20030825,0.0586113065286
20030826,0.0484244546737
20030827,0.000839577050239
20030828,0.0135079581188
20030829,0.0065637091348
20030830,0.00128648267754
20030831,0.000939667913491
20030901,6.50379554156e-05
20030902,0.0604538025442
20030903,0.0147473948462
20030904,0.000785486746579
20030905,0.278310962904
20030906,0.205364229014
20030907,0.0414194076505
20030908,0.0171345383014
20030909,0.0437411068727
20030910,0.054608033536
20030911,0.000955480654771
20030912,0.0052436152017
20030913,0.0742908647287
20030914,0.0940079395258
20030915,0.0906722679777
20030916,2.18682297505
20030917,2.02196015067
20030918,1.88509496469
20030919,0.0666258852352
20030920,0.0867589450506
20030921,0.109387186746
20030922,0.0656984945252
20030923,0.00351378054468
20030924,0.00265934030597
20030925,0.0876422191636
20030926,0.168889317469
20030927,0.754624343586
20030928,1.44696683899
20030929,0.714521183537
20030930,0.0801304211513
20031001,0.0164690912462
20031002,0.0355919348331
20031003,0.0768007916195
20031004,0.0221849683769
20031005,0.0457765142167
20031006,0.000802267336165
20031007,0.00615069106679
20031008,0.0097240148323
20031009,0.00348500461023
20031010,0.321407254102
20031011,0.980526247861
20031012,0.24933513306
20031013,0.661753279677
20031014,0.860242622329
20031015,0.0149933445328
20031016,0.0509750778873
20031017,0.0371465740244
20031018,0.0681622362353
20031019,1.15254817334
20031020,0.408219299192
20031021,0.0252554263806
20031022,0.000334966837799
20031023,0.00169667286421
20031024,0.0110478158315
20031025,0.551702221909
20031026,0.285616331483
20031027,0.0283433594373
20031028,0.763676886521
20031029,0.506622612373
20031030,1.42716273058
20031031,4.25313756682
20031101,0.146441486118
20031102,0.841504661906
20031103,0.613603890537
20031104,2.09619643811
20031105,0.121398543133
20031106,0.12374811744
20031107,0.00826467611971
20031108,0.000693778063682
20031109,0.333409703578
20031110,0.23433257161
20031111,0.58427394906
20031112,1.49515174796
20031113,0.0992674004789
20031114,3.37567965314
20031115,0.278301913142
20031116,0.00606459204876
20031117,0.0175755879115
20031118,0.255022640494
20031119,1.91014834994
20031120,0.470998746691
20031121,4.41174777507
20031122,0.791065542862
20031123,0.512349509137
20031124,0.157220787077
20031125,0.125233188879
20031126,0.0171093578643
20031127,0.559994795809
20031128,0.0133563881189
20031129,0.0149601802934
20031130,0.010168782565
20031201,0.00326993364847
20031202,0.0385460141182
20031203,0.375933943824
20031204,0.0922864431713
20031205,0.211445499219
20031206,0.784610409499
20031207,0.558671406073
20031208,0.722594562087
20031209,0.295280951393
20031210,0.153816019699
20031211,0.0115159947763
20031212,0.0506033318369
20031213,0.00177792733215
20031214,0.00292503950667
20031215,0.00311501392347
20031216,0.000785667102371
20031217,0.384617280554
20031218,0.531101137848
20031219,0.0548410803258
20031220,0.00267835707107
20031221,0.857340560373
20031222,0.293049616874
20031223,0.630104109136
20031224,1.30820051219
20031225,1.11004428815
20031226,1.45255728816
20031227,0.0680852694877
20031228,0.000755495840623
20031229,0.00083833303875
20031230,0.087596078764
20031231,0.740599428642
20040101,0.0904298482221
20040102,0.555778794832
20040103,0.157890440978
20040104,2.56628932615
20040105,3.79242066021
20040106,3.52645020281
20040107,7.89352933907
20040108,2.25138473399
20040109,0.291520474645
20040110,1.19452112925
20040111,0.431688709019
20040112,2.81767671392
20040113,2.64607064118
20040114,1.18155863317
20040115,0.513752921523
20040116,0.234531893638
20040117,0.280820092899
20040118,0.355241462398
20040119,0.611723315034
20040120,0.766635039682
20040121,1.46014240044
20040122,0.300801244225
20040123,3.77026379253
20040124,1.50527255561
20040125,0.104464916095
20040126,0.00843620830482
20040127,0.0264360860911
20040128,0.129073693563
20040129,0.573455862712
20040130,1.74019450269
20040131,0.497206692603
20040201,0.411752806493
20040202,0.661189884634
20040203,1.178093554
20040204,0.0780659973029
20040205,0.0159978681117
20040206,1.01809626158
20040207,0.73452924301
20040208,1.4019485842
20040209,0.634179047328
20040210,0.0242220186082
20040211,2.14209319833
20040212,1.35503270896
20040213,1.31464762518
20040214,1.98023280095
20040215,0.195848925143
20040216,0.0877255758946
20040217,0.703800530109
20040218,0.58503935029
20040219,0.811207436774
20040220,2.03581932817
20040221,3.07469228687
20040222,5.86886718194
20040223,2.09887862421
20040224,1.50537358903
20040225,0.504667340042
20040226,0.4854275844
20040227,0.75186743793
20040228,0.0169079848221
20040229,0.00407779824443
20040301,0.0679218046343
20040302,0.351880449623
20040303,0.359575642919
20040304,0.617467365072
20040305,0.792073246457
20040306,2.07201829199
20040307,0.154739428139
20040308,0.182306683583
20040309,0.0892886855307
20040310,1.32520011851
20040311,1.54522058764
20040312,1.91188172757
20040313,0.812293790896
20040314,0.0359714233543
20040315,0.0528254526681
20040316,1.27197311441
20040317,0.157096273823
20040318,0.0486511449051
20040319,0.457873598638
20040320,0.143842064829
20040321,2.43141407357
20040322,3.78491298821
20040323,1.08482678938
20040324,2.03360810989
20040325,0.0525421162067
20040326,0.000498455020019
20040327,0.000644579204386
20040328,0.112763269649
20040329,1.49955479158
20040330,3.06453821593
20040331,4.21386459119
20040401,1.90013527433
20040402,6.50226693122
20040403,0.763094777228
20040404,2.23855621336
20040405,3.80652015468
20040406,0.136599960943
20040407,0.370169413582
20040408,0.0340450124356
20040409,5.05454563521
20040410,0.273750136982
20040411,0.0219953533415
20040412,0.000430001614707
20040413,1.74857735843e-06
20040414,0.0
20040415,0.00461615358729
20040416,0.277328509601
20040417,0.0410184711182
20040418,0.343155800171
20040419,0.392877578558
20040420,4.8941368405
20040421,0.107544219614
20040422,0.00260587360014
20040423,0.345209834156
20040424,0.446613393439
20040425,0.03090596501
20040426,0.0698444793921
20040427,0.00771174695801
20040428,0.00796810820662
20040429,0.000138754993563
20040430,0.0
20040501,0.0
20040502,0.188544942591
20040503,0.023075305829
20040504,0.000358294005752
20040505,0.0176046845128
20040506,0.00904518861609
20040507,0.0526775787441
20040508,0.000927972911182
20040509,0.0
20040510,0.000139181660727
20040511,2.45903978168e-06
20040512,0.0102524113743
20040513,0.0312376209701
20040514,0.0149367208571
20040515,0.00247890454134
20040516,0.000208328922493
20040517,2.28923378968
20040518,0.128223099437
20040519,0.00306525418238
20040520,0.0261313904939
20040521,0.165633305198
20040522,0.0210013886611
20040523,0.0072617376494
20040524,0.00219085362814
20040525,0.0126089597057
20040526,0.00509286297966
20040527,8.605539009e-05
20040528,0.0
20040529,0.032106352302
20040530,0.000567250038156
20040531,0.0
20040601,0.00282418563083
20040602,4.98972719152e-05
20040603,0.00449059664887
20040604,0.000102130278086
20040605,0.0562606737589
20040606,0.2537256434
20040607,0.711883746157
20040608,0.0186991124131
20040609,0.00505490036928
20040610,0.0671948654259
20040611,0.0719993861115
20040612,0.0137606030178
20040613,0.0107282776148
20040614,0.00917058672119
20040615,0.249493376589
20040616,0.0111799695806
20040617,0.0107013371925
20040618,0.000383760609891
20040619,0.011322301541
20040620,0.245819880858
20040621,0.110900289502
20040622,0.00551938571506
20040623,0.000251786821897
20040624,3.31332825789e-06
20040625,0.0
20040626,0.0258178396304
20040627,0.0283426061294
20040628,0.00881489051864
20040629,0.00562976121487
20040630,0.367850643522
20040701,0.0369502033861
20040702,0.0443686479471
20040703,0.205429646368
20040704,0.00675674000662
20040705,0.0905494534002
20040706,0.391009582637
20040707,0.00747578027771
20040708,1.05253043298e-05
20040709,0.0
20040710,0.00487574602152
20040711,0.00364376393193
20040712,6.28554704622e-05
20040713,0.049553394633
20040714,0.00642719388158
20040715,9.80864290139e-05
20040716,0.0125373251199
20040717,0.000221507517512
20040718,0.00336032750698
20040719,0.000766635504444
20040720,1.24958611593e-05
20040721,0.000680849013938
20040722,1.20291354583e-05
20040723,0.000387733764192
20040724,0.89755416078
20040725,0.234782723179
20040726,0.174824705933
20040727,0.149666402389
20040728,0.213340489334
20040729,0.0401769591038
20040730,0.0665753656741
20040731,0.0871633305372
20040801,0.0157891604361
20040802,0.0887300659505
20040803,0.0109820044823
20040804,0.00201781136764
20040805,0.00525845001584
20040806,0.24977471701
20040807,0.01517048636
20040808,0.0517131330616
20040809,0.103386156485
20040810,0.033683479314
20040811,0.000777478665522
20040812,0.0154032976858
20040813,0.00120421006833
20040814,0.00145652089949
20040815,0.497620458506
20040816,0.0125260541779
20040817,0.0223420734442
20040818,0.0154280650337
20040819,0.00460277216094
20040820,0.420295662017
20040821,0.0552836399668
20040822,0.0448575583511
20040823,0.0662041946885
20040824,0.00115594697007
20040825,9.89174824871e-05
20040826,1.69011690434
20040827,0.0581966016937
20040828,0.00484131119327
20040829,0.0210228508201
20040830,0.074588818677
20040831,0.271630767184
20040901,0.0431715932071
20040902,0.00915468725355
20040903,0.0452776542562
20040904,0.0170351847539
20040905,0.0947267025158
20040906,0.138314933099
20040907,0.0404305237422
20040908,0.0164170442487
20040909,0.019555167724
20040910,0.0503820637806
20040911,1.70618800432
20040912,0.030129043288
20040913,0.104511171613
20040914,0.0265703472866
20040915,0.492723618597
20040916,0.0194603724111
20040917,0.000190154155962
20040918,0.20811294867
20040919,0.0355569760464
20040920,0.000775628629595
20040921,0.0359953924749
20040922,0.00088503205601
20040923,0.248793473742
20040924,0.576301425499
20040925,3.95623268717
20040926,0.35957088535
20040927,0.0060772248634
20040928,0.0165714566849
20040929,0.000292483441992
20040930,0.0116289700504
20041001,0.00207342288426
20041002,3.30028949588e-05
20041003,5.35520453098e-05
20041004,0.0365728276516
20041005,0.00381465755395
20041006,0.0141305234201
20041007,0.613563290229
20041008,0.0331219195462
20041009,0.134965254458
20041010,0.0101128780699
20041011,0.0155531236095
20041012,4.03127527965
20041013,1.89041159127
20041014,0.0323900098208
20041015,0.113321574691
20041016,0.00355350541903
20041017,0.503985560238
20041018,1.08585068027
20041019,3.28798799593
20041020,5.33972484856
20041021,1.29482877025
20041022,0.291823819055
20041023,0.128779780561
20041024,0.164394334765
20041025,0.013433165068
20041026,0.0300025272351
20041027,0.0771102373344
20041028,0.524995949491
20041029,0.0106892509733
20041030,0.0131513657006
20041031,0.0198860880535
20041101,0.000347247005415
20041102,0.287224841268
20041103,0.142227345257
20041104,0.62575031512
20041105,0.439415641405
20041106,0.92898171387
20041107,0.400226706018
20041108,0.710802377945
20041109,0.197533217615
20041110,0.0262334388837
20041111,0.0721291429012
20041112,3.08199319489
20041113,4.21636697078
20041114,0.530140376808
20041115,0.392501417533
20041116,0.221152420274
20041117,1.55457942716
20041118,1.42712277016
20041119,0.44041863067
20041120,0.730767973483
20041121,1.50817228249
20041122,0.0623602825985
20041123,0.0401084537843
20041124,0.0887840710965
20041125,0.00156617200958
20041126,0.0384753860522
20041127,0.687553110919
20041128,0.674322783356
20041129,2.45763934205
20041130,0.772892570938
20041201,1.99759843794
20041202,1.14591997309
20041203,0.162643253326
20041204,1.8990209682
20041205,3.0371758832
20041206,1.95851616048
20041207,2.07838148699
20041208,0.0655635055891
20041209,0.174562764946
20041210,0.0398274326967
20041211,0.314616120383
20041212,0.0343048084817
20041213,0.038735255907
20041214,0.301093492556
20041215,0.083560286247
20041216,0.0843871394887
20041217,0.540667834223
20041218,1.67722253127
20041219,0.488773621583
20041220,0.563561069264
20041221,5.01259396248
20041222,1.96707683993
20041223,0.475032278242
20041224,0.497267286955
20041225,1.39934091704
20041226,0.394143391092
20041227,0.495367511427
20041228,0.586023936412
20041229,0.136583995892
20041230,0.400841810503
20041231,0.26277630467
20050101,0.163261647061
20050102,0.127304831614
20050103,1.27761052961
20050104,0.257486223217
20050105,0.0233989719974
20050106,0.012463251234
20050107,0.159622253787
20050108,0.956307848169
20050109,0.829265747407
20050110,0.369595305637
20050111,2.1468866682
20050112,1.13838536973
20050113,2.21375836986
20050114,1.1000870184
20050115,1.04414606917
20050116,0.267901914199
20050117,1.17394144447
20050118,3.06011942851
20050119,0.596894360912
20050120,3.55484669406
20050121,2.41025891325
20050122,0.418877569485
20050123,0.0282139348416
20050124,0.0848841872962
20050125,0.00480472192145
20050126,0.0265801352628
20050127,0.0204775438023
20050128,0.345877997965
20050129,1.03077481342
20050130,0.78490248354
20050131,1.01704403715
20050201,0.465059768448
20050202,0.70970963697
20050203,3.98348050285
20050204,0.322263169846
20050205,0.0779619811893
20050206,0.239899465329
20050207,4.73181066163
20050208,1.39593727649
20050209,0.862992276431
20050210,0.779796061339
20050211,0.0523604004593
20050212,0.571436069947
20050213,0.255230147235
20050214,0.941214081808
20050215,0.677266557526
20050216,0.931301877805
20050217,1.71639783475
20050218,2.75473061101
20050219,1.46214237053
20050220,2.33676450034
20050221,0.998569736532
20050222,1.23490192675
20050223,0.488706332259
20050224,0.0933236224871
20050225,0.865892881534
20050226,0.282825891059
20050227,0.0192967065625
20050228,0.236038965865
20050301,0.206437561741
20050302,0.775545044453
20050303,0.3473169849
20050304,0.503951653351
20050305,0.091047337567
20050306,1.02443416404
20050307,0.593445022572
20050308,0.461754829564
20050309,0.0135658517403
20050310,0.0306562716252
20050311,0.0840258848734
20050312,0.015192430966
20050313,0.255047350899
20050314,5.6132390522
20050315,0.348616130274
20050316,0.681022087312
20050317,0.329921172573
20050318,0.0755530224649
20050319,1.46044777076
20050320,2.29838492165
20050321,4.52404181357
20050322,1.91978161042
20050323,0.628058310212
20050324,0.211728020009
20050325,0.688696992927
20050326,0.394124935322
20050327,0.234083481574
20050328,0.025829062803
20050329,0.0355489256796
20050330,0.00707796652884
20050331,0.000115601451879
20050401,1.37309542116
20050402,0.901494671382
20050403,0.202472896961
20050404,0.436494836151
20050405,0.0247467741934
20050406,12.0866489636
20050407,7.87462724759
20050408,0.374911846515
20050409,0.00503346686549
20050410,1.41521625337e-05
20050411,0.576835426878
20050412,0.0511267731063
20050413,0.00103060931556
20050414,0.0724316200848
20050415,0.0382602504363
20050416,1.07968034671
20050417,0.864273365695
20050418,0.16646315392
20050419,3.24353897428
20050420,1.19852540781
20050421,0.116842083337
20050422,0.268160473481
20050423,1.24052457272
20050424,0.169067542701
20050425,0.0290264608374
20050426,0.00923555464672
20050427,0.0211851234987
20050428,0.000912579469822
20050429,0.00178722853315
20050430,0.489712241684
20050501,0.00898708753118
20050502,0.011167662389
20050503,0.608627328863
20050504,1.53898667822
20050505,0.112295616805
20050506,0.0195552917621
20050507,0.0989180303159
20050508,0.00174203454937
20050509,0.0
20050510,0.0
20050511,0.0158705218182
20050512,0.0118127635181
20050513,0.00781339317722
20050514,1.92570504933
20050515,6.00319811337
20050516,0.124315668568
20050517,0.000333094877653
20050518,0.0337472415858
20050519,0.0420950338037
20050520,0.0328808634469
20050521,0.00276065963263
20050522,0.0524478850723
20050523,0.165730546388
20050524,0.063690887833
20050525,0.0010738364815
20050526,0.00144825011709
20050527,0.0370111288705
20050528,0.46188520035
20050529,0.619603753094
20050530,0.0108193290646
20050531,2.86944332986e-07
20050601,0.0607885204559
20050602,0.00286807050831
20050603,3.16973196247e-05
20050604,0.0161732827503
20050605,0.00567200413711
20050606,0.0161614006188
20050607,1.31311327158
20050608,0.372964967901
20050609,0.00619242786851
20050610,2.21425125746e-05
20050611,3.87232219895e-07
20050612,0.285305037839
20050613,0.288478367981
20050614,0.00500773208601
20050615,0.0881937314401
20050616,0.00155819317319
20050617,0.0
20050618,0.0412000280081
20050619,0.020728832346
20050620,0.00188842701812
20050621,0.0402931580017
20050622,0.344727964478
20050623,1.31233863705
20050624,0.140079781428
20050625,0.0271781646718
20050626,0.0901439525228
20050627,0.0432859334796
20050628,0.00118691224594
20050629,7.9530626508e-06
20050630,0.0
20050701,0.00449505050621
20050702,7.94178413273e-05
20050703,0.014569053652
20050704,0.0146036898396
20050705,0.00097732765712
20050706,0.0216447961047
20050707,0.000382190955907
20050708,0.00155956789517
20050709,2.75542037248e-05
20050710,0.0
20050711,0.0
20050712,0.0
20050713,0.0
20050714,0.0
20050715,0.00429860286747
20050716,7.59470462937e-05
20050717,0.000524487560719
20050718,0.0673982347959
20050719,0.00119061759675
20050720,0.46499349373
20050721,0.0351750710042
20050722,0.0643286968491
20050723,0.0267188063477
20050724,0.000452132017147
20050725,0.099243098657
20050726,0.00175341160247
20050727,0.00327857154567
20050728,0.0699015096173
20050729,0.00959093382003
20050730,0.0118550451392
20050731,0.00020684443134
20050801,0.0
20050802,0.0918284591863
20050803,0.0172122787525
20050804,0.000275439345043
20050805,0.0
20050806,0.0
20050807,0.0
20050808,0.926827770222
20050809,0.106422108584
20050810,1.24902423035
20050811,0.0504834534339
20050812,0.013406948781
20050813,0.0939260902015
20050814,0.0857926463197
20050815,0.543661351456
20050816,0.0267984353558
20050817,0.253548748478
20050818,0.544950145766
20050819,0.118094594096
20050820,0.00191776588126
20050821,0.179157462713
20050822,0.414024647367
20050823,0.0558072389293
20050824,0.00158111666112
20050825,0.0861781806189
20050826,0.0967480620293
20050827,0.160186769981
20050828,0.019277558609
20050829,0.0110569472165
20050830,0.0189324734035
20050831,0.236174501703
20050901,0.741667296436
20050902,0.0384663758112
20050903,0.000449405162499
20050904,0.0975438700964
20050905,0.222329414888
20050906,0.0290931905567
20050907,0.459998061064
20050908,0.0388148729551
20050909,0.000542324438807
20050910,4.90839855496e-05
20050911,0.0198864784959
20050912,0.000351335853071
20050913,0.0
20050914,0.0
20050915,0.00048808535615
20050916,0.00551500290102
20050917,9.7285862966e-05
20050918,0.0
20050919,0.0
20050920,0.0
20050921,0.00506560431214
20050922,0.0367484945659
20050923,0.0598607767545
20050924,0.542226365892
20050925,0.743043003675
20050926,0.045425977963
20050927,0.212677802286
20050928,0.0362909694398
20050929,0.000574974292834
20050930,0.0437518946658
20051001,0.0391477021062
20051002,0.0672473561471
20051003,0.0143287326458
20051004,0.047549985423
20051005,0.112226724173
20051006,0.442111704314
20051007,0.114314261571
20051008,1.4791664463
20051009,0.033674786891
20051010,0.083015449993
20051011,0.0395329156461
20051012,0.0116686425209
20051013,0.138969658243
20051014,0.194419867173
20051015,1.74052621878
20051016,1.6063704109
20051017,3.03113663475
20051018,2.94651001513
20051019,0.660330956603
20051020,0.0262130905459
20051021,0.0107470497032
20051022,0.000185054523911
20051023,6.22626780689e-05
20051024,0.780295915023
20051025,0.0713705589757
20051026,0.265585814288
20051027,0.378588145948
20051028,3.34449501542
20051029,1.86874469845
20051030,2.66292293037
20051031,0.524468942592
20051101,0.453201776736
20051102,0.414848532482
20051103,0.0957637422355
20051104,0.0599001474812
20051105,0.228756103731
20051106,0.759303599883
20051107,0.131480749072
20051108,0.0558586584269
20051109,0.000950025450542
20051110,0.378651655123
20051111,2.07808476272
20051112,1.20406789548
20051113,1.7129710633
20051114,0.0608939058082
20051115,0.00422527464817
20051116,0.00325859183942
20051117,0.174247072961
20051118,0.0743392229464
20051119,2.65531715426
20051120,0.443996758104
20051121,2.1848645179
20051122,0.551837886968
20051123,0.0232859249062
20051124,2.14013706477
20051125,0.702190151574
20051126,0.980693493984
20051127,0.429388244844
20051128,3.46272444754
20051129,1.8885005644
20051130,5.8719338902
20051201,1.1655834326
20051202,0.209023270297
20051203,0.388027716433
20051204,0.225976257797
20051205,0.30105904526
20051206,0.819003105539
20051207,0.0792121449861
20051208,0.113903599973
20051209,0.456924200948
20051210,0.166459599469
20051211,0.00301994112232
20051212,0.0158659824296
20051213,0.000711974329858
20051214,0.0020872729087
20051215,1.88776145993
20051216,0.247597049598
20051217,0.482003340026
20051218,0.247490847633
20051219,0.360703402846
20051220,2.80676228599
20051221,0.378114646514
20051222,0.0375858452471
20051223,0.06764561124
20051224,0.416470529032
20051225,0.192075896938
20051226,0.684800374342
20051227,0.0800460780086
20051228,0.0294075651713
20051229,0.195570338222
20051230,1.96026824982
20051231,3.1933076114
20060101,2.54998280909
20060102,0.446474938569
20060103,1.51002794204
20060104,0.620771905321
20060105,0.980159010886
20060106,3.34404570124
20060107,4.4035669966
20060108,7.09864810797
20060109,1.9200782984
20060110,0.956117976925
20060111,0.205318854126
20060112,0.125603751137
20060113,0.231179264365
20060114,1.62530228644
20060115,2.711379867
20060116,1.52017313927
20060117,10.5372253129
20060118,2.66930514146
20060119,0.526553436467
20060120,0.456596936605
20060121,7.19013490095
20060122,3.24314984575
20060123,2.02299263216
20060124,2.63479976289
20060125,1.53289747629
20060126,2.39012146419
20060127,7.04718479005
20060128,0.85447141267
20060129,2.20786636965
20060130,1.04277755709
20060131,0.0322914627782
20060201,0.29469527017
20060202,1.68221639667
20060203,1.79877347223
20060204,1.36314948275
20060205,6.38993444225
20060206,3.62352380662
20060207,3.16909277688
20060208,5.03656085389
20060209,1.47381165346
20060210,0.630644839014
20060211,0.823546246848
20060212,2.21839762626
20060213,1.0098364394
20060214,0.118067463641
20060215,0.122521848485
20060216,1.26615846242
20060217,0.489654103262
20060218,2.70715336724
20060219,1.53007022097
20060220,2.59655108585
20060221,1.33888026432
20060222,0.458341497784
20060223,1.19170065544
20060224,1.78612109105
20060225,9.1235507486
20060226,3.17074143363
20060227,1.16229170624
20060228,0.338511363439
20060301,0.161179326487
20060302,0.201295954376
20060303,0.379526293054
20060304,0.0764093203285
20060305,0.0138194791662
20060306,0.00928538739785
20060307,0.0236474082027
20060308,0.146818924614
20060309,0.181692765585
20060310,0.0173912873868
20060311,0.242591006113
20060312,2.94985227423
20060313,0.157934746079
20060314,0.186508103291
20060315,3.47630204854
20060316,1.90693663628
20060317,1.27250398838
20060318,0.618360919616
20060319,3.88767519108
20060320,1.17979555373
20060321,3.79234605964
20060322,1.01782005141
20060323,0.159257672221
20060324,0.280702803505
20060325,0.394646306783
20060326,0.247156279359
20060327,0.815596462453
20060328,0.243966920749
20060329,0.016298100317
20060330,0.575516384641
20060331,0.68736870988
20060401,0.0798517486432
20060402,0.163769172363
20060403,0.0774637805239
20060404,0.0338729201456
20060405,0.0202823582268
20060406,0.0166204109247
20060407,0.114371245836
20060408,0.267866682916
20060409,0.439112192568
20060410,3.46688267592
20060411,2.28095381784
20060412,0.552528478092
20060413,0.0507503918198
20060414,0.308392449704
20060415,0.191177605618
20060416,0.708852235977
20060417,8.09319412012
20060418,0.992537510281
20060419,2.01950984854
20060420,0.333765485163
20060421,2.87022065606
20060422,6.75793678549
20060423,0.187941456155
20060424,0.00443999679741
20060425,0.000556832910399
20060426,0.00148137441613
20060427,2.60165935018e-05
20060428,0.000288593430843
20060429,5.09882462384e-06
20060430,0.161164695196
20060501,0.999528768586
20060502,4.34605915027
20060503,1.51892056158
20060504,0.0265098004062
20060505,0.00430208779694
20060506,0.719050876226
20060507,0.0271216421905
20060508,0.00649586536432
20060509,0.164150732061
20060510,0.00289824132393
20060511,0.0
20060512,0.0
20060513,0.000109863273984
20060514,0.0696061130576
20060515,0.0288512702423
20060516,0.00198505172033
20060517,0.545969551463
20060518,0.914490142726
20060519,2.7078999509
20060520,1.53659285932
20060521,0.197712943524
20060522,0.00658244532662
20060523,0.22918731609
20060524,0.0746110162011
20060525,0.005736945292
20060526,0.0147446078752
20060527,0.108263200767
20060528,0.0203635347633
20060529,0.00037882487374
20060530,0.00443326993991
20060531,0.207780677394
20060601,0.00792389248643
20060602,0.138060522252
20060603,0.012945989585
20060604,0.000185655211806
20060605,0.00113505462595
20060606,2.00539667713e-05
20060607,0.0
20060608,0.00210742211529
20060609,3.72336046999e-05
20060610,0.000114317375094
20060611,0.00522561499795
20060612,0.235916735903
20060613,0.548576944151
20060614,0.105992767472
20060615,0.00216726659825
20060616,8.2074568299e-06
20060617,0.00226060986086
20060618,0.0359227248377
20060619,0.0261981843998
20060620,0.00703342124687
20060621,0.0036874235697
20060622,0.104745148304
20060623,0.00193023865258
20060624,0.0103652350231
20060625,0.000259340472351
20060626,0.000286132082466
20060627,5.03154060855e-06
20060628,1.43771494342
20060629,0.672812263338
20060630,0.0147819840683
20060701,0.000106606198913
20060702,8.39778675081e-07
20060703,4.3975698306e-05
20060704,7.76955601468e-07
20060705,0.0
20060706,0.00628302341592
20060707,0.114507500476
20060708,0.0020211394896
20060709,0.00127442948195
20060710,2.25164221733e-05
20060711,0.00953983094522
20060712,0.00232859466451
20060713,0.00511969123673
20060714,0.2004036958
20060715,0.0925364959953
20060716,0.464447465641
20060717,0.0874968853508
20060718,0.0348677971327
20060719,0.00656610194503
20060720,0.0131078291412
20060721,0.232336742561
20060722,0.261740811452
20060723,0.0755483911591
20060724,0.0721279616042
20060725,0.0258361113113
20060726,0.000434344955566
20060727,0.0
20060728,0.000136117904495
20060729,0.000261536453727
20060730,4.57829567573e-06
20060731,0.0693588462871
20060801,0.831068991102
20060802,1.8996201347
20060803,1.12383842659
20060804,0.0503814977218
20060805,0.00146447080231
20060806,0.0216310530836
20060807,0.0307538249524
20060808,0.0270436951741
20060809,0.0174713283827
20060810,0.002544863014
20060811,0.228548387668
20060812,0.362328767776
20060813,0.0063302386906
20060814,0.00310959239095
20060815,0.138479257736
20060816,0.60388086657
20060817,0.0473826888818
20060818,0.0120752573051
20060819,0.006920072094
20060820,0.0155268245385
20060821,0.0068809451184
20060822,3.21161910182
20060823,1.76734057817
20060824,2.02092850903
20060825,0.396643901505
20060826,0.0145300280773
20060827,0.000225042189292
20060828,1.43396615727e-06
20060829,0.0938905855597
20060830,0.0016588442767
20060831,0.0
20060901,0.00119457864968
20060902,0.0622535522106
20060903,0.0249435364473
20060904,0.0315928167408
20060905,0.000550733985599
20060906,0.032958342535
20060907,0.00090590757919
20060908,0.080195722827
20060909,0.0463725570971
20060910,0.0011387067853
20060911,0.00316526241585
20060912,5.58158481353e-05
20060913,0.36930501444
20060914,0.00752284467114
20060915,0.0265273258554
20060916,0.0276548867402
20060917,1.17782302925
20060918,0.0915913763837
20060919,0.012927644629
20060920,0.000206306232095
20060921,0.0
20060922,0.0096305036179
20060923,0.00207125111479
20060924,3.35883550098e-05
20060925,0.0
20060926,0.096907862471
20060927,0.0178910212362
20060928,0.00338579842785
20060929,5.47694780962e-05
20060930,0.000116585127676
20061001,0.0446977662536
20061002,0.0402421247205
20061003,0.663068353701
20061004,0.455955401763
20061005,0.15081270763
20061006,0.209424235629
20061007,2.23126432968
20061008,1.57080153174
20061009,1.79772080126
20061010,0.138964907231
20061011,0.101673157695
20061012,0.732665891379
20061013,0.646961342585
20061014,1.55617897186
20061015,0.504951911238
20061016,1.00778010895
20061017,1.35778252975
20061018,0.487681909726
20061019,0.809574281965
20061020,2.67726483206
20061021,0.312010056354
20061022,0.16243022943
20061023,0.0293321149305
20061024,0.000468993456284
20061025,0.000832335041271
20061026,0.0497629746967
20061027,0.135397969769
20061028,2.18596965278
20061029,3.20196373509
20061030,1.52342327136
20061031,0.126504060061
20061101,0.653561747882
20061102,6.79101127741
20061103,0.309915383147
20061104,0.0539586862596
20061105,0.0185787730058
20061106,0.00785034555407
20061107,0.00661526866781
20061108,0.099295787489
20061109,0.371173625017
20061110,0.127520359987
20061111,0.0437462089456
20061112,0.382659571622
20061113,0.271232879003
20061114,0.110049406182
20061115,0.10420632209
20061116,0.56022456015
20061117,0.846539390258
20061118,0.748772895877
20061119,1.19057237547
20061120,1.1219997922
20061121,0.719722145367
20061122,0.10784796402
20061123,0.297638063057
20061124,0.0351529108992
20061125,0.171479524108
20061126,0.0447250184636
20061127,1.12622788777
20061128,0.272750308493
20061129,0.256741546396
20061130,0.273233278871
20061201,0.483335474207
20061202,0.199896818488
20061203,0.109980965884
20061204,0.0324695149927
20061205,0.000540391283668
20061206,0.0
20061207,0.00067753037871
20061208,1.1173991923
20061209,0.411403807713
20061210,0.97363801764
20061211,0.0242763094141
20061212,0.000127146330697
20061213,0.0
20061214,0.00402266525673
20061215,0.219026979855
20061216,0.267542281639
20061217,0.698738909099
20061218,0.358849725723
20061219,0.863376589805
20061220,2.5586648699
20061221,1.13940271991
20061222,1.47238796135
20061223,2.81244930717
20061224,6.71304909839
20061225,1.48274730264
20061226,0.57825167225
20061227,0.902018979992
20061228,0.373011074914
20061229,0.664103887304
20061230,0.154665799778
20061231,0.0849296593045
20070101,0.0531404523784
20070102,0.00543258114077
20070103,0.0056677068024
20070104,0.0312125564421
20070105,0.474406914695
20070106,0.229277614853
20070107,0.343168822264
20070108,0.00788443463627
20070109,3.33981922229e-05
20070110,0.00495908012675
20070111,0.707213879256
20070112,0.289218810825
20070113,0.263212776614
20070114,2.99728706942
20070115,3.59310762251
20070116,0.642952384685
20070117,0.258573907617
20070118,0.502686481946
20070119,0.017423549168
20070120,0.0197483875157
20070121,0.435851456625
20070122,2.85097297109
20070123,1.20950714695
20070124,0.75598895743
20070125,3.10128307888
20070126,3.72008243018
20070127,0.581796665858
20070128,0.566085105855
20070129,0.679518730397
20070130,1.3619421806
20070131,1.16434116745
20070201,2.38246527992
20070202,0.219952844407
20070203,0.180037930731
20070204,0.00557374754908
20070205,0.072823556998
20070206,0.0622166679133
20070207,0.850127860026
20070208,0.349531536755
20070209,0.968079084659
20070210,1.21246124152
20070211,0.550205573337
20070212,0.0630300903609
20070213,0.000977837136322
20070214,5.19195299857e-07
20070215,0.0952256992102
20070216,0.0109346808861
20070217,0.00819532172467
20070218,0.362509630144
20070219,0.845815335089
20070220,0.603351478337
20070221,0.219470732866
20070222,0.141875296545
20070223,0.821418208875
20070224,1.17087792464
20070225,0.400960034523
20070226,0.48623843347
20070227,1.68284516993
20070228,1.58088059894
20070301,0.22010183954
20070302,0.329702828634
20070303,0.732077440098
20070304,2.10836952542
20070305,0.857034161506
20070306,0.0145874781777
20070307,0.00665530817455
20070308,0.087111954263
20070309,0.0760553386704
20070310,0.308768775926
20070311,0.647348130499
20070312,0.177457323496
20070313,0.191038591324
20070314,0.0153980054091
20070315,0.0734557950448
20070316,0.16283931875
20070317,0.0653493912251
20070318,0.108561488112
20070319,0.0176797568658
20070320,0.0056891657369
20070321,0.000393731180422
20070322,0.434439798459
20070323,0.291792709937
20070324,0.318539412944
20070325,0.155076371234
20070326,2.59403928486
20070327,0.818384080625
20070328,1.72112025494
20070329,0.779716097718
20070330,0.342921757965
20070331,1.04386277067
20070401,0.582741330718
20070402,1.77850622387
20070403,1.11529365282
20070404,0.878283838361
20070405,0.197006461805
20070406,0.67514138187
20070407,0.453643011794
20070408,1.39197382545
20070409,0.834306114662
20070410,0.59827569421
20070411,0.0584825752572
20070412,0.062223025466
20070413,0.121739994196
20070414,0.614994225039
20070415,1.92877128834
20070416,1.62481586183
20070417,0.282559699655
20070418,2.15156400473
20070419,0.123807690407
20070420,1.80855174293
20070421,0.525421396471
20070422,1.59586541748
20070423,0.246870665809
20070424,0.0759637157505
20070425,0.139054425826
20070426,0.300417728634
20070427,1.08009471727
20070428,0.0372735322541
20070429,0.0845308754572
20070430,0.00505772568295
20070501,0.00374830876799
20070502,0.541571641531
20070503,0.0117949546833
20070504,0.000394165780111
20070505,0.00666413029799
20070506,0.00217647578984
20070507,0.00183910136765
20070508,0.128240790341
20070509,0.00226517551306
20070510,0.00734698460509
20070511,0.00851194962696
20070512,0.000295057711475
20070513,0.0380997901444
20070514,0.0990256248673
20070515,0.139120272906
20070516,0.00242725421244
20070517,0.000381591254209
20070518,0.00857581622899
20070519,0.0714126014259
20070520,1.14195676067
20070521,0.152888831658
20070522,0.118975831923
20070523,0.0678987982425
20070524,0.0202542903365
20070525,0.063362042407
20070526,0.12753158653
20070527,0.0251295887409
20070528,0.00656319905253
20070529,0.00568842451494
20070530,0.000147180981074
20070531,0.018478737259
20070601,0.170927139902
20070602,0.200793050975
20070603,0.0293629577733
20070604,0.133394352197
20070605,0.724726623125
20070606,4.92340770443
20070607,0.174664910848
20070608,0.319983178977
20070609,0.0683771790267
20070610,0.0299648202855
20070611,0.0262770793863
20070612,0.132341552149
20070613,0.00966930566827
20070614,0.00694807426315
20070615,0.0936752774168
20070616,0.048135069503
20070617,0.140406461138
20070618,0.286082344065
20070619,0.0050108863796
20070620,0.0396268007186
20070621,0.0406758012154
20070622,0.0226297769089
20070623,0.056682969526
20070624,0.0538110040771
20070625,0.00735918731499
20070626,0.384864900947
20070627,0.417604096002
20070628,0.0525749164204
20070629,0.00404886688539
20070630,0.0233543027559
20070701,0.154221786986
20070702,0.014628319998
20070703,0.0234863827508
20070704,0.020884209863
20070705,0.0452547256395
20070706,0.0273745585091
20070707,0.00484881419119
20070708,0.00285535568435
20070709,0.125366313028
20070710,0.147472044784
20070711,0.0138733988401
20070712,0.210056034449
20070713,0.00551915059857
20070714,0.0244512156241
20070715,0.0563553262558
20070716,0.000988054611987
20070717,0.019508482949
20070718,0.0134644250432
20070719,0.000283266164643
20070720,0.00905952347468
20070721,0.0970316050599
20070722,0.00208612254241
20070723,3.6132277258e-05
20070724,0.0427416330982
20070725,0.1982515478
20070726,0.0150370499389
20070727,0.999924422754
20070728,0.108420718034
20070729,0.0475168106441
20070730,0.0504797126414
20070731,0.0312585097957
20070801,0.0204877472421
20070802,0.000655794091251
20070803,0.150858860852
20070804,0.0111400482614
20070805,0.0704556895091
20070806,0.125575562853
20070807,0.297809693097
20070808,0.00892186667791
20070809,0.0378640595734
20070810,0.0788357163123
20070811,0.148366928173
20070812,0.0672513484211
20070813,0.00400515106521
20070814,0.0779394014663
20070815,0.115296417139
20070816,0.0352280003306
20070817,0.00865777490124
20070818,0.00576052666687
20070819,0.000179195709704
20070820,0.0511830210334
20070821,0.00936010062841
20070822,0.0741589602789
20070823,0.00596259117137
20070824,0.249366185244
20070825,0.0458542698088
20070826,0.00901878650147
20070827,0.0463905807614
20070828,0.0101031165444
20070829,0.057216083569
20070830,0.0780607014948
20070831,0.0013613553252
20070901,0.0419451089246
20070902,0.0330241376796
20070903,0.000593163146605
20070904,0.000781945147633
20070905,0.00408511556802
20070906,0.0325371354463
20070907,0.00166149765215
20070908,1.92209806784e-05
20070909,0.0305199294178
20070910,0.000539221322264
20070911,0.00743771179329
20070912,0.045722481821
20070913,0.0121618827338
20070914,0.0293987436914
20070915,0.00472714499552
20070916,0.00689222257345
20070917,0.0010629604036
20070918,1.66520170617e-05
20070919,0.0264534550477
20070920,0.00483829928018
20070921,0.00450390976103
20070922,0.0812105024689
20070923,0.00398721792705
20070924,0.00214607235844
20070925,0.00704169798118
20070926,0.0845031826514
20070927,9.83133339331
20070928,0.746485412275
20070929,0.048124718299
20070930,0.183942919949
20071001,0.843146334828
20071002,2.12150151225
20071003,0.420197511705
20071004,0.337326216149
20071005,0.372419599277
20071006,1.76839554351
20071007,0.21702990363
20071008,0.0306104411355
20071009,3.03753322842
20071010,0.0786829565578
20071011,0.0256575437479
20071012,0.0197165604565
20071013,0.589107290337
20071014,1.14354513528
20071015,0.0779747492695
20071016,0.104462529636
20071017,0.65820157164
20071018,1.93562160292
20071019,0.587569881725
20071020,0.965164305422
20071021,0.599793731056
20071022,0.977655596083
20071023,0.654303441036
20071024,0.222842416319
20071025,0.0434697323469
20071026,0.713477182941
20071027,0.770338765589
20071028,0.223322140545
20071029,2.92324922276
20071030,0.370344433656
20071031,2.81169145725
20071101,1.2589230231
20071102,0.166773108237
20071103,0.504388389443
20071104,0.978335776556
20071105,0.828577413332
20071106,3.59729391707
20071107,0.163471512692
20071108,0.0791691073949
20071109,0.0569434835796
20071110,0.00889522634076
20071111,0.000609917997469
20071112,0.0171545936191
20071113,0.00450092590896
20071114,0.000456603949595
20071115,0.335233506402
20071116,0.230568728807
20071117,0.700187692578
20071118,0.202336475999
20071119,0.996946490648
20071120,2.97230121758
20071121,0.760527666081
20071122,3.64450517214
20071123,0.122179818945
20071124,0.205451836101
20071125,0.0154138328559
20071126,0.0837654815013
20071127,0.0418982016419
20071128,0.074427545023
20071129,0.983260762229
20071130,7.86609192101
20071201,1.51784178626
20071202,0.400757552966
20071203,2.56039679951
20071204,0.16256959093
20071205,1.48065324841
20071206,3.68193263432
20071207,7.18442727415
20071208,1.6654212989
20071209,0.146209685487
20071210,0.674998632795
20071211,0.412624588394
20071212,0.721972493909
20071213,0.0557825046433
20071214,0.164963142032
20071215,1.43587691707
20071216,5.63498249694
20071217,2.21487952202
20071218,0.0886215318239
20071219,0.0323866668438
20071220,0.374963108814
20071221,0.427996249181
20071222,0.0461349764107
20071223,0.814275206824
20071224,1.88799086994
20071225,3.2329807779
20071226,1.23045524496
20071227,0.051178009504
20071228,0.010351787658
20071229,0.101211006858
20071230,0.491020547142
20071231,0.684645195973
20080101,0.238750968259
20080102,0.736356056027
20080103,0.849079497301
20080104,1.85177000777
20080105,0.523084249924
20080106,3.14596123847
20080107,1.20700370828
20080108,0.0698846103775
20080109,0.0718306189549
20080110,0.01012107788
20080111,0.268538055922
20080112,0.0632856420184
20080113,7.01267189843
20080114,3.47090608217
20080115,3.10395477068
20080116,0.379927740691
20080117,0.381934188941
20080118,3.0025974086
20080119,1.65284536373
20080120,1.66472516293
20080121,3.71832236684
20080122,1.08380448558
20080123,0.162569315293
20080124,0.617119490839
20080125,0.0416865597769
20080126,1.01034039325
20080127,1.642140694
20080128,0.774476375572
20080129,1.05018192085
20080130,0.140482958537
20080131,1.4185273945
20080201,0.320264823099
20080202,1.28012125541
20080203,0.664666850604
20080204,0.530238862721
20080205,1.6938713774
20080206,1.38368221659
20080207,1.99353683479
20080208,2.30772615264
20080209,3.82385247398
20080210,1.84600978015
20080211,3.37566372564
20080212,0.431604060077
20080213,1.24151554703
20080214,0.705366497973
20080215,0.694256394257
20080216,0.0649330084703
20080217,1.09368528365
20080218,1.03581094169
20080219,0.763703702523
20080220,0.869820776073
20080221,1.25071047557
20080222,1.69896959083
20080223,1.63528384987
20080224,2.30030135143
20080225,1.40741670906
20080226,1.54951612968
20080227,0.466008556877
20080228,0.0777412790864
20080229,1.23062042203
20080301,1.72529347099
20080302,0.111168117035
20080303,1.2311835832
20080304,1.11959797587
20080305,1.60066412712
20080306,2.13548750312
20080307,4.54977124227
20080308,2.61982199613
20080309,0.779188460307
20080310,1.39135148793
20080311,1.98646822663
20080312,0.843268698231
20080313,0.553235734114
20080314,1.3734664697
20080315,0.71390385569
20080316,0.770998105397
20080317,0.647721254835
20080318,1.38589390462
20080319,0.0267363588516
20080320,0.0180467023628
20080321,0.307605011922
20080322,2.35828916003
20080323,0.725977631842
20080324,0.10277068523
20080325,0.0480164414458
20080326,0.900236138843
20080327,1.71504139672
20080328,0.376135473604
20080329,0.273207914195
20080330,2.63164780917
20080331,0.948038007414
20080401,1.34034490611
20080402,3.19555622127
20080403,0.326333356413
20080404,0.902626363667
20080405,1.58058543631
20080406,2.4391211933
20080407,0.0448618071686
20080408,0.00172045202197
20080409,0.0183728479416
20080410,0.561199502607
20080411,1.62075536837
20080412,1.21927497297
20080413,0.62361980911
20080414,0.0866233883998
20080415,0.0354196679877
20080416,0.0406358914046
20080417,0.0383334877066
20080418,0.118732138588
20080419,0.0882919931897
20080420,0.414277748632
20080421,0.291864870638
20080422,0.0340862454966
20080423,0.0283481317691
20080424,0.0929993506631
20080425,0.0201271891699
20080426,0.0967882602579
20080427,0.0261822176752
20080428,0.100426369999
20080429,0.02524009249
20080430,0.00812505077589
20080501,0.0318426867243
20080502,0.463795428698
20080503,6.97929071423
20080504,2.2135760163
20080505,0.0820521389521
20080506,0.00320491582273
20080507,0.000195725060174
20080508,0.015884856967
20080509,0.210881016356
20080510,0.132619361978
20080511,0.0188754514386
20080512,0.0321774802909
20080513,0.122426096443
20080514,0.0408656542702
20080515,0.0054630285661
20080516,2.40984470911
20080517,4.42707764255
20080518,0.164624424991
20080519,0.0303705807944
20080520,0.376818024738
20080521,0.961384595491
20080522,0.118786611917
20080523,0.63281374763
20080524,3.37179026343
20080525,2.02336696606
20080526,0.640878350052
20080527,0.104678919518
20080528,0.0284515978115
20080529,0.0191783901288
20080530,0.0516854213983
20080531,0.0531610796637
20080601,0.000923211071218
20080602,0.00334203289291
20080603,0.301957380527
20080604,2.33628768962
20080605,0.0498576543465
20080606,0.00947582411095
20080607,0.0933981956062
20080608,0.339743330512
20080609,0.0278102482569
20080610,0.0335737551574
20080611,0.00609330333048
20080612,0.00389375893182
20080613,0.00544354782933
20080614,9.49906714037e-05
20080615,0.0177442608976
20080616,0.0224602359336
20080617,0.0600158625167
20080618,1.05933513071
20080619,4.61738138494
20080620,0.323093351121
20080621,0.457376053236
20080622,0.0305092337699
20080623,0.000420386119815
20080624,9.64399363023e-05
20080625,0.0374339724172
20080626,0.0557139062038
20080627,0.0672980398176
20080628,0.0913707967346
20080629,0.00231621248194
20080630,0.0293761020123
20080701,0.0299712100136
20080702,0.000575014752545
20080703,9.65616726692e-07
20080704,0.431536103558
20080705,0.17896731991
20080706,0.134670692815
20080707,0.148754772964
20080708,0.81240665163
20080709,0.765795538986
20080710,0.138536023727
20080711,0.002381542651
20080712,0.045702537694
20080713,0.0498305633738
20080714,0.0435320904863
20080715,0.0541936205105
20080716,0.0489517333284
20080717,0.0073406767087
20080718,0.00794789260822
20080719,0.000139207686251
20080720,1.43498841477e-08
20080721,0.0
20080722,0.00228141179204
20080723,0.0093123849701
20080724,0.129478435887
20080725,0.0207354503315
20080726,0.00200111092201
20080727,2.95958625775e-05
20080728,0.129841501978
20080729,0.00778089017328
20080730,0.0110638354166
20080731,0.0107294581009
20080801,0.0588645287236
20080802,0.00585460614315
20080803,8.51216591079e-05
20080804,0.0025214538235
20080805,0.00353604753269
20080806,0.000164042096882
20080807,0.000393791142066
20080808,0.000157664895704
20080809,2.66324003602e-06
20080810,0.0
20080811,0.114022676753
20080812,0.0365488350307
20080813,0.0107130337977
20080814,0.00721261897882
20080815,0.0829987360898
20080816,0.793952743197
20080817,0.046250181594
20080818,0.00443728721119
20080819,0.0323719531458
20080820,0.061170563269
20080821,0.228469706956
20080822,0.138308056051
20080823,0.0179837683299
20080824,0.114265914435
20080825,0.0464285269354
20080826,0.0029792495943
20080827,0.037400382033
20080828,0.0422930225865
20080829,0.321716019272
20080830,0.279245802371
20080831,0.513097366436
20080901,0.054477369175
20080902,0.0178064378694
20080903,0.0539903846814
20080904,0.0130325797273
20080905,0.000213498108427
20080906,0.0
20080907,0.074832682603
20080908,0.0217803674978
20080909,0.831334896866
20080910,0.0244327481227
20080911,0.0151348853234
20080912,0.0820956822191
20080913,0.00165064623642
20080914,0.00106231202194
20080915,0.210297533981
20080916,0.0776164333723
20080917,0.00187893017442
20080918,0.0271151802767
20080919,0.588481170305
20080920,0.391078001505
20080921,0.0476140649139
20080922,0.0199720872162
20080923,0.022328848885
20080924,0.0225688370295
20080925,0.792736016458
20080926,0.163066489627
20080927,0.113416842719
20080928,0.0108723313878
20080929,0.00442682918017
20080930,0.169054689015
20081001,0.00434249348934
20081002,0.00724768784385
20081003,0.028024499575
20081004,0.0152850899386
20081005,0.0404358586
20081006,0.187275688633
20081007,0.159374886303
20081008,0.13023950227
20081009,0.0269420308619
20081010,0.00863496073966
20081011,0.00836822883642
20081012,0.00122860231492
20081013,1.91398060851e-05
20081014,0.000323952003626
20081015,0.0556634955807
20081016,0.0598980827519
20081017,0.336840345308
20081018,0.324957633336
20081019,1.04710442094
20081020,0.323595752209
20081021,0.357772281928
20081022,0.0249714782286
20081023,0.0481503218346
20081024,0.423882220355
20081025,1.097019223
20081026,0.781106268349
20081027,3.39764349412
20081028,0.390183099506
20081029,0.448565953086
20081030,0.306576679552
20081031,0.180587603746
20081101,0.00325646658859
20081102,0.260027272169
20081103,0.240545612376
20081104,0.026375167094
20081105,0.0187627975133
20081106,1.25752128631
20081107,2.51667184495
20081108,1.87200515031
20081109,0.449536577116
20081110,4.53288782833
20081111,0.579032554792
20081112,2.3696886194
20081113,0.937944898205
20081114,0.124713267686
20081115,0.00291889166037
20081116,1.7583726063e-05
20081117,0.242731414718
20081118,0.112090160566
20081119,0.589866376306
20081120,2.0547625458
20081121,1.7106010961
20081122,2.82601924415
20081123,0.460035851385
20081124,0.20602205263
20081125,0.602964218968
20081126,0.809552821163
20081127,1.96911598261
20081128,3.20512041607
20081129,3.42421718798
20081130,1.94768120038
20081201,0.844727978277
20081202,3.87649216486
20081203,0.971036797064
20081204,1.18265316264
20081205,0.464203980006
20081206,0.356904538692
20081207,0.380757971427
20081208,0.832638502878
20081209,2.14604353646
20081210,4.02438708553
20081211,0.612050418611
20081212,1.55846114929
20081213,0.446464421123
20081214,0.401984967502
20081215,1.04432642015
20081216,0.551835319214
20081217,0.0144115255154
20081218,0.063144786804
20081219,1.23470699951
20081220,0.0324564663779
20081221,0.109525425948
20081222,0.288883034316
20081223,0.0902838621033
20081224,0.43891821752
20081225,0.161221934692
20081226,0.00311495542234
20081227,0.111693777515
20081228,0.676854673781
20081229,1.02240115376
20081230,0.0312638956095
20081231,0.0362210730082
20090101,1.97184587922
20090102,0.397449408624
20090103,0.220590006136
20090104,0.0959384305094
20090105,0.00520612780394
20090106,0.28540414793
20090107,0.485107703669
20090108,0.836104458127
20090109,1.37463799166
20090110,4.50710072228
20090111,1.03303481736
20090112,3.40054919192
20090113,1.04528934831
20090114,0.430300166032
20090115,0.125100183915
20090116,0.00510910975199
20090117,1.06898492882
20090118,1.01049900451
20090119,0.316814406041
20090120,0.0258672900108
20090121,0.261264209557
20090122,3.91591234668
20090123,1.37095635512
20090124,1.39754931656
20090125,0.189555905496
20090126,2.30464807237
20090127,5.46903589089
20090128,0.0
20090130,0.0
20090131,0.0
20090201,0.0
20090202,0.0
20090204,0.0
20090205,0.0
20090206,0.0
20090207,0.0
20090210,0.0
20090211,0.0
20090212,0.0
20090213,0.0
20090214,0.0
20090215,0.0
20090217,0.0
20090218,0.0
20090219,0.0
20090220,0.0
20090222,0.0
20090223,0.0
20090226,0.0
20090227,0.0
20090228,0.0
20090302,0.0
20090303,0.0
20090304,0.0
20090305,0.0
20090306,0.0
20090307,0.0
20090308,0.0
20090310,0.0
20090311,0.0
20090312,4.60710429778
20090313,2.54340795812
20090314,0.295039855856
20090315,0.315057743128
20090316,0.340950981025
20090317,0.325354934213
20090318,0.332194311172
20090319,1.87271684679
20090320,0.374118611303
20090321,0.00814651492937
20090322,0.00087740876729
20090323,0.000198886852769
20090324,0.00749665482008
20090325,0.0283536869529
20090326,0.0817634936492
20090327,0.0103535297126
20090328,0.380504481803
20090329,0.0975124464872
20090330,0.189220901839
20090331,0.0193638201017
20090401,0.26698365411
20090402,0.340031669932
20090403,0.411671437027
20090404,0.30954050329
20090405,0.379659069989
20090406,0.0638994589352
20090407,0.140606972747
20090408,0.132452946191
20090409,0.321346458288
20090410,0.18759143286
20090411,0.00325219754355
20090412,0.000148739120358
20090413,0.00142468970111
20090414,0.00692625970597
20090415,0.20000728402
20090416,0.0810493580533
20090417,0.0968612725204
20090418,0.182624297883
20090419,0.0125815780712
20090420,0.0388349044503
20090421,0.0250328656831
20090422,0.166922146969
20090423,1.41792699079
20090424,1.88932264039
20090425,0.767229014258
20090426,0.0261342708002
20090427,0.00980694658182
20090428,0.315684420361
20090429,0.25994787902
20090430,0.644454437703
20090501,0.0900541639771
20090502,0.966039183232
20090503,0.126965994713
20090504,0.588977659475
20090505,0.248208136203
20090506,0.998422980865
20090507,0.0403712458363
20090508,0.0282642698104
20090509,0.00279587247944
20090510,0.014682545638
20090511,0.330691991901
20090512,0.111800859322
20090513,0.264219037567
20090514,0.529115249433
20090515,0.26587010077
20090516,0.658351535881
20090517,0.97373234578
20090518,0.0507287657139
20090519,0.00494958048236
20090520,0.0393291838201
20090521,0.50116038591
20090522,0.0952119768289
20090523,0.0480005206723
20090524,0.0941154355485
20090525,0.0949455452094
20090526,0.00207157681878
20090527,0.00307970544608
20090528,0.0288295808723
20090529,0.159672783529
20090530,0.0610215496166
20090531,0.0629754022133
20090601,0.0667594242278
20090602,0.0833797909798
20090603,0.13404577786
20090604,0.179487894377
20090605,0.127625021262
20090606,0.655461806117
20090607,0.389317406144
20090608,0.588959177558
20090609,1.06010438879
20090610,0.816011750147
20090611,1.08194637444
20090612,0.0242911079638
20090613,0.0190850793391
20090614,1.30624480331
20090615,0.030838831592
20090616,0.839133560631
20090617,0.148117217529
20090618,0.294115937157
20090619,0.190385770701
20090620,1.37772595373
20090621,1.15798960848
20090622,0.818847003903
20090623,0.853362749106
20090624,0.984441384322
20090625,0.080218429821
20090626,0.0728984276695
20090627,0.0104824645586
20090628,0.105815759705
20090629,0.189769288476
20090630,0.236395672123
20090701,0.0995171532499
20090702,0.231669128295
20090703,0.0821444233692
20090704,0.0365182108157
20090705,0.0708437212481
20090706,0.0851546774659
20090707,0.0763767793409
20090708,0.0530084256748
20090709,0.00788646143971
20090710,0.0547355475298
20090711,0.149855010871
20090712,0.322053440007
20090713,0.0728947420342
20090714,0.195670342739
20090715,0.0514752237544
20090716,0.0206804307956
20090717,0.000350383086405
20090718,0.156401358694
20090719,0.0166135241257
20090720,0.0277185635934
20090721,0.00571749995984
20090722,0.0130866419216
20090723,0.0791852928839
20090724,0.240946187471
20090725,0.11392874459
20090726,0.195312521005
20090727,0.0648336760958
20090728,0.0829588050014
20090729,0.157262333434
20090730,0.142407376322
20090731,0.318336031548
20090801,3.22485302272
20090802,0.668045975534
20090803,0.0956486040005
20090804,0.0193426573784
20090805,0.0248245535632
20090806,0.0140720384034
20090807,0.0298089437046
20090808,0.0118199864172
20090809,0.0663111640015
20090810,0.00568168818308
20090811,0.0115501741596
20090812,0.000202657729143
20090813,0.0107831462984
20090814,0.0217055892834
20090815,0.162861239947
20090816,0.053561433219
20090817,0.0456197186611
20090818,0.0510315364936
20090819,0.775499205838
20090820,0.0292692631015
20090821,0.0814191703692
20090822,0.112675272773
20090823,0.087991603714
20090824,0.0639200218918
20090825,0.00406440267642
20090826,0.0141892605691
20090827,0.258059098087
20090828,0.0121544084121
20090829,0.206177761441
20090830,0.0348740262653
20090831,0.0371817421416
20090901,0.00237517672813
20090902,5.6673397135e-05
20090903,4.61895448713e-07
20090904,0.0
20090905,0.00607368866257
20090906,0.0159191620493
20090907,0.00129359056162
20090908,0.0107213079646
20090909,0.0364790343995
20090910,0.0416048631305
20090911,0.0211777897307
20090912,0.026075047438
20090913,0.102638219653
20090914,0.238265175013
20090915,0.108300432964
20090916,0.00750515518171
20090917,0.0204013497804
20090918,0.0668787931104
20090919,0.00472875015252
20090920,0.0683480674907
20090921,0.0153948275771
20090922,0.0520490815044
20090923,0.3595190276
20090924,0.24106228457
20090925,1.16642833507
20090926,0.299063935782
20090927,0.10765735741
20090928,0.113246828608
20090929,0.263235117279
20090930,0.936862532606
20091001,1.94501079651
20091002,0.595651892924
20091003,4.26513250305
20091004,1.36285904341
20091005,0.0840502130246
20091006,0.0196433561314
20091007,0.00233634258387
20091008,0.0199029762604
20091009,0.0049573994125
20091010,0.0306161451949
20091011,3.68192579812
20091012,2.80267563866
20091013,0.0681697571647
20091014,0.00956330926531
20091015,0.653097066964
20091016,2.11776522016
20091017,0.185234424474
20091018,0.0884155852605
20091019,0.0355301468807
20091020,0.000660264221425
20091021,0.191803456944
20091022,0.19005139372
20091023,0.468054158801
20091024,0.233101891685
20091025,0.969832541363
20091026,0.355384731095
20091027,0.263954048511
20091028,1.87299462989
20091029,0.91142726223
20091030,0.0951078966936
20091031,1.07842874065
20091101,4.10274816011
20091102,1.87004339716
20091103,0.793955863905
20091104,2.26201052315
20091105,0.611524148298
20091106,0.119272443467
20091107,0.490807768628
20091108,0.312834976578
20091109,2.24030378561
20091110,0.222984361839
20091111,0.0508587714506
20091112,0.0866915932495
20091113,0.0379471055718
20091114,0.387833744424
20091115,0.0458853147505
20091116,0.195610964527
20091117,0.0706792817248
20091118,1.37688761507
20091119,2.21161761812
20091120,0.317059226265
20091121,0.781736346776
20091122,0.016285279195
20091123,5.57869571366e-05
20091124,0.467418420004
20091125,0.09794466203
20091126,0.55524187
20091127,0.121213463729
20091128,0.363311175057
20091129,0.415613574778
20091130,0.0944425075251
20091201,0.143633061343
20091202,0.416746610511
20091203,0.0546127228369
20091204,0.0243341914097
20091205,1.23565516403
20091206,0.685003995836
20091207,3.54581280483
20091208,6.29101718863
20091209,1.10239528843
20091210,0.387666478633
20091211,1.09394242163
20091212,0.105658389577
20091213,0.0120522570819
20091214,0.602254012568
20091215,0.63346405304
20091216,0.137500119554
20091217,0.00223491366187
20091218,0.0
20091219,0.00380774854186
20091220,0.378667907433
20091221,0.525958471076
20091222,0.488136225084
20091223,0.826302135584
20091224,0.776362414636
20091225,0.165557556205
20091226,0.978323583132
20091227,0.725672755584
20091228,0.375880968213
20091229,0.756561539115
20091230,1.19893796863
20091231,1.58698331252
20100101,3.97078636052
20100102,2.2034621775
20100103,2.33366539465
20100104,1.46228766945
20100105,0.211868002311
20100106,0.835738377524
20100107,0.485599384351
20100108,5.63571561765
20100109,1.76373332111
20100110,2.52113579197
20100111,0.726354039563
20100112,0.331136471655
20100113,2.13596830219
20100114,1.83273039847
20100115,2.68585813718
20100116,0.619130959966
20100117,0.577963303539
20100118,2.68825303514
20100119,6.03411308027
20100120,3.01419373995
20100121,1.80112189583
20100122,1.18681231111
20100123,0.712984076898
20100124,0.873467969786
20100125,2.08180206335
20100126,5.73224422372
20100127,2.43956559805
20100128,0.0656492033968
20100129,0.0418198477369
20100130,0.108520418773
20100131,0.128194633885
20100201,1.21074368065
20100202,0.0392519181973
20100203,0.147662327205
20100204,0.94360630619
20100205,0.157855195179
20100206,0.130569296349
20100207,0.379606961521
20100208,0.281558212021
20100209,1.63109236557
20100210,1.52241470283
20100211,1.15878220538
20100212,0.286913887078
20100213,0.470701455519
20100214,0.54610241106
20100215,1.06108769922
20100216,3.68333381534
20100217,0.815225309144
20100218,0.0300335759501
20100219,0.00113923872417
20100220,0.0417175801187
20100221,0.957065097495
20100222,1.26589333536
20100223,2.47875313006
20100224,3.24816160881
20100225,4.14431392609
20100226,0.608289228835
20100227,0.23957259399
20100228,0.184366792732
20100301,0.143629378709
20100302,1.56316550025
20100303,1.63421301623
20100304,1.03170734089
20100305,1.59280711004
20100306,0.347867851534
20100307,0.184309543407
20100308,0.0489878345141
20100309,0.35951156459
20100310,0.393508720195
20100311,0.251312919058
20100312,0.435443836204
20100313,0.287293589653
20100314,0.380866027356
20100315,0.17663526487
20100316,1.30298331302
20100317,2.28825010705
20100318,0.450728921285
20100319,1.03850889462
20100320,0.458284648229
20100321,0.884374176056
20100322,0.291533076789
20100323,0.752890850524
20100324,1.03106425074
20100325,0.123036939215
20100326,0.959348745893
20100327,3.14707701601
20100328,0.0613170129732
20100329,0.131466517072
20100330,0.326259275337
20100331,2.08830814427
20100401,1.68408173988
20100402,0.882445925094
20100403,0.0161297171192
20100404,0.0948603931667
20100405,1.94795192136
20100406,2.08373107103
20100407,0.0795352409172
20100408,0.0368299759727
20100409,0.0864997574898
20100410,0.0338809756124
20100411,0.00628407587045
20100412,0.00285447722062
20100413,4.86738514529e-05
20100414,0.000981363750984
20100415,0.180260064627
20100416,0.135363460207
20100417,0.131292174696
20100418,0.510157759071
20100419,1.31907181202
20100420,0.0293942354043
20100421,0.0125528431636
20100422,0.00866975197745
20100423,0.0398595446008
20100424,2.33079568164
20100425,0.388795170551
20100426,0.496392536099
20100427,0.330959441571
20100428,0.0591138633168
20100429,0.789252350659
20100430,0.606500273662
20100501,0.520859095923
20100502,0.396605208295
20100503,2.03394515146
20100504,0.3990431315
20100505,0.180192300286
20100506,0.00416539428813
20100507,0.125224797968
20100508,0.0472840179073
20100509,0.0649228822872
20100510,0.299495444374
20100511,0.235749707953
20100512,0.0465138522429
20100513,0.0525821773487
20100514,0.417635768787
20100515,0.658734908014
20100516,0.463972845569
20100517,0.0137169536353
20100518,0.00935511374076
20100519,0.0793632700375
20100520,0.00491148116716
20100521,0.0276945446953
20100522,0.0207627360369
20100523,0.00710239498347
20100524,0.000119155263507
20100525,0.00104527185764
20100526,0.0222031373209
20100527,0.0250785159283
20100528,1.18444348719
20100529,0.185818290438
20100530,0.22827949053
20100531,0.0934338257994
20100601,0.00402901560957
20100602,0.0229781380296
20100603,0.0620762828873
20100604,0.157769481311
20100605,0.0200987812685
20100606,0.0276899884554
20100607,0.0160593676936
20100608,0.263106612891
20100609,0.0724927570147
20100610,0.258764184695
20100611,0.627394884166
20100612,0.0642570629007
20100613,0.169942486891
20100614,0.166686105519
20100615,0.682001338562
20100616,0.118839022822
20100617,0.323701386332
20100618,0.171635771718
20100619,0.28357292821
20100620,0.210567882239
20100621,0.0838994199038
20100622,0.076613119972
20100623,0.0623417098065
20100624,0.0936984284234
20100625,0.0718312573093
20100626,0.0317318546199
20100627,0.137693224258
20100628,0.0441958318055
20100629,0.00449530213
20100630,0.0846095817389
20100701,0.00190033327313
20100702,7.18440185024e-06
20100703,0.0163047514242
20100704,0.0320633984834
20100705,0.0597038183026
20100706,0.0511051191403
20100707,0.00408575694564
20100708,0.038756215583
20100709,0.00777261440236
20100710,0.00894413437927
20100711,0.309131577087
20100712,0.231876174441
20100713,0.265352337336
20100714,0.0775150184711
20100715,0.54636998295
20100716,0.235080734488
20100717,0.00405974110136
20100718,0.00498329083047
20100719,0.0470883771047
20100720,0.121388618031
20100721,0.0547302159039
20100722,0.0820410718596
20100723,0.0140384962297
20100724,0.00412912274356
20100725,0.0315044033483
20100726,0.0943016869476
20100727,0.0997006405591
20100728,0.00738805999997
20100729,0.032113331325
20100730,0.0139883597036
20100731,0.00586625477256
20100801,0.0125260641296
20100802,0.0193617969838
20100803,0.000696417468614
20100804,0.00449650431017
20100805,0.0352595627698
20100806,0.00163188385906
20100807,0.0214281772668
20100808,0.0366360091439
20100809,0.293558924966
20100810,0.092375707951
20100811,0.133471545128
20100812,0.156550044084
20100813,0.110779288784
20100814,0.070333948141
20100815,0.043887131705
20100816,0.0127484833338
20100817,0.00021191610443
20100818,0.00901079503801
20100819,0.100353153632
20100820,0.0467365629952
20100821,0.0222353477508
20100822,0.139374356155
20100823,0.191710657156
20100824,0.0257871120055
20100825,0.0464571637548
20100826,0.0550868859706
20100827,0.0155502532692
20100828,0.079394829878
20100829,0.00565946310822
20100830,0.00342347722813
20100831,0.000536894955594
20100901,0.0235168573724
20100902,0.03120115777
20100903,0.0632376902791
20100904,0.00677985768339
20100905,0.0284619079359
20100906,0.100319348854
20100907,0.015824435458
20100908,0.0605761212785
20100909,0.151896292624
20100910,0.00648806229085
20100911,0.0119099804466
20100912,0.0107423268994
20100913,0.000319338889995
20100914,2.35409485267e-06
20100915,0.0172605748513
20100916,0.0865505093026
20100917,0.0168315791241
20100918,0.00975306487104
20100919,0.176769409938
20100920,0.0367425936622
20100921,0.573604999292
20100922,0.0493414257777
20100923,0.00614240169413
20100924,0.00445479826708
20100925,0.122838296135
20100926,0.110078132964
20100927,0.102355406581
20100928,0.0494741348677
20100929,0.0176843814206
20100930,0.379352710843
20101001,0.754813052714
20101002,0.155354225426
20101003,0.363695387462
20101004,0.140944814594
20101005,1.18132069215
20101006,0.210147110304
20101007,0.51951169803
20101008,0.349691726462
20101009,0.0164371218902
20101010,0.146942919724
20101011,0.121475929075
20101012,0.271989919894
20101013,0.0334340212307
20101014,0.838598239547
20101015,0.0979472004341
20101016,0.0227005340926
20101017,0.00194231178919
20101018,2.76889499501e-05
20101019,0.253162737522
20101020,0.114550128676
20101021,0.173053274394
20101022,0.459462339656
20101023,0.531258816437
20101024,0.589046465592
20101025,0.147150377896
20101026,0.00885044763428
20101027,0.000432493397963
20101028,0.39289991648
20101029,0.0562457034564
20101030,0.00385794338137
20101031,0.106482474365
20101101,0.126405549681
20101102,0.0425210636966
20101103,0.731247813543
20101104,0.443327761664
20101105,0.116804844395
20101106,0.158553801465
20101107,0.0298636052166
20101108,0.0165276101348
20101109,3.59851673196
20101110,1.07409440804
20101111,0.0190625314286
20101112,0.0128685214689
20101113,0.241994408033
20101114,0.0440752759575
20101115,0.908121055741
20101116,2.46598276667
20101117,2.14490708846
20101118,1.0625588206
20101119,0.674359440925
20101120,0.0217162826964
20101121,0.444887686464
20101122,0.593162704896
20101123,0.939610731164
20101124,0.74575950337
20101125,1.64001263341
20101126,2.48793629123
20101127,0.872661095193
20101128,0.551406261702
20101129,0.484150722611
20101130,0.0186991399946
20101201,0.149452589098
20101202,3.05524938554
20101203,2.16113607488
20101204,0.0497455507273
20101205,0.00362677925334
20101206,0.126383962393
20101207,0.0222592041788
20101208,0.107335308315
20101209,0.453135213971
20101210,0.885655425181
20101211,0.531059575343
20101212,2.53238729798
20101213,4.03488464844
20101214,1.63672736959
20101215,4.01049320671
20101216,8.23744469435
20101217,0.159404040976
20101218,0.00241152471831
20101219,0.909074984992
20101220,0.0216415866106
20101221,0.57071688182
20101222,0.384048432167
20101223,0.39717005576
20101224,0.571495716594
20101225,0.492222724802
20101226,0.0388759025975
20101227,0.0282959033826
20101228,0.153155342982
20101229,0.982486584447
20101230,1.24669083761
20101231,2.06001505078
20110101,10.973412372
20110102,4.46271394774
20110103,1.93029310398
20110104,2.91697409586
20110105,1.69921410855
20110106,0.895433447058
20110107,0.314251167494
20110108,0.317980469284
20110109,0.247554869593
20110110,0.47113769015
20110111,0.300926202208
20110112,0.870700413454
20110113,1.57250930528
20110114,1.46619451402
20110115,0.127660138489
20110116,0.0463667155834
20110117,0.683788322846
20110118,0.259954356486
20110119,0.22466588997
20110120,1.53360745218
20110121,1.27549289589
20110122,2.31099958757
20110123,5.49463238999
20110124,6.20646957755
20110125,2.64653695258
20110126,0.970220140317
20110127,0.446691977953
20110128,0.223425999186
20110129,0.822001392326
20110130,0.636562850869
20110131,2.41311519411
20110201,3.5715127966
20110202,1.50965512991
20110203,0.909124607951
20110204,2.19614210018
20110205,0.94541576014
20110206,2.60018021375
20110207,1.05041869757
20110208,4.14285760287
20110209,2.24943651629
20110210,4.20064306872
20110211,1.48086293575
20110212,0.951728935005
20110213,2.94164974762
20110214,1.58968249448
20110215,1.25173078798
20110216,3.48531369275
20110217,2.01058499043
20110218,3.63621485985
20110219,1.32566707075
20110220,0.0606990260749
20110221,0.024265964195
20110222,0.0933101486327
20110223,1.55829526311
20110224,4.58410340964
20110225,0.789370462892
20110226,0.228601064341
20110227,0.194132753693
20110228,0.061952835577
20110301,0.163688231357
20110302,0.49391830352
20110303,0.662330190376
20110304,1.33698288273
20110305,1.3113677275
20110306,0.407185530702
20110307,0.507790908069
20110308,0.816056185861
20110309,0.469120091351
20110310,0.364162474358
20110311,0.618006237653
20110312,0.385946834918
20110313,1.03957659215
20110314,1.87605638173
20110315,0.855467223221
20110316,1.00229843501
20110317,4.46023052538
20110318,1.16873247401
20110319,0.672097827791
20110320,0.258184491746
20110321,0.839394392583
20110322,1.28218921535
20110323,0.396219369139
20110324,0.446054361831
20110325,0.415692207245
20110326,0.263683552178
20110327,0.160584985291
20110328,0.273889531399
20110329,0.268408318713
20110330,0.142181467968
20110331,0.773382397522
20110401,0.913142107173
20110402,2.31219929699
20110403,0.375916159549
20110404,0.367045966861
20110405,0.416675690996
20110406,2.659290915
20110407,0.126742020073
20110408,0.16964766008
20110409,0.199014397843
20110410,0.310146662318
20110411,0.261243017582
20110412,0.551530984226
20110413,0.166349085027
20110414,0.0541585899542
20110415,0.698567475219
20110416,2.74447775611
20110417,0.229619227182
20110418,1.32605957853
20110419,0.64435176363
20110420,0.953534801951
20110421,1.7329318257
20110422,0.0992558123709
20110423,0.984823528843
20110424,0.953709912221
20110425,0.0707664336365
20110426,0.387914151429
20110427,0.0192446456836
20110428,0.0467019530391
20110429,0.0893615533637
20110430,0.700460261811
20110501,0.333108278463
20110502,0.676966201031
20110503,2.08752463174
20110504,0.556872372774
20110505,1.97383564244
20110506,1.95178608624
20110507,0.197110922568
20110508,0.274251934065
20110509,0.219527824656
20110510,0.837295900625
20110511,0.521315339873
20110512,0.341891911921
20110513,0.734015992047
20110514,0.829715004214
20110515,0.0810841702136
20110516,0.271305223301
20110517,0.126043775762
20110518,0.0708432200724
20110519,0.0211660002618
20110520,0.00914848450936
20110521,0.00479563758177
20110522,0.00577249111137
20110523,0.140597261707
20110524,0.0482235090193
20110525,0.389562201897
20110526,0.164406779794
20110527,0.00329893915561
20110528,0.0311242977598
20110529,0.066208558577
20110530,0.0256706843871
20110531,0.204822704783
20110601,0.00639408006173
20110602,0.0157444618451
20110603,0.0619180159907
20110604,0.107203955292
20110605,0.0265964833409
20110606,0.0185194523997
20110607,3.78440402924
20110608,7.50793982727
20110609,1.03936449151
20110610,0.0894574957371
20110611,0.0043058634544
20110612,0.0140533735805
20110613,0.00123018660674
20110614,0.0242843656345
20110615,0.00683400655057
20110616,0.202931168249
20110617,0.164726425006
20110618,0.0354548643372
20110619,0.00960286579384
20110620,0.0301573317623
20110621,0.00096926070898
20110622,0.00628681080069
20110623,0.184539575021
20110624,0.0105361070029
20110625,0.0614529496468
20110626,0.0230747686826
20110627,0.0512001570371
20110628,0.0830735142958
20110629,0.042213653085
20110630,0.0852511145262
20110701,0.0127988542302
20110702,0.0054668522264
20110703,0.113808344134
20110704,0.0448411315384
20110705,0.330278279389
20110706,0.162076304007
20110707,0.0954581259312
20110708,0.0118375575744
20110709,0.00916436432021
20110710,0.0339221323519
20110711,0.017287950848
20110712,0.000844733410624
20110713,0.00998074928078
20110714,0.00596818823751
20110715,0.0202028758127
20110716,0.00916058923177
20110717,0.0110296437332
20110718,0.00180412381485
20110719,2.84806089501e-05
20110720,0.0572548427775
20110721,0.00885097907919
20110722,0.0252984876266
20110723,0.01050212815
20110724,0.0180720565536
20110725,0.635356056451
20110726,0.789997253892
20110727,0.0327240936928
20110728,0.423674793427
20110729,0.281246579243
20110730,0.0784105241162
20110731,0.0295079011527
20110801,0.0149926828707
20110802,0.0127612685787
20110803,0.0131528484467
20110804,0.00973736867294
20110805,1.30071595594
20110806,0.087169717832
20110807,0.0535850902074
20110808,0.048376007509
20110809,0.0193206247324
20110810,0.0103433585853
20110811,0.0712553354952
20110812,0.012041428742
20110813,0.235095813426
20110814,0.0371779575291
20110815,0.39715998289
20110816,0.111382252762
20110817,0.0434309990549
20110818,0.0186798159823
20110819,0.00964236515423
20110820,0.0150353895098
20110821,0.00420280294663
20110822,0.074574168855
20110823,1.50686181787
20110824,0.0721740286136
20110825,0.0536107270104
20110826,0.0309767840916
20110827,0.0461627297223
20110828,0.0752587843528
20110829,0.00417788544845
20110830,0.00185004945844
20110831,0.00477597620277
20110901,0.00539137393389
20110902,0.139740938179
20110903,0.139779094267
20110904,0.138215899579
20110905,0.0150789641979
20110906,0.00490554524169
20110907,0.0116259200367
20110908,0.000756864229289
20110909,0.057100136232
20110910,0.00100866370578
20110911,0.00615665996507
20110912,0.0151880999154
20110913,0.0270969893922
20110914,0.177971253805
20110915,0.00491231840526
20110916,0.073393825071
20110917,0.0154502462688
20110918,0.00153053660205
20110919,0.0698888593688
20110920,0.0122585780655
20110921,0.0221778389562
20110922,0.131814046899
20110923,0.00856202374168
20110924,0.0199652213728
20110925,0.0792760247559
20110926,0.0737732739379
20110927,0.259543314393
20110928,0.330024353265
20110929,0.663132307406
20110930,0.4573819567
20111001,0.0653207989445
20111002,2.06407077158
20111003,0.180449767484
20111004,0.0067785792666
20111005,0.0174374976936
20111006,0.0271839821458
20111007,0.00384798817996
20111008,0.0060016797588
20111009,0.0145216989386
20111010,0.000254712286704
20111011,0.0
20111012,0.00520750140033
20111013,0.000147181995238
20111014,0.0122069366566
20111015,0.121315938437
20111016,0.0678538641903
20111017,0.0057785808311
20111018,0.233044286477
20111019,0.296338748613
20111020,0.00994176151215
20111021,0.0413050490529
20111022,0.0214337664388
20111023,0.000365821334886
20111024,9.74990312172e-05
20111025,0.00886205807348
20111026,0.0153649564189
20111027,0.00788696861761
20111028,0.00130833547125
20111029,0.945844544094
20111030,0.814706241416
20111031,0.0207699189104
20111101,0.000950176716422
20111102,0.0137355199386
20111103,0.000407943520961
20111104,0.0680055945639
20111105,0.170397544348
20111106,0.053475285111
20111107,0.00462716042886
20111108,6.59926230992e-05
20111109,0.00790633547649
20111110,0.0620294463409
20111111,0.0499895401663
20111112,0.034853652207
20111113,0.00792667723582
20111114,0.0215266238701
20111115,0.0135653698421
20111116,0.000232991678319
20111117,0.0584576074466
20111118,0.171504492174
20111119,0.391500792348
20111120,1.1641072806
20111121,1.97834190579
20111122,0.107075116936
20111123,0.465896928178
20111124,0.0774367019992
20111125,0.0847987815915
20111126,0.00150177024387
20111127,0.0572859499224
20111128,0.644229221145
20111129,0.253392620485
20111130,1.31987806018
20111201,2.07838885626
20111202,0.479563735485
20111203,0.0143683811098
20111204,1.03694601274
20111205,2.8178527269
20111206,1.47201922065
20111207,1.23669864847
20111208,1.14483426626
20111209,0.738819098709
20111210,0.78989603249
20111211,0.516749271783
20111212,0.0254965153448
20111213,0.00551148000778
20111214,1.97812657296
20111215,0.169051471896
20111216,0.00867065409984
20111217,0.000560692250395
20111218,0.0113573462105
20111219,0.572117627652
20111220,0.208445262565
20111221,0.904419040187
20111222,0.312379117869
20111223,0.198423267144
20111224,0.609551217794
20111225,0.827490344337
20111226,2.32355768475
20111227,1.11271585897
20111228,0.745683264744
20111229,0.0472871819514
20111230,0.00380206979946
20111231,0.197161984973
20120101,0.398415099893
20120102,0.00697781153863
20120103,0.000109956220123
20120104,0.000800898963593
20120105,0.144878896538
20120106,0.385906795778
20120107,0.0677513499548
20120108,1.1915456861
20120109,1.81297375296
20120110,0.999430820651
20120111,1.18531618798
20120112,1.0667633924
20120113,1.55893376579
20120114,0.837602678418
20120115,0.0941132153828
20120116,0.801801203817
20120117,1.36559380759
20120118,0.917228154441
20120119,0.897517010612
20120120,3.20388854505
20120121,3.20799772534
20120122,1.54761816223
20120123,1.67202145651
20120124,1.06855873712
20120125,0.0468667842074
20120126,0.0103790943634
20120127,0.00203417435659
20120128,0.232938562619
20120129,0.068534587229
20120130,0.0608228444752
20120131,0.625050876467
20120201,1.21138255255
20120202,4.01558754742
20120203,3.07772757438
20120204,1.23799150184
20120205,0.433453732072
20120206,1.50287829383
20120207,2.33572276725
20120208,1.0966669179
20120209,3.31737839881
20120210,1.71542841309
20120211,0.359323494106
20120212,0.0366603048886
20120213,0.0166044889572
20120214,0.00565671137339
20120215,0.0599250643291
20120216,0.0438007614695
20120217,0.642050117742
20120218,1.50504559983
20120219,0.11134100536
20120220,1.4344308385
20120221,1.43570608206
20120222,0.417636820885
20120223,2.56443239743
20120224,0.324489721751
20120225,0.274157458302
20120226,0.311774380473
20120227,0.669373830437
20120228,0.659124412883
20120229,0.449691411765
20120301,0.383694916149
20120302,0.336107162358
20120303,0.0472457920919
20120304,0.0924111005131
20120305,0.00661995587319
20120306,0.0150257205891
20120307,0.0529424205154
20120308,0.104546158628
20120309,0.299748859307
20120310,0.691139320177
20120311,0.296081045721
20120312,0.301287588012
20120313,0.226704176403
20120314,0.720042609535
20120315,0.800146181785
20120316,1.385468842
20120317,0.0704090662494
20120318,0.0655536757973
20120319,0.00116744086197
