20010102,2.13517219792
20010103,4.82032225752
20010104,3.53089869997
20010105,1.78045382012
20010106,3.73816435924
20010107,1.00924033212
20010108,2.04480067841
20010109,0.840346311967
20010110,0.464265690852
20010111,0.478671820686
20010112,1.70506389164
20010113,2.06142968565
20010114,1.5198816115
20010115,1.39954583321
20010116,4.84282110451
20010117,5.13678979571
20010118,3.62953280914
20010119,2.86922923606
20010120,2.15164209116
20010121,1.64208564718
20010122,1.3161255274
20010123,1.2591744298
20010124,1.21699213281
20010125,1.63657165693
20010126,2.08446410036
20010127,0.992003560391
20010128,1.07879111869
20010129,2.03840268465
20010130,0.583317284702
20010131,3.05798214106
20010201,7.1672898213
20010202,2.76308553939
20010203,0.785217166289
20010204,1.89091553043
20010205,10.1989837211
20010206,4.11066039612
20010207,4.1985076477
20010208,9.95315259541
20010209,6.6030404755
20010210,4.59334482407
20010211,2.57848451659
20010212,2.56386239703
20010213,2.86924769338
20010214,2.54794148077
20010215,2.31170743493
20010216,2.78334019534
20010217,2.60748060467
20010218,8.74011811349
20010219,2.38213540792
20010220,3.66330659577
20010221,1.12226224929
20010222,3.87489002624
20010223,1.63956514188
20010224,1.01941406758
20010225,0.837716407133
20010226,2.01742252582
20010227,1.20705056256
20010228,7.21128703011
20010301,6.61688648876
20010302,7.06033694559
20010303,1.3786040258
20010304,1.1452660535
20010305,2.25907128985
20010306,1.46365046397
20010307,1.3082343973
20010308,1.7719245876
20010309,1.92282097886
20010310,2.15910854481
20010311,2.25554651492
20010312,2.11660471275
20010313,3.48997494219
20010314,2.02656911023
20010315,1.13653226184
20010316,1.00391702348
20010317,1.0845872359
20010318,0.935531469862
20010319,1.62777172303
20010320,2.19145004477
20010321,1.90690063294
20010322,3.00534865862
20010323,1.44622712705
20010324,4.51893327807
20010325,1.55920445066
20010326,0.581681729338
20010327,1.22958806734
20010328,1.49116876215
20010329,0.467308574768
20010330,0.0657602800561
20010331,0.321423219995
20010401,0.777166423386
20010402,1.06694294392
20010403,0.680097446569
20010404,0.5110523039
20010405,0.86708123274
20010406,0.606392552153
20010407,0.242820421675
20010408,0.0309014670874
20010409,0.148136990809
20010410,1.80271573373
20010411,0.207452134765
20010412,1.50010537879
20010413,0.0594078887409
20010414,0.0585276689952
20010415,0.00830821159028
20010416,0.0592379400007
20010417,0.174168818598
20010418,0.0711595451676
20010419,0.0650567422007
20010420,0.0603275505419
20010421,0.329004146873
20010422,0.19193820915
20010423,0.043162980088
20010424,0.0285028467673
20010425,0.184332178715
20010426,0.109554761184
20010427,0.625051621088
20010428,0.662464232121
20010429,0.0713030627363
20010430,0.0618223907802
20010501,0.00107360380665
20010502,0.0
20010503,0.000324363043854
20010504,0.00473147935395
20010505,0.0808124875525
20010506,0.00804343599037
20010507,0.00363173966735
20010508,0.0198824670334
20010509,0.000350183163892
20010510,0.00124171437783
20010511,0.432212213826
20010512,0.397965617021
20010513,0.155829431648
20010514,0.0339064894025
20010515,0.00366550438251
20010516,0.000176653343054
20010517,0.00030049000998
20010518,0.0534401587489
20010519,0.00103398607473
20010520,1.58846040304e-06
20010521,0.00297358854799
20010522,0.077103443604
20010523,0.116997703056
20010524,0.0301006999758
20010525,0.119147606969
20010526,0.00209632296683
20010527,0.0
20010528,0.0
20010529,0.0103664729507
20010530,0.00675984758076
20010531,0.000116196005932
20010601,0.0
20010602,0.0
20010603,0.0
20010604,0.0
20010605,0.0
20010606,0.00338986542011
20010607,0.000636524396032
20010608,0.0082878140445
20010609,0.000146247805959
20010610,0.0
20010611,0.0
20010612,0.0728158946061
20010613,0.00128649991779
20010614,0.0352509301703
20010615,0.00174075287869
20010616,3.94831963844e-05
20010617,1.84144368814e-05
20010618,3.19184096406e-07
20010619,0.0
20010620,3.73997361098e-05
20010621,0.000105362220742
20010622,1.84984888608e-06
20010623,0.0
20010624,0.00486873017298
20010625,0.00505047885719
20010626,0.0559646445948
20010627,0.0096766886129
20010628,0.00015352408879
20010629,0.0
20010630,0.0
20010701,0.0
20010702,0.0
20010703,0.0
20010704,0.0
20010705,2.03553491983e-05
20010706,3.59635262571e-07
20010707,0.00318305644037
20010708,0.296510221131
20010709,0.0763310873534
20010710,0.00125606687989
20010711,0.0
20010712,0.0
20010713,0.0
20010714,0.000791105367316
20010715,1.39771253281e-05
20010716,0.0
20010717,0.0
20010718,0.0
20010719,0.000567997466106
20010720,6.93561083189e-05
20010721,0.000755145318705
20010722,0.00015062958853
20010723,0.000390461182572
20010724,0.00629859220387
20010725,0.000477983496739
20010726,0.00136872100936
20010727,0.000167234678124
20010728,0.00227270352584
20010729,0.0165236531067
20010730,0.229468017957
20010731,0.0186990016024
20010801,0.307579000025
20010802,0.4718155645
20010803,0.0248443886509
20010804,0.000293363140217
20010805,0.0
20010806,0.0
20010807,0.000323076122508
20010808,5.70805875835e-06
20010809,0.00159010588147
20010810,2.80937395775e-05
20010811,0.0
20010812,0.0
20010813,0.0
20010814,0.0
20010815,0.0
20010816,0.0
20010817,0.0
20010818,0.0
20010819,0.0
20010820,0.0
20010821,0.0
20010822,0.000145016702081
20010823,2.56213263002e-06
20010824,0.0449677418228
20010825,0.0393762547865
20010826,0.010375366992
20010827,0.017635083265
20010828,0.0268075883466
20010829,0.000468180926791
20010830,0.000442932977517
20010831,0.0509029582509
20010901,0.274629470273
20010902,0.00511540085784
20010903,4.93245499717e-06
20010904,7.46311256219e-05
20010905,5.53025648687e-05
20010906,9.5378081918e-07
20010907,0.000168134373818
20010908,2.97057144548e-06
20010909,0.0
20010910,0.000848290143656
20010911,1.49874573855e-05
20010912,0.00621980451428
20010913,0.00581376170283
20010914,1.53185643612
20010915,0.879208463884
20010916,0.115989537402
20010917,0.0138446985355
20010918,0.00545223266169
20010919,0.0117029615164
20010920,0.00583582265095
20010921,0.380311551342
20010922,0.347486908419
20010923,0.358922629747
20010924,0.183886376447
20010925,0.00441394990629
20010926,0.000104644684724
20010927,0.00506564672644
20010928,0.0180107733644
20010929,0.00358409128827
20010930,0.00269622371226
20011001,4.66165153184e-05
20011002,0.0
20011003,0.0
20011004,0.00150814846046
20011005,0.000714165385259
20011006,0.361487109211
20011007,0.12047930354
20011008,0.0111188309578
20011009,0.00260877675651
20011010,0.000261664958368
20011011,0.0412945339188
20011012,0.019018823761
20011013,0.000345750795519
20011014,0.00353354351215
20011015,0.125241512768
20011016,0.0340987557695
20011017,0.124239737658
20011018,0.104676304244
20011019,0.353351411888
20011020,2.95483011749
20011021,0.557685215426
20011022,0.327180617292
20011023,0.42914009564
20011024,0.196220630838
20011025,2.39208224324
20011026,0.345755442345
20011027,0.573485004527
20011028,4.37417225336
20011029,1.49982058801
20011030,2.74748261098
20011031,0.915432603522
20011101,2.01887033424
20011102,1.7966070398
20011103,1.8582242652
20011104,0.222593570045
20011105,2.65484133214
20011106,0.93227846376
20011107,0.995486915807
20011108,1.15090051396
20011109,2.07369468874
20011110,1.74136946064
20011111,0.369299549662
20011112,0.96118643827
20011113,1.79485836229
20011114,5.59108197069
20011115,2.73811699373
20011116,3.35450262742
20011117,1.42090728534
20011118,3.24580796145
20011119,2.53824981038
20011120,4.60690316497
20011121,1.91915947761
20011122,0.657405420155
20011123,1.61339732047
20011124,1.11387573635
20011125,0.784090761955
20011126,1.4587525716
20011127,2.4507628772
20011128,1.448694283
20011129,0.712391910721
20011130,0.701874973479
20011201,0.726511381382
20011202,4.69867231177
20011203,1.69933717265
20011204,6.52895777215
20011205,2.97842064897
20011206,2.96554995469
20011207,2.11211546617
20011208,3.33739214318
20011209,7.21722459683
20011210,1.58442958747
20011211,0.428294325056
20011212,1.1879402628
20011213,5.53759179974
20011214,5.82512555147
20011215,0.956049132392
20011216,2.97029557468
20011217,2.53423525334
20011218,4.43008347285
20011219,0.950934128826
20011220,0.296849484326
20011221,2.70602483708
20011222,2.5801282857
20011223,1.48707782441
20011224,0.654040047982
20011225,1.90873415632
20011226,1.82732035544
20011227,4.3351285763
20011228,0.891029677725
20011229,1.29737882769
20011230,3.53134068747
20011231,4.03027715344
20020101,1.96942574702
20020102,0.896990477776
20020103,0.261209965992
20020104,0.480930238817
20020105,1.10699583624
20020106,0.194687182963
20020107,0.329527023555
20020108,0.881030398575
20020109,2.06387835785
20020110,1.78816506279
20020111,0.80380376788
20020112,2.19315959527
20020113,3.52344663257
20020114,4.30963097392
20020115,1.79400188864
20020116,3.3569324956
20020117,1.5729031539
20020118,1.94171761756
20020119,2.5223734023
20020120,3.89170768055
20020121,3.9010123749
20020122,2.22113997732
20020123,3.15109225791
20020124,4.43282905511
20020125,0.847563772235
20020126,2.16329725518
20020127,1.6098904767
20020128,1.46859630443
20020129,1.05367523134
20020130,2.53488617886
20020131,2.58176738366
20020201,3.99695568464
20020202,3.47761287705
20020203,2.46655294225
20020204,2.81120491277
20020205,3.18753050808
20020206,2.54264863102
20020207,1.11528875196
20020208,4.45161012257
20020209,5.56972994504
20020210,1.06245733851
20020211,0.652263453939
20020212,0.470523696742
20020213,1.43195429036
20020214,1.73591617746
20020215,2.61029065318
20020216,2.19104399582
20020217,3.69975386369
20020218,4.48626133325
20020219,3.05227143356
20020220,1.10211200873
20020221,0.117249953881
20020222,0.512533075396
20020223,0.607008336123
20020224,0.240278207467
20020225,0.828570867323
20020226,0.627668935472
20020227,0.190021608896
20020228,0.689346229753
20020301,0.31034550767
20020302,0.800287750311
20020303,0.180253002818
20020304,0.428195668541
20020305,0.439760284873
20020306,0.474547190695
20020307,0.538906830799
20020308,1.70344291606
20020309,3.58570476414
20020310,0.242079215342
20020311,0.274622735398
20020312,0.184132109369
20020313,0.501486480626
20020314,0.592948244308
20020315,3.54316551095
20020316,1.12035137645
20020317,0.604840865498
20020318,1.08821774322
20020319,0.345647360908
20020320,0.933713569666
20020321,1.86066016748
20020322,2.57644070043
20020323,0.83114133556
20020324,1.59347067466
20020325,0.722066118819
20020326,1.80154165883
20020327,0.427641724297
20020328,0.497221302909
20020329,0.468041921172
20020330,0.23144637184
20020331,0.417316026973
20020401,0.163283456036
20020402,0.178354646728
20020403,0.0402832522172
20020404,0.23301288614
20020405,0.0696883794283
20020406,0.12096222902
20020407,0.303532820546
20020408,0.535719308727
20020409,0.387665334607
20020410,0.46156196808
20020411,1.41572187788
20020412,3.43324698869
20020413,2.45771167152
20020414,2.60543857637
20020415,1.8492889438
20020416,6.33113328769
20020417,2.89507634614
20020418,0.323854838518
20020419,0.147096380043
20020420,0.00813784186388
20020421,0.00219133972807
20020422,0.00461996396246
20020423,8.09717902761e-05
20020424,0.0
20020425,0.0
20020426,0.0
20020427,3.5156391587e-05
20020428,0.00184272871088
20020429,0.00317594636985
20020430,0.00382767308429
20020501,0.00332211674107
20020502,0.00102745337152
20020503,1.7136681809e-05
20020504,0.0
20020505,0.0
20020506,0.000913666674848
20020507,1.61425223399e-05
20020508,0.00143904247215
20020509,0.00394086242945
20020510,0.00150801782757
20020511,0.000635307213314
20020512,0.000151450583818
20020513,2.48542801164e-06
20020514,0.0
20020515,0.000653208317613
20020516,0.000206554711938
20020517,3.4454755181e-06
20020518,0.0
20020519,0.0
20020520,0.0
20020521,0.0
20020522,1.87168866476e-05
20020523,0.0001256716173
20020524,2.21450359647e-06
20020525,0.0
20020526,0.0
20020527,0.0
20020528,0.0
20020529,4.15248284814e-05
20020530,7.33654145855e-07
20020531,0.000476731653331
20020601,0.0110880722575
20020602,0.0339933349497
20020603,0.14875670785
20020604,0.00618707208363
20020605,6.30638138907e-05
20020606,0.00185884941214
20020607,3.28418669023e-05
20020608,0.0
20020609,0.000409711195645
20020610,7.23871385155e-06
20020611,0.000149456752933
20020612,0.880372462034
20020613,0.0213128743127
20020614,0.000101742698563
20020615,0.0
20020616,0.0
20020617,0.00058357371783
20020618,0.000654018125327
20020619,1.1372926643e-05
20020620,0.0
20020621,0.621670989139
20020622,0.0714959642757
20020623,0.00169973498664
20020624,0.000830972580726
20020625,0.0106847040426
20020626,0.000188519774016
20020627,0.0
20020628,0.0
20020629,0.0
20020630,0.00194893354217
20020701,0.00884989357773
20020702,0.341067446401
20020703,0.00602583980581
20020704,0.0111862625821
20020705,0.000197636321565
20020706,0.0
20020707,0.000922477490491
20020708,0.0295147491958
20020709,0.000596203822291
20020710,1.32561411645e-06
20020711,0.000181841999012
20020712,0.00315473431552
20020713,0.00487804165892
20020714,8.52007201302e-05
20020715,0.0
20020716,0.00583038924092
20020717,0.000103010411501
20020718,0.0
20020719,0.0
20020720,0.0
20020721,0.00136062507872
20020722,0.00655800433024
20020723,0.000115441068244
20020724,0.0
20020725,0.0
20020726,0.0
20020727,0.0
20020728,0.0
20020729,0.0
20020730,0.0
20020731,0.0
20020801,0.0423340235512
20020802,0.00257134772799
20020803,0.0030333683207
20020804,0.000529228338965
20020805,8.41350651427e-06
20020806,6.49297145975e-06
20020807,1.14716817414e-07
20020808,0.0
20020809,0.00102250216613
20020810,1.80654102353e-05
20020811,0.0040100234672
20020812,7.08484848973e-05
20020813,0.00717673141097
20020814,0.000126797389406
20020815,0.0
20020816,0.00848534242648
20020817,0.012194715407
20020818,1.28646321516
20020819,0.198333377932
20020820,0.00310261660483
20020821,2.87657314675e-05
20020822,5.0822865405e-07
20020823,0.0
20020824,0.00220174979011
20020825,0.0243253501094
20020826,0.000429089208526
20020827,0.00313285944781
20020828,0.512860717515
20020829,0.27596928782
20020830,0.206360154018
20020831,0.435026197471
20020901,0.0385049506381
20020902,0.000545616943454
20020903,0.0
20020904,0.0
20020905,0.0
20020906,0.00475894241943
20020907,0.607593626053
20020908,0.084745848585
20020909,0.0567672949817
20020910,0.354337852757
20020911,0.981278117058
20020912,0.085641278323
20020913,0.214983901361
20020914,0.0210823557965
20020915,0.0327865126985
20020916,0.000573865101217
20020917,0.0146334916385
20020918,0.00105326846332
20020919,0.00711427301317
20020920,0.00195630369303
20020921,0.0425110749309
20020922,0.016190084137
20020923,0.406542075436
20020924,0.00836507495894
20020925,0.150847286056
20020926,1.04554669031
20020927,1.07472577837
20020928,0.0222282712043
20020929,0.0477978614116
20020930,0.0574698355917
20021001,0.233029159994
20021002,1.4882277471
20021003,2.95840058888
20021004,1.04019179007
20021005,0.696601848589
20021006,0.0964006638719
20021007,0.652087850567
20021008,0.593576017548
20021009,0.356242842579
20021010,0.561289117747
20021011,0.024803309833
20021012,0.000564278246331
20021013,0.0014474757947
20021014,0.036455432852
20021015,0.0314453080688
20021016,0.0616382046445
20021017,0.0120470566737
20021018,0.00980503939585
20021019,0.027901283236
20021020,0.0842686244041
20021021,0.310311395072
20021022,0.00597288009256
20021023,0.0660168038069
20021024,0.0414848955674
20021025,1.68323635732
20021026,3.05938375761
20021027,0.894823094722
20021028,0.321338192558
20021029,1.14320812381
20021030,0.879538165786
20021031,2.01599995585
20021101,0.592221858353
20021102,2.13687556742
20021103,1.26614136451
20021104,0.561264162845
20021105,0.563117225798
20021106,5.56199118083
20021107,3.82974133982
20021108,1.09875277002
20021109,0.120992339528
20021110,1.20846855255
20021111,3.8888676881
20021112,0.147243799564
20021113,0.0761517524031
20021114,0.130543689566
20021115,0.557639651679
20021116,0.815800202662
20021117,0.449733537741
20021118,0.458174679738
20021119,0.486527523946
20021120,0.0133185704404
20021121,0.00339621232427
20021122,0.221757348547
20021123,0.0948008737907
20021124,0.70609181664
20021125,3.33796840208
20021126,0.879017986406
20021127,1.56390674654
20021128,0.929141284626
20021129,1.04786340243
20021130,0.701259903435
20021201,1.2375340644
20021202,0.306185588367
20021203,0.0244466945854
20021204,0.170250389113
20021205,0.932538904921
20021206,1.0402795913
20021207,3.18656252761
20021208,1.62128996122
20021209,3.68193437896
20021210,5.56983492239
20021211,3.93109812187
20021212,1.57971925308
20021213,2.66097677606
20021214,2.33534944781
20021215,1.21699488796
20021216,0.646673194853
20021217,1.56654951164
20021218,1.72728563524
20021219,4.74872237445
20021220,2.27555548322
20021221,2.17997646202
20021222,2.43898684295
20021223,3.20619741983
20021224,2.12906496895
20021225,3.97910425378
20021226,3.7636951715
20021227,1.38272593743
20021228,1.42386558635
20021229,2.85572721189
20021230,1.97113274378
20021231,2.26444246598
20030101,1.15441330488
20030102,2.03772344713
20030103,2.21453774467
20030104,5.8336661094
20030105,1.52010433549
20030106,1.40037429201
20030107,0.62612800468
20030108,0.997992026335
20030109,2.77216939615
20030110,3.92997539781
20030111,5.96462181048
20030112,3.86964358972
20030113,1.66594053914
20030114,0.267351124838
20030115,0.770620237779
20030116,0.402541587818
20030117,0.145676185505
20030118,4.33318696012
20030119,3.95305556435
20030120,1.5541490636
20030121,0.786094151016
20030122,4.16315417391
20030123,2.40438730528
20030124,2.63694150239
20030125,4.24384547739
20030126,1.60863417206
20030127,5.60661572624
20030128,5.31680709414
20030129,2.49055237573
20030130,1.74709870861
20030131,1.86337786991
20030201,4.49839791791
20030202,3.21198894374
20030203,3.92218923017
20030204,3.19100219295
20030205,1.37084186885
20030206,0.706536893907
20030207,1.70677146753
20030208,1.82915890587
20030209,1.93735286914
20030210,2.695762486
20030211,3.04105124013
20030212,1.32882671027
20030213,2.4925596924
20030214,2.00134510608
20030215,1.70740072467
20030216,2.60111380893
20030217,4.18763898905
20030218,3.39139951259
20030219,1.50390393394
20030220,1.28257753935
20030221,0.444898872607
20030222,2.88366232197
20030223,5.30876880109
20030224,3.65616610156
20030225,3.22375342318
20030226,2.07544167576
20030227,3.89348013174
20030228,0.513921957683
20030301,1.81381356905
20030302,0.977931566801
20030303,1.1289634452
20030304,1.52110460722
20030305,1.37063778802
20030306,1.31060032732
20030307,2.62967398899
20030308,8.28566512127
20030309,4.60885784442
20030310,1.88215533375
20030311,2.70787457057
20030312,3.67354621571
20030313,1.13173851441
20030314,0.722237701072
20030315,2.56873881756
20030316,1.10523641684
20030317,0.995210554189
20030318,0.551783007236
20030319,0.162444993938
20030320,1.4976434816
20030321,1.72654959791
20030322,0.400473207688
20030323,0.454182302699
20030324,2.3625773856
20030325,2.28756147476
20030326,2.66595747746
20030327,3.15553177822
20030328,3.718257753
20030329,1.59872375075
20030330,3.01550725648
20030331,1.84492123055
20030401,2.75085347749
20030402,1.45336701495
20030403,4.83992166086
20030404,2.01496884377
20030405,2.4160520933
20030406,0.1624558129
20030407,0.0439478472085
20030408,0.027487430217
20030409,1.01967220997
20030410,0.05269307997
20030411,0.506663593803
20030412,0.436538576948
20030413,0.277083854344
20030414,0.713949112475
20030415,0.34920865679
20030416,0.00626769047293
20030417,0.00947519890924
20030418,0.168955968476
20030419,0.00298213164137
20030420,0.000435080769904
20030421,0.0479564814856
20030422,0.00552190402086
20030423,0.0246603753444
20030424,0.00748293758585
20030425,0.0265656141519
20030426,0.00342302261582
20030427,5.22237783764e-05
20030428,0.0
20030429,0.000135433119019
20030430,2.39281199889e-06
20030501,0.0
20030502,0.0332075380757
20030503,0.000823351766244
20030504,0.000151768229432
20030505,2.60754846043e-06
20030506,0.000947994490645
20030507,0.00409367130543
20030508,7.20304293391e-05
20030509,0.0
20030510,0.0
20030511,0.0
20030512,0.0
20030513,0.0
20030514,0.0
20030515,0.661993501271
20030516,0.44286285274
20030517,0.00761778846532
20030518,0.0
20030519,0.0
20030520,0.0
20030521,0.0
20030522,0.00294400043972
20030523,0.0672544584578
20030524,0.00118732237017
20030525,0.0
20030526,5.17064649329e-05
20030527,0.00122932133764
20030528,0.00294600176921
20030529,0.000366725920903
20030530,0.0929660661612
20030531,0.0190194084316
20030601,0.0431040333711
20030602,0.0340094217532
20030603,0.000651836537838
20030604,0.000736092353125
20030605,0.118704452518
20030606,0.04747878505
20030607,0.0433522633931
20030608,0.0226525929039
20030609,0.107513406837
20030610,0.0116788933997
20030611,0.20770121288
20030612,0.0123441137568
20030613,0.00833856545582
20030614,0.00195537710044
20030615,3.19922509379e-05
20030616,0.0
20030617,0.00413309597369
20030618,0.00821797318134
20030619,0.052805163788
20030620,0.00761425445977
20030621,0.000877268809659
20030622,2.53220156762e-05
20030623,4.14964678291e-05
20030624,0.000301315746193
20030625,0.0377007983108
20030626,0.00210355957385
20030627,0.059659922965
20030628,0.0381839966088
20030629,0.00746893142964
20030630,0.205157520295
20030701,0.00373888236357
20030702,2.05508038957e-06
20030703,0.00499329024244
20030704,8.82206826407e-05
20030705,0.00240231813741
20030706,0.0718827965074
20030707,0.0140081255096
20030708,0.000351109836682
20030709,2.22688281276e-06
20030710,0.0
20030711,0.0
20030712,0.0
20030713,0.0
20030714,0.00275614109766
20030715,0.00121148798587
20030716,0.00448145713653
20030717,7.88147129158e-05
20030718,0.0
20030719,0.00222177859379
20030720,0.00415528517425
20030721,7.27213929449e-05
20030722,0.000992225697422
20030723,1.75304889787e-05
20030724,0.0
20030725,0.0
20030726,0.0
20030727,0.0
20030728,0.002167300201
20030729,3.82915270014e-05
20030730,0.0
20030731,0.0
20030801,0.0
20030802,0.0
20030803,0.0
20030804,0.000471871455481
20030805,6.68328874704e-05
20030806,2.19325533854e-05
20030807,3.6924118289e-07
20030808,0.17695056517
20030809,0.00314571278136
20030810,3.42359566894e-07
20030811,0.0
20030812,0.00291180040803
20030813,0.00338369125629
20030814,0.00223626209039
20030815,0.00201199849648
20030816,0.000147937210719
20030817,7.44089087887e-05
20030818,1.27934993887e-06
20030819,0.0
20030820,0.00360474550863
20030821,0.0258267329605
20030822,0.0358837187384
20030823,0.00138183055654
20030824,0.000207348643429
20030825,3.4274521583e-06
20030826,0.0
20030827,0.0
20030828,0.0
20030829,8.35438314039e-05
20030830,1.47603975475e-06
20030831,0.0
20030901,4.35213055149e-05
20030902,7.68927573796e-07
20030903,0.0112802414168
20030904,0.0185862298684
20030905,0.0234947283662
20030906,0.0670437776754
20030907,0.38965747815
20030908,0.0130089406869
20030909,0.000869451229275
20030910,1.34430473654e-05
20030911,0.0219340321128
20030912,1.10201713455
20030913,0.0686579379489
20030914,0.225617236575
20030915,1.59790132982
20030916,0.133042104669
20030917,0.0134582149892
20030918,0.00338207813968
20030919,0.0803496850431
20030920,0.00712627087005
20030921,0.0094063890655
20030922,0.0414214467616
20030923,0.471004851271
20030924,0.0632882662076
20030925,0.00456854617704
20030926,0.00279352528121
20030927,4.82326967018e-05
20030928,0.0
20030929,0.0218264401042
20030930,0.00302155081435
20031001,4.65711028778e-05
20031002,0.0
20031003,0.0
20031004,0.0
20031005,0.0
20031006,0.0
20031007,0.0
20031008,0.0043798538521
20031009,0.00012048335277
20031010,0.0947890391213
20031011,0.0159061054226
20031012,0.000873185220657
20031013,0.00055203436422
20031014,0.00733075937238
20031015,0.119066539528
20031016,0.958642267704
20031017,0.843251392653
20031018,3.61216641425
20031019,2.21650236371
20031020,2.66371168231
20031021,3.26769130887
20031022,1.72740608056
20031023,0.144492799902
20031024,0.362695482795
20031025,0.260547461627
20031026,0.189075191352
20031027,0.406663055395
20031028,0.588121742231
20031029,0.244455561391
20031030,0.35625077938
20031031,2.17627418029
20031101,0.143635327728
20031102,0.022453934471
20031103,0.214989862487
20031104,0.0232363744082
20031105,0.428495922266
20031106,2.0245902874
20031107,5.05938817668
20031108,0.654346364946
20031109,0.550452232356
20031110,0.0188531160094
20031111,0.0277422660094
20031112,0.10291755677
20031113,1.69462686927
20031114,0.846726642633
20031115,0.651624566359
20031116,1.06224127037
20031117,3.63897063875
20031118,0.395518611286
20031119,0.192061699358
20031120,0.242344417344
20031121,0.940391170376
20031122,0.906230307634
20031123,0.218254400412
20031124,1.68022961235
20031125,0.447896701884
20031126,1.08754110996
20031127,2.53915698258
20031128,4.36062565009
20031129,1.25832846876
20031130,3.79441376604
20031201,1.47606381428
20031202,1.3124433158
20031203,0.846535763106
20031204,0.425086574854
20031205,0.689021784864
20031206,0.322303659319
20031207,0.189495198438
20031208,2.16801867459
20031209,1.73083115813
20031210,1.57290910595
20031211,2.40803383025
20031212,2.64719165804
20031213,4.55030314704
20031214,3.50756003475
20031215,2.40153184757
20031216,3.81330381391
20031217,1.24991502476
20031218,1.15833879816
20031219,1.54515599231
20031220,1.32309730223
20031221,1.37337590745
20031222,1.24969773539
20031223,3.71275213876
20031224,1.20443795308
20031225,4.1156326135
20031226,0.93126464981
20031227,2.15513092217
20031228,4.22990852277
20031229,4.03893186992
20031230,2.21548852857
20031231,1.36534573875
20040101,2.21847794451
20040102,2.4737794322
20040103,2.52993909931
20040104,0.790687878269
20040105,0.963225249799
20040106,0.338186033973
20040107,0.328363853857
20040108,4.05982357176
20040109,0.988968456567
20040110,2.76102167659
20040111,1.57004214998
20040112,2.9622813082
20040113,2.39768585402
20040114,0.86329856246
20040115,0.912510020755
20040116,0.398781810793
20040117,3.15628381061
20040118,4.43831057508
20040119,2.82271248015
20040120,4.38681587339
20040121,5.15244198503
20040122,6.21221921211
20040123,7.06180267085
20040124,1.77986249858
20040125,1.55834101117
20040126,1.81815888803
20040127,2.87445755756
20040128,6.41241369815
20040129,9.82770402229
20040130,5.34041834785
20040131,3.48091329194
20040201,2.89750002165
20040202,1.3333107195
20040203,0.441595421725
20040204,0.97363077138
20040205,0.465643306898
20040206,0.162624558759
20040207,0.114413088576
20040208,0.149064257104
20040209,0.312835733028
20040210,0.485875448091
20040211,0.602251113494
20040212,0.933846647649
20040213,1.95315828053
20040214,4.15790379225
20040215,4.30042308284
20040216,6.54107944942
20040217,4.1983497954
20040218,3.15791499642
20040219,8.73720720025
20040220,5.97333188879
20040221,2.40545813302
20040222,1.92138858555
20040223,4.1052729159
20040224,3.05141940837
20040225,1.3729395566
20040226,4.71231252532
20040227,3.62513206838
20040228,4.35540522682
20040229,1.85303197436
20040301,5.85759709795
20040302,11.5465312701
20040303,3.41137476314
20040304,6.93075142266
20040305,5.24526582977
20040306,3.20033751066
20040307,8.51947987387
20040308,3.36016906883
20040309,1.42391895939
20040310,0.435243184834
20040311,1.32770600032
20040312,0.520986436025
20040313,2.47942397711
20040314,2.06703532191
20040315,5.31066095423
20040316,2.69900544129
20040317,2.19689273343
20040318,1.43423467101
20040319,0.42295387407
20040320,0.680048533038
20040321,1.16081208678
20040322,0.751486724637
20040323,1.8855331872
20040324,0.867197086527
20040325,1.73403246311
20040326,1.62271176816
20040327,2.08936952817
20040328,0.859210355494
20040329,1.36661869645
20040330,0.430504670289
20040331,0.71544435744
20040401,1.09467250543
20040402,1.18591079212
20040403,0.898771826638
20040404,0.810426770194
20040405,3.07572177058
20040406,6.40625919276
20040407,2.04229629684
20040408,0.601393895651
20040409,0.465757079727
20040410,0.0791160423822
20040411,0.769070929543
20040412,0.106973465663
20040413,0.0404827327971
20040414,0.0121134191571
20040415,0.0370513938171
20040416,2.41973109145
20040417,1.31785871772
20040418,0.232521755873
20040419,0.544044644075
20040420,0.558243669074
20040421,0.261816548019
20040422,0.0574447336009
20040423,0.0848378889175
20040424,0.106789251303
20040425,0.00245102295756
20040426,0.0355114445554
20040427,0.0026634029976
20040428,1.59594108025
20040429,0.0281962021958
20040430,0.103638587859
20040501,0.00675290089327
20040502,8.69581336795e-05
20040503,0.0
20040504,1.29439028526e-06
20040505,0.000692751348628
20040506,0.00390287506161
20040507,0.00029662209909
20040508,4.026200398e-06
20040509,0.000221475655818
20040510,3.91299754544e-06
20040511,0.00535385738008
20040512,0.0220907405704
20040513,0.0459879062842
20040514,0.00898047861695
20040515,0.0022451077049
20040516,0.00224132364699
20040517,3.89436260374e-05
20040518,0.0
20040519,0.0014922041042
20040520,2.63640330219e-05
20040521,0.0167424014881
20040522,0.087985350164
20040523,0.00154928515119
20040524,0.0218129058839
20040525,0.00134123853119
20040526,0.0697734229318
20040527,0.053998042598
20040528,0.00127453476204
20040529,6.04735941153e-06
20040530,0.0
20040531,0.000968169415818
20040601,1.71054666985e-05
20040602,0.0
20040603,0.000909949093462
20040604,1.60768393154e-05
20040605,0.000166503265534
20040606,2.94175370836e-06
20040607,0.0
20040608,0.0
20040609,0.0
20040610,0.00956996878819
20040611,0.000169080717475
20040612,0.000544848032697
20040613,9.62629048654e-06
20040614,0.0
20040615,0.0
20040616,0.0
20040617,0.0
20040618,0.0
20040619,0.0
20040620,0.0
20040621,0.0
20040622,0.0
20040623,0.0
20040624,0.0
20040625,0.0
20040626,0.0
20040627,0.0
20040628,0.00604429420693
20040629,0.00501145456427
20040630,8.66548581938e-05
20040701,0.0
20040702,0.0
20040703,0.00182700956145
20040704,3.22793195215e-05
20040705,0.0
20040706,0.0161085863987
20040707,0.0103293358757
20040708,0.00165258328796
20040709,0.114638622992
20040710,0.00202495693366
20040711,0.00467695390456
20040712,8.26316964161e-05
20040713,0.000953099773203
20040714,1.68392152312e-05
20040715,0.01397706931
20040716,0.0117643023282
20040717,0.136137776436
20040718,0.00697772234424
20040719,0.0372907674016
20040720,0.0210469148557
20040721,0.00205041909377
20040722,2.98618459702e-05
20040723,0.0
20040724,0.0
20040725,0.0
20040726,0.0
20040727,0.00244016434608
20040728,0.00643911621287
20040729,0.0454602060268
20040730,0.0276814744418
20040731,0.130782269244
20040801,0.00230224998843
20040802,0.0
20040803,0.00273905411893
20040804,4.83931782655e-05
20040805,0.0
20040806,0.0
20040807,0.0
20040808,0.0
20040809,0.00132598000225
20040810,2.34272083156e-05
20040811,0.0
20040812,6.90513012716e-05
20040813,0.0339871452345
20040814,0.000707270405513
20040815,0.00020675614255
20040816,0.00264320764663
20040817,4.66358308937e-05
20040818,0.0
20040819,0.000740211523404
20040820,0.00256973071326
20040821,4.5170547369e-05
20040822,0.000271429386097
20040823,4.79557306666e-06
20040824,0.0
20040825,0.000364880243912
20040826,0.440367941005
20040827,0.0708166861065
20040828,0.0956527542694
20040829,0.0173976361841
20040830,0.118299116965
20040831,0.0887823638608
20040901,0.034279970773
20040902,0.000729973865081
20040903,0.0307234728455
20040904,0.147318949883
20040905,0.0128825792744
20040906,0.010840483772
20040907,0.0174904741282
20040908,0.0184409332618
20040909,0.0788750539123
20040910,0.0423338990407
20040911,0.013455071043
20040912,0.000224940707722
20040913,0.0
20040914,0.0075972047103
20040915,0.0661532448283
20040916,0.00266650379726
20040917,0.00949439838442
20040918,0.00582752999683
20040919,0.0395932624274
20040920,0.333839934911
20040921,0.00815670566142
20040922,0.0255023428694
20040923,0.0309032561689
20040924,0.121359275682
20040925,0.127483280851
20040926,0.261678094696
20040927,1.0881137767
20040928,1.28640586053
20040929,0.428753539356
20040930,0.0429077310004
20041001,0.5012091787
20041002,0.0094480153809
20041003,0.000344014226504
20041004,0.000153916919954
20041005,2.61532543013e-06
20041006,0.0
20041007,0.0318146186388
20041008,0.0996819210041
20041009,2.6679553566
20041010,1.22561583605
20041011,0.946904969505
20041012,0.466069438813
20041013,1.6367180199
20041014,1.08292379135
20041015,0.26692270031
20041016,0.327599137029
20041017,0.218643482573
20041018,0.0310964981517
20041019,0.213751668027
20041020,0.975331334929
20041021,0.659915741187
20041022,0.397248324341
20041023,0.15838174075
20041024,0.0431930062112
20041025,0.0153889621641
20041026,0.10118644291
20041027,1.06588275221
20041028,1.59540606358
20041029,0.79054625016
20041030,0.562926257994
20041031,2.43089314629
20041101,0.652811451866
20041102,0.0710182330671
20041103,0.00217574657972
20041104,0.0157946332467
20041105,0.00806251181081
20041106,0.0354890820894
20041107,0.513778070805
20041108,0.901814786378
20041109,1.23620078926
20041110,0.958934037472
20041111,1.48478708172
20041112,1.27811733116
20041113,2.71401569299
20041114,1.14007879431
20041115,1.32480865727
20041116,1.00303481382
20041117,2.22511326261
20041118,0.357147231577
20041119,0.211363561309
20041120,0.315126040613
20041121,1.10128113293
20041122,5.85705175993
20041123,3.07870675782
20041124,1.35434948384
20041125,3.25436984734
20041126,1.23700993696
20041127,1.51287190423
20041128,1.44279433466
20041129,1.50518615627
20041130,0.424295142003
20041201,2.24129919638
20041202,4.04030573158
20041203,1.82046048441
20041204,6.84719464663
20041205,5.369345101
20041206,5.36038817503
20041207,4.17953708262
20041208,2.70085407283
20041209,7.38156112431
20041210,6.96191196397
20041211,2.30725636208
20041212,4.99247182257
20041213,2.55493721335
20041214,0.572947315657
20041215,2.49587200574
20041216,1.70158051744
20041217,1.93322526087
20041218,0.877623949815
20041219,0.60396092323
20041220,3.97691833165
20041221,1.69842481237
20041222,0.838018859547
20041223,4.11512519608
20041224,3.79554030118
20041225,7.51922208642
20041226,1.93592999901
20041227,9.86402104991
20041228,5.72810906837
20041229,5.82224888349
20041230,2.64057347083
20041231,4.56683987671
20050101,3.99350029715
20050102,3.14129200027
20050103,0.980041320455
20050104,0.52521187244
20050105,1.4479314288
20050106,0.748357848574
20050107,1.131942247
20050108,2.032262305
20050109,0.786215314598
20050110,1.57016010638
20050111,0.573136890695
20050112,1.3930148497
20050113,3.24564939115
20050114,4.23527376718
20050115,1.49208961165
20050116,5.15789759144
20050117,7.48343445278
20050118,3.17497502755
20050119,2.95175188366
20050120,2.70972273952
20050121,1.53297978278
20050122,7.96228245389
20050123,2.02055112263
20050124,3.56502189267
20050125,3.13884550483
20050126,1.74759864005
20050127,7.11938851053
20050128,4.8630419762
20050129,4.18994997051
20050130,2.24091474473
20050131,1.1393239087
20050201,1.47621678218
20050202,0.583721419435
20050203,3.80348869266
20050204,0.555636302096
20050205,0.375259888241
20050206,0.584132233715
20050207,0.234719432998
20050208,0.469968219747
20050209,1.71872039915
20050210,0.394307508402
20050211,1.41426773858
20050212,0.470290807473
20050213,2.68923935999
20050214,3.62666281837
20050215,1.10703901713
20050216,7.33395847962
20050217,0.99605920481
20050218,1.28238461676
20050219,1.64096570586
20050220,1.09551644405
20050221,1.40145227452
20050222,3.3980112757
20050223,3.79097650723
20050224,4.25439659352
20050225,1.19344340567
20050226,1.18189840772
20050227,0.815252502659
20050228,6.12004318816
20050301,1.86529514004
20050302,1.9656591094
20050303,0.422336202564
20050304,0.335264254761
20050305,0.231558886744
20050306,0.415809629305
20050307,0.462551496173
20050308,0.162592127674
20050309,2.42170526125
20050310,0.809075073097
20050311,1.2567219484
20050312,1.49936785398
20050313,1.22152983354
20050314,1.78276941579
20050315,2.99315571425
20050316,3.67351233767
20050317,3.53444420115
20050318,1.57166800264
20050319,0.329571345315
20050320,0.230279862085
20050321,0.386843402411
20050322,0.301573960162
20050323,1.97759875616
20050324,1.61737146631
20050325,4.68424046393
20050326,1.51236774314
20050327,1.65266942167
20050328,2.628263595
20050329,3.10954071347
20050330,2.28427106857
20050331,0.396890900595
20050401,1.24743657748
20050402,0.589914291917
20050403,2.2013276743
20050404,2.62396225951
20050405,0.324594753893
20050406,0.160224953881
20050407,0.021800869029
20050408,0.0142657899967
20050409,0.0353338307679
20050410,0.000619924601576
20050411,0.0
20050412,0.0
20050413,0.00577257121376
20050414,0.0418537721302
20050415,0.243159627133
20050416,0.0403395921008
20050417,0.013871378219
20050418,0.00323318906298
20050419,0.00913850627211
20050420,0.000160521442473
20050421,0.0165292013989
20050422,0.0259410080775
20050423,0.0636824224415
20050424,0.0284145991323
20050425,0.02477700697
20050426,0.273888009905
20050427,0.391979984356
20050428,0.142096296625
20050429,0.0563551837473
20050430,0.0155010324468
20050501,0.000312866909987
20050502,9.8661716922e-07
20050503,0.10440209601
20050504,0.181430737773
20050505,0.139345615028
20050506,0.00249031576149
20050507,0.00287097901163
20050508,5.06976483065e-05
20050509,0.0738021215076
20050510,0.00130392441579
20050511,0.0
20050512,1.76636586576e-05
20050513,3.12078868817e-07
20050514,0.0
20050515,0.0
20050516,0.0220288422753
20050517,0.00762202495716
20050518,0.00012778838891
20050519,0.0
20050520,0.337059285107
20050521,0.39026991912
20050522,0.0220363350402
20050523,0.000700495407388
20050524,0.000114714188131
20050525,0.0416139418005
20050526,0.0083580837311
20050527,0.000134680004446
20050528,0.0
20050529,0.0
20050530,0.0
20050531,0.0
20050601,0.0
20050602,0.0
20050603,0.0
20050604,0.0
20050605,0.0
20050606,0.0
20050607,0.0
20050608,0.0
20050609,0.0
20050610,0.0
20050611,0.0
20050612,0.0
20050613,0.0
20050614,0.0
20050615,0.0
20050616,0.0
20050617,0.0
20050618,0.0
20050619,0.0
20050620,9.90605948605e-05
20050621,1.75018722497e-06
20050622,0.649164998761
20050623,0.0602972710996
20050624,0.000862684092712
20050625,0.000288431128546
20050626,5.09595658843e-06
20050627,0.0
20050628,0.0
20050629,0.00074335186182
20050630,0.000486244307736
20050701,8.35884816273e-06
20050702,0.0
20050703,0.0
20050704,0.0
20050705,0.00500006148973
20050706,0.000537883526182
20050707,7.94246011409e-06
20050708,0.0
20050709,0.0
20050710,0.117891590748
20050711,0.0090949888669
20050712,0.0793474463234
20050713,0.0172768267825
20050714,0.00216735266731
20050715,3.33363647128e-05
20050716,0.0
20050717,0.0
20050718,0.00475118880199
20050719,8.39432593025e-05
20050720,0.0
20050721,0.0
20050722,0.0
20050723,0.0
20050724,0.0
20050725,0.0
20050726,0.0
20050727,0.0
20050728,0.0
20050729,0.00624299883811
20050730,0.000110300335725
20050731,0.0
20050801,0.0
20050802,0.0
20050803,0.0
20050804,0.0
20050805,0.0
20050806,0.0014158336057
20050807,2.50147286569e-05
20050808,0.0
20050809,0.0
20050810,0.0
20050811,0.0335106569392
20050812,0.0020865711297
20050813,2.64047714743e-05
20050814,0.000454267009832
20050815,8.02591913611e-06
20050816,0.0
20050817,0.000541674944834
20050818,9.57022882667e-06
20050819,0.0
20050820,0.0
20050821,0.0
20050822,0.0
20050823,0.000521143267568
20050824,9.20747730073e-06
20050825,0.0
20050826,0.0
20050827,0.00189522169198
20050828,3.34844814981e-05
20050829,0.0
20050830,0.0
20050831,0.0
20050901,0.0
20050902,0.0
20050903,0.0107695070899
20050904,0.000190273967294
20050905,0.0
20050906,0.0188007440716
20050907,0.00145475574446
20050908,1.98336924852e-05
20050909,0.0
20050910,0.00415486772345
20050911,0.0189275925653
20050912,0.000333112802473
20050913,0.00164451556108
20050914,0.00231670016916
20050915,0.000360671396537
20050916,0.0191830426839
20050917,0.00419062711014
20050918,0.013804754983
20050919,0.000794830513517
20050920,0.075914808525
20050921,0.00165457951288
20050922,0.00313094459903
20050923,0.0597712387335
20050924,0.00654801429046
20050925,0.00569776000484
20050926,0.0006945521137
20050927,0.027646135717
20050928,0.992224792504
20050929,4.30675145643
20050930,0.192878853163
20051001,0.0272997996038
20051002,0.00985304757593
20051003,0.0890869060571
20051004,0.0185517075447
20051005,0.012801174546
20051006,0.00160107529866
20051007,0.0616621732771
20051008,0.00966508905726
20051009,0.0165661268472
20051010,0.0163247469825
20051011,0.124471682909
20051012,0.14367535714
20051013,0.27817639547
20051014,0.142445614504
20051015,0.59970260639
20051016,0.235083067831
20051017,0.0474774285514
20051018,0.069810239851
20051019,0.0613358066738
20051020,1.40632261914
20051021,0.216857849588
20051022,0.160768688082
20051023,0.960499290907
20051024,0.280872868383
20051025,0.690616773402
20051026,0.430163421002
20051027,0.760601627287
20051028,0.217092748901
20051029,0.0768546157559
20051030,1.046135717
20051031,0.154584981895
20051101,0.0844874092896
20051102,0.142877394885
20051103,0.533562817768
20051104,0.662474102807
20051105,1.37412699236
20051106,1.17705374793
20051107,2.78002920406
20051108,0.782183556553
20051109,3.46355191109
20051110,0.968342303119
20051111,1.60280934459
20051112,2.98218348961
20051113,0.678436798471
20051114,0.116130323007
20051115,1.21392790372
20051116,0.257593074379
20051117,0.472948136378
20051118,2.23802497401
20051119,0.66783265545
20051120,0.510844377558
20051121,1.73380800981
20051122,3.58301691613
20051123,3.6869116558
20051124,0.975795701196
20051125,1.31555194276
20051126,1.00699752531
20051127,1.96694116437
20051128,2.97333450962
20051129,2.35711587266
20051130,3.88422236268
20051201,2.28310595011
20051202,2.52695257652
20051203,4.71853883263
20051204,5.75826320172
20051205,2.99402292687
20051206,1.61750159113
20051207,4.19294899154
20051208,2.59022395914
20051209,3.07413361104
20051210,4.79812032228
20051211,0.514122560369
20051212,1.70200317272
20051213,2.31033193378
20051214,2.61599469625
20051215,0.367219531405
20051216,1.33422785757
20051217,0.62832363054
20051218,2.7901682255
20051219,3.0947669725
20051220,2.6310747429
20051221,4.25902463713
20051222,1.97105339746
20051223,1.34956706085
20051224,0.903113874804
20051225,2.94740720204
20051226,4.60444234497
20051227,3.17861965709
20051228,2.79018403748
20051229,5.14872072434
20051230,5.3598648982
20051231,7.97574441597
20060101,1.95827304216
20060102,2.32452956726
20060103,2.63077187076
20060104,2.57167363599
20060105,2.851326919
20060106,10.5218270512
20060107,3.71172547846
20060108,1.50107792321
20060109,1.88143746752
20060110,1.83139306333
20060111,8.2650206127
20060112,4.20327374259
20060113,3.45818253839
20060114,2.35870574024
20060115,2.67701060632
20060116,4.16948044801
20060117,8.93511342218
20060118,5.03474945095
20060119,1.78742801736
20060120,0.289234762447
20060121,1.56703443227
20060122,2.53520572185
20060123,1.55223177474
20060124,1.42057730342
20060125,1.45419904817
20060126,1.5950942602
20060127,1.23191843331
20060128,2.69001842479
20060129,2.97158435786
20060130,4.13372646269
20060131,2.73845000002
20060201,7.38590129226
20060202,4.71807556429
20060203,2.06584385698
20060204,2.12671892989
20060205,2.136199128
20060206,7.95312610736
20060207,5.958282036
20060208,6.05673040918
20060209,1.96956376773
20060210,3.31692020071
20060211,2.6889559839
20060212,1.84921414952
20060213,1.35403004697
20060214,1.53633477645
20060215,2.58088826673
20060216,2.93726703781
20060217,1.68685636731
20060218,3.3485803568
20060219,4.13464354327
20060220,4.98389825295
20060221,5.52424792893
20060222,5.18186255281
20060223,2.41984495268
20060224,3.46528839259
20060225,1.10609415447
20060226,1.42174515967
20060227,1.78277315755
20060228,2.3824317474
20060301,2.44131379732
20060302,2.73390343285
20060303,6.76290730258
20060304,7.13032978896
20060305,7.57712546647
20060306,2.46681481393
20060307,2.92101405918
20060308,2.61221597202
20060309,0.950961201718
20060310,4.85699410377
20060311,1.53697264585
20060312,2.66885528329
20060313,4.0469823353
20060314,2.07558253091
20060315,2.35427158011
20060316,0.378560419127
20060317,0.434890760025
20060318,1.06309828951
20060319,0.556965748561
20060320,0.990752476556
20060321,0.398266112512
20060322,0.959231963198
20060323,1.85085670278
20060324,0.293392525807
20060325,5.1675294908
20060326,0.514244147394
20060327,0.400571875432
20060328,0.6095722448
20060329,5.35148526337
20060330,2.36934963927
20060331,0.703462585152
20060401,1.2968747356
20060402,0.452195993683
20060403,0.445306427178
20060404,0.365849813407
20060405,1.60900242604
20060406,1.32158237597
20060407,0.369782411763
20060408,0.161925186405
20060409,0.138820134992
20060410,1.27299342708
20060411,0.636494039162
20060412,0.405937300896
20060413,0.593673326753
20060414,0.262006956159
20060415,0.936075107341
20060416,0.439609476926
20060417,0.12902621078
20060418,0.00722574577644
20060419,0.0463953188392
20060420,0.582287800659
20060421,0.133382761009
20060422,0.0199634581196
20060423,0.371925218211
20060424,0.133403994414
20060425,0.269838176923
20060426,0.555703177792
20060427,0.301621356479
20060428,1.23440084649
20060429,0.0217216784608
20060430,6.34113097494e-08
20060501,0.0
20060502,0.0973358083582
20060503,0.720934557882
20060504,0.272078773844
20060505,0.0510592006022
20060506,0.00806607559236
20060507,0.0119636145938
20060508,0.223441850228
20060509,0.309837595782
20060510,0.00779488521142
20060511,0.000953797427966
20060512,1.61053722146e-05
20060513,0.0549424865454
20060514,0.0253321858247
20060515,0.00396268480607
20060516,0.021213926695
20060517,0.00119482298429
20060518,1.45074425401e-05
20060519,7.36753536032e-05
20060520,1.3016847702e-06
20060521,2.63668381916e-05
20060522,0.0332137351083
20060523,0.789952726309
20060524,0.0421889947869
20060525,0.00413094201534
20060526,0.00211580436556
20060527,3.6705072837e-05
20060528,8.07589555209e-09
20060529,0.0
20060530,0.0112480329321
20060531,0.00216985091131
20060601,3.48254809033e-05
20060602,0.0
20060603,0.0
20060604,7.5282405189e-05
20060605,0.0136301783089
20060606,0.000240792371395
20060607,0.000890997130038
20060608,0.000282066308021
20060609,4.70537642162e-06
20060610,0.00166384724755
20060611,0.00263424131902
20060612,0.000944972375461
20060613,0.0261400004637
20060614,0.00173049238411
20060615,0.109525905496
20060616,0.0183376423179
20060617,0.0810910087733
20060618,0.0014952876101
20060619,0.000713839073308
20060620,1.25908621531e-05
20060621,0.0
20060622,0.0303375047598
20060623,0.0117200532636
20060624,0.000394200791864
20060625,0.0954969842294
20060626,0.00510331745992
20060627,0.00160919364168
20060628,2.73646230276e-05
20060629,0.0437923921412
20060630,0.00187715525089
20060701,0.00108011654431
20060702,0.00448793315916
20060703,7.89610261167e-05
20060704,0.00939924983644
20060705,0.00279957595417
20060706,0.00806116041203
20060707,0.000141601260837
20060708,0.0
20060709,0.0
20060710,0.000117478383709
20060711,0.00614388909888
20060712,0.0153509263687
20060713,0.000269300589074
20060714,0.00133879472274
20060715,5.81119210413e-05
20060716,0.000317423691482
20060717,5.59743629849e-06
20060718,0.000112289241331
20060719,0.00180209510883
20060720,0.00022424785555
20060721,0.0142898405626
20060722,0.000860737434152
20060723,0.000888247003165
20060724,1.55035167835e-05
20060725,0.00273649906835
20060726,4.83480381643e-05
20060727,0.0
20060728,0.00518221686491
20060729,9.1558600922e-05
20060730,0.00302545341747
20060731,5.34532366995e-05
20060801,6.05700909084e-05
20060802,0.00914678677112
20060803,0.144465998437
20060804,0.338400747699
20060805,0.103120444001
20060806,0.181924094989
20060807,0.00761133217767
20060808,7.82237172655e-05
20060809,7.17871856681e-05
20060810,0.00119189901205
20060811,0.00457824057052
20060812,8.05159834404e-05
20060813,0.0
20060814,0.00482753358126
20060815,0.000246293794394
20060816,2.84455260965e-06
20060817,0.0
20060818,0.0631174234571
20060819,0.00111514882499
20060820,0.00883620212468
20060821,0.0669759139036
20060822,0.22025773745
20060823,0.438471052577
20060824,0.105128403715
20060825,0.0258749221383
20060826,0.016014441478
20060827,0.050337201168
20060828,0.0258348359734
20060829,0.00767685153271
20060830,0.00233802310796
20060831,0.00220468174164
20060901,9.87069750255e-05
20060902,0.00177178436417
20060903,0.00021017907029
20060904,3.16067576967e-06
20060905,0.0
20060906,0.00296692206334
20060907,0.0181487929942
20060908,0.0159794169622
20060909,0.0448949639597
20060910,0.157692388025
20060911,0.0204938287035
20060912,0.0030068156023
20060913,0.000504559816912
20060914,0.0148610904258
20060915,0.000618700107407
20060916,0.0255724587354
20060917,0.357369212111
20060918,0.922427356567
20060919,0.0612337846596
20060920,0.000795899140576
20060921,0.0227385108495
20060922,0.0226700899541
20060923,0.00566630180144
20060924,9.31602108938e-05
20060925,0.0659038374189
20060926,0.00116437875746
20060927,0.580725799884
20060928,1.30080046528
20060929,1.07145230594
20060930,0.0525431710436
20061001,0.138071229601
20061002,1.80369945759
20061003,0.508013329639
20061004,0.994410247193
20061005,0.247967457988
20061006,0.425305443552
20061007,0.0715921532651
20061008,0.0694770821842
20061009,0.0271131498027
20061010,0.076484756885
20061011,0.352473331272
20061012,0.803738833871
20061013,0.581968865294
20061014,0.424155038004
20061015,0.331603722211
20061016,0.997026128686
20061017,1.17896539788
20061018,1.10857671504
20061019,5.91911720278
20061020,0.305640019656
20061021,0.373014156252
20061022,0.58689528388
20061023,0.943942259283
20061024,3.15507064756
20061025,0.10352425685
20061026,0.672559423138
20061027,0.20387356126
20061028,0.757335193132
20061029,0.350476136882
20061030,1.28366674709
20061031,1.72280793951
20061101,1.72545204798
20061102,1.31216674353
20061103,1.45994084647
20061104,2.06341265184
20061105,1.89136723379
20061106,2.43112589317
20061107,1.3242493528
20061108,0.371819940603
20061109,1.65674232866
20061110,0.753898920256
20061111,0.0942140614508
20061112,1.25691092273
20061113,1.8837941984
20061114,0.742795802238
20061115,2.20991136899
20061116,6.93010265629
20061117,1.65657634139
20061118,3.3884449006
20061119,3.97409941381
20061120,1.34541524706
20061121,0.298724046292
20061122,0.200663569431
20061123,1.48215457242
20061124,4.1394162316
20061125,2.63397052242
20061126,5.5238647746
20061127,2.34175919726
20061128,0.54404301371
20061129,1.97322994104
20061130,0.0890840691184
20061201,0.235713916706
20061202,0.265652652385
20061203,0.341849937754
20061204,0.0924880269015
20061205,0.927979244607
20061206,2.3449534908
20061207,0.826585847762
20061208,1.06159438767
20061209,1.26940902102
20061210,0.757500751823
20061211,2.6211071523
20061212,9.71989889929
20061213,5.20419179923
20061214,1.96256441301
20061215,1.85641829555
20061216,2.4694028695
20061217,2.07846255715
20061218,1.74167867904
20061219,1.68535422947
20061220,2.68272350338
20061221,2.43595450923
20061222,3.19060471713
20061223,2.53809681584
20061224,1.12071962739
20061225,2.60279182213
20061226,1.90133768325
20061227,1.75557850783
20061228,2.35263437462
20061229,4.07105537875
20061230,3.08557604278
20061231,1.45776201094
20070101,6.265684503
20070102,12.9722193966
20070103,4.64325730757
20070104,2.84885627667
20070105,3.02497935354
20070106,4.64604621616
20070107,2.53042179758
20070108,2.78593267548
20070109,4.19712781782
20070110,0.986335778785
20070111,1.0946691204
20070112,0.536484740614
20070113,1.59011538957
20070114,1.46527605893
20070115,1.31928042326
20070116,0.950138482014
20070117,1.74461049693
20070118,2.96010892279
20070119,3.80801477586
20070120,6.46314679213
20070121,4.46724377213
20070122,5.35152014005
20070123,2.942776899
20070124,2.6440348472
20070125,2.28912809523
20070126,6.50791245247
20070127,1.8467052676
20070128,3.98483961882
20070129,3.47215429247
20070130,6.8051580821
20070131,3.77332189009
20070201,1.91067842671
20070202,0.910926762375
20070203,2.54539985433
20070204,2.38542677492
20070205,3.03348089806
20070206,0.91615139785
20070207,1.38106399854
20070208,2.72945919506
20070209,1.39756919056
20070210,1.25245017121
20070211,1.6390618972
20070212,1.69574682069
20070213,6.55104466501
20070214,2.87620658878
20070215,0.0714780664115
20070216,0.344888076245
20070217,0.198742894333
20070218,0.187373970663
20070219,0.285553966816
20070220,1.23417227747
20070221,1.11111187323
20070222,3.1721236936
20070223,1.72166012192
20070224,2.04892543736
20070225,1.6026676585
20070226,1.44267105629
20070227,5.43741673022
20070228,4.64975869652
20070301,4.11739547775
20070302,1.87775080913
20070303,0.677840459838
20070304,0.404441000626
20070305,1.13813533183
20070306,1.29925381688
20070307,2.19352327585
20070308,1.89666028692
20070309,1.9069206015
20070310,1.15118616636
20070311,0.798361811061
20070312,0.363510094985
20070313,0.670031356699
20070314,0.350509305267
20070315,0.228188135253
20070316,0.644368190588
20070317,0.19310226761
20070318,0.661972114529
20070319,1.68702168057
20070320,0.128823722033
20070321,0.214206879043
20070322,0.389875874199
20070323,0.189628114075
20070324,0.225759650179
20070325,1.75312559231
20070326,1.56694383255
20070327,2.66268086563
20070328,0.421723892183
20070329,1.09220585675
20070330,2.03628872112
20070331,5.8071009511
20070401,1.68493599577
20070402,1.94317938091
20070403,0.26722429114
20070404,0.329038327025
20070405,0.454812672216
20070406,0.197074727032
20070407,0.148409204488
20070408,1.12075500794
20070409,0.0411976241004
20070410,0.537214472799
20070411,0.152505887732
20070412,0.0265694476338
20070413,0.0737678776976
20070414,0.458634938213
20070415,0.174979199796
20070416,0.0952619634833
20070417,0.167505561014
20070418,0.0706422938727
20070419,0.115947748183
20070420,0.0182468397975
20070421,0.17581570099
20070422,0.0336825368913
20070423,0.0078896295521
20070424,0.00699600195324
20070425,0.0191459377232
20070426,0.0160243154191
20070427,0.0395098886138
20070428,0.00830342728192
20070429,0.071882422177
20070430,0.130499856507
20070501,0.0640987078101
20070502,0.0125152614829
20070503,0.000400908675261
20070504,3.51743488872e-06
20070505,0.00198973751288
20070506,0.0936136131286
20070507,0.102513772423
20070508,0.226135898336
20070509,0.0115550419134
20070510,0.000169157393829
20070511,0.119999670432
20070512,0.00212012459338
20070513,0.00143521005233
20070514,0.1526009388
20070515,0.00273754228627
20070516,7.39587284706e-07
20070517,0.0571275218391
20070518,0.00138352546715
20070519,0.001165415005
20070520,0.000497574142011
20070521,0.0049024531216
20070522,0.00386065543537
20070523,0.0042143311671
20070524,0.0254710050905
20070525,0.00406426402202
20070526,0.000904770107752
20070527,0.0416872512055
20070528,0.0114265382388
20070529,0.000188874151194
20070530,0.0
20070531,0.0113654143914
20070601,0.150276563377
20070602,0.634000603287
20070603,0.0234996990942
20070604,0.0212055166092
20070605,0.00177642665263
20070606,0.0135441970377
20070607,0.0017795786487
20070608,2.72212138717e-05
20070609,0.000352137058331
20070610,0.000784893460694
20070611,0.0118921118402
20070612,0.000348015122955
20070613,0.00111872117963
20070614,7.39419868669e-05
20070615,9.57945543975e-07
20070616,0.0
20070617,0.0
20070618,0.020547773056
20070619,0.000363034858083
20070620,0.0412775358136
20070621,0.0212061940083
20070622,0.000634161799019
20070623,0.00172660040445
20070624,0.00154756227269
20070625,2.6804636023e-05
20070626,0.0
20070627,0.0
20070628,4.0232036856e-05
20070629,0.0422774997607
20070630,0.00076607205304
20070701,6.21628675861e-06
20070702,0.0153110462192
20070703,0.0531009348324
20070704,1.76407174984
20070705,0.220917654213
20070706,0.0033527704437
20070707,0.00609413747354
20070708,0.000107670269752
20070709,0.0
20070710,0.00933595835527
20070711,0.115374245638
20070712,0.617620323238
20070713,0.246164998417
20070714,0.0113988813547
20070715,0.111983999923
20070716,0.00324173940143
20070717,0.0128652436531
20070718,0.00397520623323
20070719,6.62243809865e-05
20070720,0.0
20070721,0.000678864520401
20070722,0.0022143059935
20070723,6.88392272744e-05
20070724,5.28783203765e-07
20070725,0.0
20070726,0.0
20070727,0.0373497341663
20070728,0.00191788036829
20070729,0.0834775445789
20070730,0.0450393485969
20070731,0.000852071843874
20070801,1.4553783252e-06
20070802,0.000451164468862
20070803,7.9711041465e-06
20070804,0.0
20070805,0.0
20070806,0.0654437616966
20070807,0.00123725123815
20070808,1.43111416102e-06
20070809,0.0025404973875
20070810,4.48851150582e-05
20070811,0.0
20070812,0.0
20070813,0.00193562452671
20070814,3.41983122715e-05
20070815,0.0
20070816,0.0
20070817,0.0587502498749
20070818,0.0010379902834
20070819,1.7552952676e-05
20070820,3.1012284455e-07
20070821,0.0
20070822,9.67482822869e-05
20070823,0.00198792927133
20070824,0.0023552016149
20070825,0.0137752582831
20070826,0.000242654875127
20070827,0.000127885484868
20070828,2.25945986691e-06
20070829,0.000126702391495
20070830,0.000759370333818
20070831,0.0356447140597
20070901,0.000629528900877
20070902,0.0
20070903,0.0
20070904,0.0309946936136
20070905,0.0319646710818
20070906,0.00507424989294
20070907,0.040842643381
20070908,0.309364236871
20070909,0.0142046169685
20070910,0.0209678342571
20070911,0.0603387112601
20070912,0.00105955804917
20070913,0.0
20070914,0.0
20070915,0.0
20070916,0.0
20070917,0.000759384825294
20070918,0.00201060687808
20070919,0.0474587674247
20070920,0.0515530335259
20070921,0.0191286466676
20070922,0.0530711779043
20070923,0.0300556631386
20070924,0.0645874103815
20070925,0.650546340814
20070926,0.465062949768
20070927,0.138795141861
20070928,0.16071304933
20070929,0.628916381733
20070930,0.0349049780065
20071001,0.49200068201
20071002,0.639059249313
20071003,1.04972446924
20071004,1.94577489717
20071005,0.39849736352
20071006,1.19381921425
20071007,0.532480022424
20071008,0.471992939802
20071009,1.31439273316
20071010,0.264241119263
20071011,1.32430223562
20071012,0.314437970179
20071013,0.066725233394
20071014,0.005958779364
20071015,0.0535462363977
20071016,0.472009088759
20071017,0.198585371586
20071018,0.0747808610226
20071019,0.0922228624485
20071020,0.242724168393
20071021,0.655636055624
20071022,0.308117134335
20071023,0.247537293033
20071024,0.416053088555
20071025,1.12173652909
20071026,2.07501431447
20071027,2.75821887018
20071028,0.654825702822
20071029,0.46606526488
20071030,1.60447125212
20071031,2.82884261116
20071101,0.292937108679
20071102,0.477043547117
20071103,0.177737700515
20071104,0.817417822499
20071105,4.84655137375
20071106,2.5962931986
20071107,4.85294891384
20071108,1.16190644292
20071109,1.50124054838
20071110,0.269940365284
20071111,2.34742309179
20071112,0.431099077625
20071113,0.0954738289851
20071114,0.673167600826
20071115,3.27351794669
20071116,1.86914056841
20071117,6.43172266505
20071118,3.02711729448
20071119,1.62514014104
20071120,0.942990509642
20071121,1.51833798027
20071122,3.80416049059
20071123,3.17459533586
20071124,4.5566770141
20071125,1.30837691122
20071126,10.6949549182
20071127,0.470612774739
20071128,3.6120802887
20071129,2.66644542388
20071130,0.439628776075
20071201,0.371492896301
20071202,3.60831585941
20071203,4.32602823836
20071204,2.71743872632
20071205,2.78356774134
20071206,4.40561675215
20071207,1.99096940994
20071208,3.29787928153
20071209,3.5218301611
20071210,2.18388985635
20071211,1.69446688079
20071212,1.37432906714
20071213,7.98577629909
20071214,4.83873638885
20071215,1.62953306708
20071216,4.19459859673
20071217,3.32541960867
20071218,2.33518631099
20071219,6.3315377902
20071220,5.84150388747
20071221,1.27845723832
20071222,2.01378807781
20071223,3.15465425474
20071224,2.44438796832
20071225,4.03283245557
20071226,4.82869546512
20071227,2.42809016493
20071228,6.32241752245
20071229,7.38409911648
20071230,4.38842169192
20071231,4.02286128297
20080101,4.6795184109
20080102,2.52548073786
20080103,3.86515544
20080104,7.18914738565
20080105,10.8336528534
20080106,2.49264131234
20080107,1.92141791315
20080108,3.03105153934
20080109,3.62418973641
20080110,3.26794872335
20080111,2.78731399825
20080112,3.18106710946
20080113,2.65637135804
20080114,2.31603059052
20080115,3.93099882738
20080116,1.43224041273
20080117,2.25381196934
20080118,3.03375402041
20080119,2.2245964736
20080120,1.48603823538
20080121,4.61461196764
20080122,3.10683434887
20080123,1.65270601201
20080124,4.16788432483
20080125,8.01279630255
20080126,5.98818793997
20080127,8.26101514985
20080128,7.68801594822
20080129,4.23697626397
20080130,2.69292732158
20080131,4.04114256093
20080201,2.3668226848
20080202,1.18249061161
20080203,1.25620310556
20080204,2.00525113424
20080205,5.05194798686
20080206,3.31040196162
20080207,1.41509807101
20080208,0.961226693818
20080209,1.47924955847
20080210,2.73972261294
20080211,1.12446611823
20080212,0.318639704987
20080213,0.189992288107
20080214,0.357404190665
20080215,0.326997328507
20080216,0.349051222182
20080217,0.722307893225
20080218,0.603462220268
20080219,1.54321638324
20080220,0.518912514194
20080221,3.8583516312
20080222,0.564882141218
20080223,0.559026614975
20080224,0.281152852602
20080225,0.563966543811
20080226,1.98488483748
20080227,0.675217044605
20080228,0.795644701503
20080229,1.18832737846
20080301,4.31103675452
20080302,1.43245365317
20080303,1.1946593399
20080304,0.44487346158
20080305,0.743572592385
20080306,0.346085590851
20080307,2.10277113686
20080308,1.2714762055
20080309,0.993320204229
20080310,0.871574860785
20080311,0.262149061058
20080312,2.75722058976
20080313,2.41732560361
20080314,1.52747119552
20080315,1.15838658832
20080316,2.53677219511
20080317,11.1663891162
20080318,1.86634142728
20080319,1.45979564502
20080320,0.420252228953
20080321,0.358367508633
20080322,0.137353699569
20080323,0.175345194223
20080324,0.0929047365708
20080325,0.123806461858
20080326,0.00217415717642
20080327,0.000377545817232
20080328,0.0512382614959
20080329,0.281200468566
20080330,0.273020768922
20080331,0.0277816880551
20080401,0.00878892833696
20080402,0.176944584762
20080403,0.0900381334672
20080404,0.0653945539272
20080405,0.104766351023
20080406,0.00866783079815
20080407,0.211567038434
20080408,0.724570677698
20080409,0.514024612227
20080410,0.528583999462
20080411,0.223993011076
20080412,0.153531217625
20080413,0.130006992335
20080414,0.230211336147
20080415,0.825747601767
20080416,0.255702529893
20080417,0.0476405699024
20080418,0.237123912343
20080419,0.381975977505
20080420,0.00821519680178
20080421,0.0126791256557
20080422,0.0298803545497
20080423,0.260845303639
20080424,0.38461438682
20080425,0.0118546259625
20080426,0.0558614386666
20080427,0.00182757450448
20080428,0.000868896680885
20080429,0.0936537267267
20080430,1.46366941562
20080501,0.219026869847
20080502,0.0114156485738
20080503,0.406637714578
20080504,1.55063373803
20080505,0.578205740929
20080506,0.0323889004118
20080507,0.0280813454319
20080508,0.00166400792758
20080509,0.292027812887
20080510,0.00793607999243
20080511,0.0122401987321
20080512,0.000329178053883
20080513,2.20377630532e-06
20080514,0.0116659622331
20080515,0.0569081594311
20080516,0.00104493381049
20080517,7.62030844355e-07
20080518,0.000243450655741
20080519,0.000941539492908
20080520,0.108460592901
20080521,0.00383668597391
20080522,3.39348683543e-05
20080523,0.00473836658471
20080524,0.0067260999572
20080525,0.00143904491383
20080526,0.00149686409613
20080527,2.60337911954e-05
20080528,0.00866409027134
20080529,0.0150480073959
20080530,0.00785145821611
20080531,0.000134068829811
20080601,0.00021647191579
20080602,0.0558886385268
20080603,0.00291446014763
20080604,3.40476287675e-05
20080605,0.00340129377778
20080606,6.00935326105e-05
20080607,0.00208455943482
20080608,0.00490979760994
20080609,0.000342762277936
20080610,0.164839257768
20080611,0.0581334203191
20080612,0.00116200731176
20080613,0.00915867998049
20080614,0.0138375103984
20080615,0.00284609222899
20080616,0.147472118522
20080617,0.0363608978809
20080618,0.0064209693351
20080619,0.0186143238445
20080620,0.0579889211094
20080621,0.0168662028216
20080622,0.00027999013481
20080623,2.44731599757e-05
20080624,4.32387964836e-07
20080625,0.0703261093537
20080626,0.0155624403289
20080627,0.00237334610672
20080628,0.0031844054742
20080629,0.00151521577125
20080630,0.00268768466995
20080701,7.56623976235e-05
20080702,5.05873320656e-07
20080703,0.0102228065541
20080704,0.000614820187754
20080705,0.00164734781958
20080706,0.00380299458959
20080707,0.000227120736831
20080708,2.8346608196e-06
20080709,0.0
20080710,0.00361496687734
20080711,6.38686762672e-05
20080712,0.0433282484472
20080713,0.126754945421
20080714,0.00556523491164
20080715,0.00389884251438
20080716,0.00701941064455
20080717,0.000122819233456
20080718,0.0
20080719,1.24902775562
20080720,0.112137541345
20080721,0.164174570216
20080722,0.00291575167845
20080723,0.0200084179384
20080724,0.0403637201931
20080725,0.016431165622
20080726,0.000279780993317
20080727,3.47526029386e-08
20080728,0.0
20080729,0.0
20080730,0.0357694377303
20080731,0.0383913450436
20080801,0.000667126791919
20080802,0.00382809387908
20080803,0.0104898400442
20080804,0.148818251175
20080805,0.0241952041411
20080806,0.00540683405623
20080807,0.00020775864167
20080808,0.000975234571141
20080809,0.0379624293214
20080810,0.0364177422411
20080811,0.00239982948509
20080812,0.00107876214704
20080813,0.000673130373544
20080814,1.1565776695e-05
20080815,9.79671458248e-05
20080816,1.73086855179e-06
20080817,0.00378029583949
20080818,0.0101851923493
20080819,0.034092919532
20080820,0.00059918988809
20080821,0.0
20080822,0.0
20080823,0.0
20080824,0.0
20080825,0.0
20080826,0.0
20080827,0.0
20080828,0.000742447904044
20080829,1.31174554992e-05
20080830,0.0
20080831,0.000980233470184
20080901,0.000348473741988
20080902,0.000126679751015
20080903,2.13478726666e-06
20080904,0.000167547760196
20080905,2.96020759172e-06
20080906,0.0
20080907,0.0
20080908,0.0
20080909,0.0
20080910,0.00445668169858
20080911,7.87399608144e-05
20080912,0.0
20080913,0.00558942694345
20080914,9.87531268738e-05
20080915,0.0
20080916,0.0
20080917,0.0
20080918,0.0
20080919,0.0
20080920,7.97063030666e-05
20080921,4.47011189044e-05
20080922,0.0436891110629
20080923,0.0110486530427
20080924,0.160600931624
20080925,0.0723177561894
20080926,0.00122762349435
20080927,0.00900799083659
20080928,0.00699967984615
20080929,0.0001208573846
20080930,0.00916557866568
20081001,0.0028933243791
20081002,4.82577401596e-05
20081003,0.0
20081004,0.0326063426658
20081005,0.302716490025
20081006,0.00798465045094
20081007,5.10134671e-05
20081008,0.00584434680473
20081009,0.0184935364955
20081010,0.245916916857
20081011,0.5802968721
20081012,0.10236784621
20081013,0.00265602469556
20081014,0.0834865447906
20081015,0.0376525992564
20081016,0.208916631404
20081017,1.35498676035
20081018,0.037569789525
20081019,0.0778384073675
20081020,0.0946255062194
20081021,2.11988933157
20081022,0.386114396402
20081023,0.430429696523
20081024,0.188734227646
20081025,0.309272622653
20081026,0.0397035287267
20081027,0.000630695565251
20081028,0.0360173091259
20081029,0.220603911793
20081030,0.24123088584
20081031,0.319026344999
20081101,0.794328013959
20081102,0.565039288289
20081103,0.249825373825
20081104,0.803414809302
20081105,1.55841281516
20081106,1.41816548796
20081107,1.67388742854
20081108,3.1626821802
20081109,3.51490551772
20081110,1.97702307397
20081111,2.22479780432
20081112,8.6660209222
20081113,15.8147222126
20081114,1.87211296006
20081115,1.79528006721
20081116,7.24248266506
20081117,1.33219769164
20081118,1.3046287697
20081119,2.4979580231
20081120,1.81843013484
20081121,0.749679862134
20081122,2.24079559021
20081123,2.56692395782
20081124,4.13849175277
20081125,3.01869977255
20081126,4.08396252104
20081127,3.58609222367
20081128,2.3015977243
20081129,1.33626085961
20081130,3.89176014883
20081201,1.36255683692
20081202,3.35006409115
20081203,1.06365453839
20081204,0.157255789601
20081205,2.76004629666
20081206,3.39461467614
20081207,1.1288965717
20081208,1.13710389703
20081209,0.753996971494
20081210,1.69338503158
20081211,2.44785948106
20081212,1.82984279257
20081213,3.72098573552
20081214,1.923686917
20081215,3.36559697308
20081216,3.00899827545
20081217,7.05484462281
20081218,5.64888561217
20081219,4.04667768522
20081220,1.13172783248
20081221,2.69240849901
20081222,4.06626708491
20081223,2.3476966836
20081224,1.91463775996
20081225,4.95885950071
20081226,4.02331815135
20081227,3.5098723519
20081228,2.19439294613
20081229,2.22463455112
20081230,0.302330031123
20081231,0.613202955234
20090101,4.15951466375
20090102,1.30650505967
20090103,2.01305086583
20090104,0.589847331097
20090105,1.62579106875
20090106,5.96981281519
20090107,2.92707330613
20090108,1.89499213533
20090109,2.69436981011
20090110,1.25642334991
20090111,4.17937456563
20090112,3.92136136216
20090113,0.929445436836
20090114,1.6056644731
20090115,4.66285780024
20090116,5.02309096163
20090117,2.25076768082
20090118,2.26414804283
20090119,6.35439001953
20090120,6.66134486417
20090121,3.6998562988
20090122,1.48534688479
20090123,2.88644888977
20090124,1.34887926132
20090125,2.32924039036
20090126,3.8542858399
20090127,5.69947036152
20090128,0.0
20090130,0.0
20090131,0.0
20090201,0.0
20090202,0.0
20090204,0.0
20090205,0.0
20090206,0.0
20090207,0.0
20090210,0.0
20090211,0.0
20090212,0.0
20090213,0.0
20090214,0.0
20090215,0.0
20090217,0.0
20090218,0.0
20090219,0.0
20090220,0.0
20090222,0.0
20090223,0.0
20090226,0.0
20090227,0.0
20090228,0.0
20090302,0.0
20090303,0.0
20090304,0.0
20090305,0.0
20090306,0.0
20090307,0.0
20090308,0.0
20090310,0.0
20090311,0.0
20090312,2.89979523585
20090313,1.73152992724
20090314,3.60233832173
20090315,2.41849176966
20090316,4.16855584742
20090317,2.79441790374
20090318,7.27300762582
20090319,4.35730386786
20090320,0.445099757876
20090321,3.94588129163
20090322,3.89227778335
20090323,0.139304424496
20090324,0.0467625986413
20090325,0.270832734782
20090326,0.068291348392
20090327,0.0288489305452
20090328,0.0763704908327
20090329,0.00888306312688
20090330,0.572135544015
20090331,0.683900982904
20090401,0.747882070739
20090402,0.845109210656
20090403,2.71019889635
20090404,0.744908054538
20090405,0.343580455702
20090406,0.24700842
20090407,0.00722503876738
20090408,0.0508181188817
20090409,0.0367567845237
20090410,0.000706532182895
20090411,0.0622981520002
20090412,0.00110167150133
20090413,1.80259463373e-08
20090414,0.0147520433506
20090415,0.000892615739214
20090416,1.11657066953e-05
20090417,0.0
20090418,0.0
20090419,0.0
20090420,0.000129807241584
20090421,0.000787495678214
20090422,0.04240949088
20090423,0.0637402364241
20090424,0.00709963843312
20090425,0.000105772437764
20090426,0.0
20090427,0.0288229084096
20090428,0.044019338304
20090429,0.679741249362
20090430,0.245979158123
20090501,0.0376091515384
20090502,0.330285645325
20090503,1.19555910915
20090504,1.08629627646
20090505,1.0771842872
20090506,0.0564929872119
20090507,0.00400829008956
20090508,0.0230950924851
20090509,0.319874486896
20090510,0.23264444442
20090511,0.0457165200368
20090512,0.010107038527
20090513,0.00120846766721
20090514,0.0449613957718
20090515,0.000794045361161
20090516,0.0
20090517,0.0
20090518,0.00155945008983
20090519,0.0147238463829
20090520,0.158267737142
20090521,0.00298552250476
20090522,0.00276094220224
20090523,4.87193811564e-05
20090524,2.52428695412e-07
20090525,1.74567080103e-05
20090526,3.08343592578e-07
20090527,0.0
20090528,0.0
20090529,0.0
20090530,0.0
20090531,0.0
20090601,0.0
20090602,0.0
20090603,0.0
20090604,0.0
20090605,0.0
20090606,0.00272066841403
20090607,4.80683477856e-05
20090608,0.0
20090609,2.88237660974
20090610,0.922480930797
20090611,1.58260006101
20090612,0.0609061081453
20090613,0.000586873366167
20090614,0.00615416486465
20090615,0.000108730810168
20090616,0.0
20090617,0.0
20090618,0.0
20090619,0.00214636006226
20090620,3.79215578504e-05
20090621,0.00215302151367
20090622,3.80392495522e-05
20090623,0.0
20090624,0.0
20090625,0.00193855493607
20090626,3.4250090978e-05
20090627,0.0146584774362
20090628,0.0154489948877
20090629,0.00424822904845
20090630,0.180403574991
20090701,0.0545354721987
20090702,0.806876717913
20090703,0.0633151638532
20090704,0.0164636588472
20090705,0.251832822886
20090706,0.0534353372411
20090707,0.0238616240761
20090708,0.0253080608972
20090709,0.31733130628
20090710,0.00559878687749
20090711,0.00206505160335
20090712,3.92649048985e-05
20090713,4.91147066042e-08
20090714,0.00225703008295
20090715,3.98768544217e-05
20090716,0.000173720328717
20090717,0.00283838365863
20090718,6.99125318666e-05
20090719,0.0156595505895
20090720,0.00163201896339
20090721,0.0423944909772
20090722,0.000989102799349
20090723,0.00880125593053
20090724,0.00474531792805
20090725,0.182674024147
20090726,0.0178242737067
20090727,0.0191767942361
20090728,0.229637424534
20090729,0.00405132793711
20090730,0.0453903789318
20090731,0.0139930787833
20090801,0.0239012722599
20090802,0.0018041740108
20090803,0.0899966146273
20090804,0.00364323362918
20090805,3.62830443858e-05
20090806,0.0
20090807,0.0
20090808,0.0
20090809,0.0122489203463
20090810,0.000216412018244
20090811,0.0
20090812,0.0
20090813,0.0
20090814,0.0
20090815,0.0
20090816,0.00029111079253
20090817,0.00166093117123
20090818,0.00418461915336
20090819,7.34163457116e-05
20090820,0.0
20090821,0.0
20090822,0.000385266254995
20090823,0.00621070195215
20090824,0.00355662804699
20090825,6.09013899536e-05
20090826,0.0
20090827,0.00144118785683
20090828,2.54626793601e-05
20090829,0.00193936224831
20090830,3.4264345101e-05
20090831,0.0
20090901,0.0
20090902,0.0
20090903,0.0
20090904,0.0
20090905,0.00630163711891
20090906,0.000111336345281
20090907,0.00458802729531
20090908,8.10605477149e-05
20090909,0.00347496470887
20090910,0.0166659390572
20090911,0.00557828352981
20090912,0.206389496468
20090913,0.0622583361935
20090914,0.214300034033
20090915,0.010313850798
20090916,0.0019071921249
20090917,0.146308845567
20090918,0.104652132141
20090919,0.116553242898
20090920,0.805906165566
20090921,0.0329947696149
20090922,0.0306672685786
20090923,0.0029840332907
20090924,0.022584915233
20090925,0.166219544027
20090926,0.615157898372
20090927,0.44797248746
20090928,0.827287748928
20090929,0.406100162976
20090930,0.105802329415
20091001,1.78676325689
20091002,0.287537074563
20091003,0.857754666091
20091004,2.32893323067
20091005,0.277724870753
20091006,0.198130057332
20091007,1.2326011867
20091008,0.200030289397
20091009,0.278486486735
20091010,0.171231309149
20091011,0.379412445352
20091012,0.36833217457
20091013,0.278577441641
20091014,0.488989762541
20091015,0.327620231368
20091016,0.814410297942
20091017,0.473213439894
20091018,0.5150788241
20091019,0.317926392034
20091020,0.282946446962
20091021,1.01078575575
20091022,0.68197258824
20091023,0.212361569071
20091024,0.0902577689924
20091025,0.0307990108202
20091026,0.0550913063981
20091027,1.2380264851
20091028,0.269168299885
20091029,0.646501339747
20091030,0.816680885351
20091031,3.08437518273
20091101,2.23347194733
20091102,3.17744623742
20091103,0.610450220929
20091104,1.27237624527
20091105,1.04128750854
20091106,3.80403733132
20091107,0.944367733393
20091108,2.59338835848
20091109,0.343246767391
20091110,0.921348449415
20091111,3.40420639795
20091112,1.33824904929
20091113,0.463694186021
20091114,0.668762277116
20091115,1.11058485548
20091116,1.30753691036
20091117,1.61538165947
20091118,2.47913788786
20091119,2.61772906114
20091120,6.66594149325
20091121,7.03509592375
20091122,4.56379118524
20091123,5.8235497971
20091124,1.49157803001
20091125,0.873810551767
20091126,0.697514922453
20091127,0.936009587529
20091128,1.38311840029
20091129,1.20876574861
20091130,1.90504372561
20091201,0.967894804626
20091202,4.29674322784
20091203,1.40019944636
20091204,2.70998404371
20091205,0.455573353437
20091206,2.84712276669
20091207,2.11857849278
20091208,1.27643583734
20091209,2.76016268999
20091210,2.13454680082
20091211,5.00707636128
20091212,4.85394799157
20091213,4.35313865009
20091214,8.37025805595
20091215,5.23825153413
20091216,0.727555050626
20091217,0.541091875039
20091218,1.37803887626
20091219,1.40852377297
20091220,1.22202432818
20091221,1.73199087575
20091222,1.83601944714
20091223,2.55527211193
20091224,0.894014409823
20091225,1.36721273019
20091226,2.49675660606
20091227,0.620786303616
20091228,4.26243524982
20091229,3.29654458957
20091230,3.30987046269
20091231,4.99834435164
20100101,0.997256240491
20100102,1.27889321931
20100103,1.88895395275
20100104,1.44601743286
20100105,0.671693711727
20100106,5.55780735993
20100107,2.73840182302
20100108,4.13058749418
20100109,3.16092897439
20100110,5.76267886293
20100111,2.25966769461
20100112,1.31034628911
20100113,1.03492401354
20100114,1.74492738906
20100115,0.511298655681
20100116,1.32711391066
20100117,3.29141131625
20100118,5.05560572224
20100119,1.24950042276
20100120,0.696200252014
20100121,1.91028147899
20100122,2.52215663758
20100123,1.46068881891
20100124,1.94661854502
20100125,1.42711739982
20100126,0.758052434826
20100127,1.13273142889
20100128,3.68952292183
20100129,4.74464381088
20100130,4.82465455279
20100131,5.30484427844
20100201,1.17854301169
20100202,6.80715284811
20100203,5.04855451519
20100204,7.93270976341
20100205,7.66823476867
20100206,2.14132024892
20100207,2.05659244917
20100208,0.418895886244
20100209,0.974036267754
20100210,0.341131731303
20100211,4.28424555618
20100212,0.200578392977
20100213,0.157284016063
20100214,0.32691556257
20100215,1.64288013762
20100216,3.5259016292
20100217,2.16268928553
20100218,4.55685626768
20100219,4.14915809555
20100220,3.92524764166
20100221,3.80819125956
20100222,7.52492263412
20100223,8.02414837658
20100224,6.13662179017
20100225,3.80427260481
20100226,4.23332707726
20100227,3.11742926041
20100228,2.31152079528
20100301,2.92902237366
20100302,2.81947227171
20100303,7.45452971198
20100304,10.0359376918
20100305,4.72442532157
20100306,3.8636427589
20100307,1.06555542303
20100308,0.361948832573
20100309,0.308346218676
20100310,3.55672281813
20100311,0.904310113563
20100312,0.572653575237
20100313,0.148388398374
20100314,0.382797684199
20100315,1.97384815502
20100316,1.16845000547
20100317,1.62465802924
20100318,2.12122133686
20100319,1.64214651356
20100320,1.61751643085
20100321,0.697088713408
20100322,1.47669532074
20100323,0.709826662138
20100324,1.08401383758
20100325,1.6166633963
20100326,1.00533313496
20100327,1.12988639527
20100328,1.49254499414
20100329,1.88358426672
20100330,0.36695852063
20100331,0.806170574503
20100401,3.33842363929
20100402,0.629374245975
20100403,1.11873899448
20100404,0.603295511803
20100405,0.975116755801
20100406,0.752645819104
20100407,1.36192776653
20100408,2.05662592923
20100409,1.23840266267
20100410,1.72000842396
20100411,0.866604715157
20100412,0.985352389143
20100413,0.303351706032
20100414,0.0722180764235
20100415,0.0589878905288
20100416,0.0101103992351
20100417,0.118010172838
20100418,0.0409138319394
20100419,0.596462836791
20100420,1.79666345322
20100421,2.9450751034
20100422,0.27086282092
20100423,1.02355473402
20100424,0.492609231234
20100425,0.178334919193
20100426,0.244058608091
20100427,0.948553082674
20100428,0.0306403061737
20100429,0.00211883368443
20100430,0.0563113690204
20100501,0.0295149130338
20100502,0.204857937721
20100503,0.371336629631
20100504,0.182147656538
20100505,0.0611930794135
20100506,0.114908714474
20100507,0.00379655030437
20100508,3.15281625897e-05
20100509,0.0
20100510,0.00237770781417
20100511,4.20089721544e-05
20100512,0.0
20100513,0.0
20100514,0.000694510129451
20100515,1.227049802e-05
20100516,0.00621618210904
20100517,0.00595040571362
20100518,0.000103190437297
20100519,0.0760432535335
20100520,0.00143437921822
20100521,0.000518573328101
20100522,0.0288008310964
20100523,0.497610045959
20100524,0.36383314352
20100525,0.00635365912898
20100526,0.000499542326509
20100527,0.282689796397
20100528,0.00499436454916
20100529,0.0139076996253
20100530,0.162903541375
20100531,0.271342854822
20100601,0.169190626197
20100602,0.0337867494131
20100603,0.000545606322806
20100604,0.000587147212373
20100605,1.03736268036e-05
20100606,0.0
20100607,0.000366287254299
20100608,0.00179697966342
20100609,3.16344200198e-05
20100610,0.0
20100611,0.432212030539
20100612,0.00787271757535
20100613,0.000670729700714
20100614,1.17765361537e-05
20100615,0.0
20100616,0.0
20100617,0.0206646036607
20100618,0.168482604452
20100619,0.0408861443526
20100620,0.0268409778405
20100621,0.0194621366049
20100622,0.00033568462539
20100623,0.0978978182412
20100624,0.00400349954776
20100625,5.72536532246e-05
20100626,0.000480757249162
20100627,8.48861371375e-06
20100628,0.0354933228873
20100629,0.017447127441
20100630,0.00155442971722
20100701,0.00528368546899
20100702,0.00576656521724
20100703,0.00758585235689
20100704,0.00122505593316
20100705,0.325983502681
20100706,0.0119109483082
20100707,0.000109051781998
20100708,3.0697691986e-05
20100709,0.00451131297035
20100710,0.000531397070034
20100711,7.98058976172e-06
20100712,0.0
20100713,0.0
20100714,0.0751032263989
20100715,0.0175214033743
20100716,0.00291654403751
20100717,4.64738935642e-05
20100718,0.0255140743507
20100719,0.00963590492592
20100720,0.116199153964
20100721,0.00287517127335
20100722,0.17685387114
20100723,0.0199900956739
20100724,0.0241450462187
20100725,0.0303091367825
20100726,0.0747021738361
20100727,0.0728658293629
20100728,0.0113304733944
20100729,0.00929623697247
20100730,0.0825262692857
20100731,0.0810395793773
20100801,0.0459109706739
20100802,0.00822046550029
20100803,0.000131345605691
20100804,0.00204793146045
20100805,0.000197907096877
20100806,2.85732404553e-06
20100807,0.0
20100808,0.0
20100809,0.0
20100810,0.0
20100811,0.156552299084
20100812,0.0418370059825
20100813,0.0371776253468
20100814,0.00138276117316
20100815,0.00862979105967
20100816,0.000236428953082
20100817,0.00208759835502
20100818,3.685708339e-05
20100819,0.0226956052399
20100820,0.0026989373884
20100821,0.0021668829704
20100822,4.76630756844e-05
20100823,1.78378698394e-07
20100824,0.0
20100825,0.0268837499025
20100826,0.00147751244349
20100827,0.0010366314663
20100828,0.0133391850789
20100829,0.000235356586015
20100830,0.0
20100831,0.000535188070716
20100901,0.000109602350774
20100902,0.0108426815943
20100903,0.000694156223106
20100904,8.88022573388e-06
20100905,0.0
20100906,0.0
20100907,0.0
20100908,1.99582545132e-05
20100909,0.000502466753441
20100910,0.0388488395289
20100911,0.0258842015721
20100912,0.0293990515423
20100913,0.661892813799
20100914,0.011728523144
20100915,0.00040331737267
20100916,0.115981314734
20100917,0.0231951664122
20100918,0.0174821572275
20100919,0.00117970136601
20100920,0.0645909780386
20100921,0.0105592698333
20100922,1.15909799249
20100923,0.0861568575968
20100924,0.00116044231993
20100925,0.00256484938535
20100926,0.000114192606726
20100927,0.000514470160108
20100928,9.06807802351e-06
20100929,0.00365821557198
20100930,0.000473426280663
20101001,7.2224998293e-06
20101002,4.84057680227e-05
20101003,0.00265560703398
20101004,0.000562647197723
20101005,0.0706250782188
20101006,0.0189331856999
20101007,0.0165302840549
20101008,0.00028653389346
20101009,0.0
20101010,0.0
20101011,0.0704203881076
20101012,0.0852143211115
20101013,0.266810117341
20101014,0.808054633769
20101015,0.295602190883
20101016,1.01302793397
20101017,0.327018726506
20101018,0.327306961098
20101019,0.130365899554
20101020,0.00927325214804
20101021,0.159912301961
20101022,0.320220380131
20101023,0.102581191038
20101024,0.333658839503
20101025,0.067347740774
20101026,0.901511123076
20101027,0.632187468322
20101028,0.890656604193
20101029,0.292053060949
20101030,0.792030513855
20101031,0.0778275479358
20101101,0.776604637144
20101102,0.75757483157
20101103,2.71715291464
20101104,0.713862266878
20101105,0.718771305407
20101106,1.18263757441
20101107,0.780214510933
20101108,2.10728752036
20101109,0.74023304081
20101110,0.619354401083
20101111,2.77692417113
20101112,1.45225537614
20101113,4.53331356519
20101114,0.931022262577
20101115,0.783024280752
20101116,0.270963413423
20101117,0.0223910805957
20101118,0.241568402262
20101119,1.74816211554
20101120,1.1727759081
20101121,1.39961097084
20101122,0.699950442994
20101123,1.821634099
20101124,1.83903619605
20101125,5.68539998178
20101126,1.80113008308
20101127,1.0055395872
20101128,0.539323405051
20101129,1.41529937551
20101130,2.59070212123
20101201,6.04121846483
20101202,0.501647303128
20101203,2.7852865529
20101204,3.45023924382
20101205,4.51887791165
20101206,6.73018741213
20101207,6.47258418667
20101208,9.62183165477
20101209,4.46278272921
20101210,2.06751863475
20101211,1.00482229536
20101212,3.12129795675
20101213,3.05100220628
20101214,0.840406723449
20101215,1.28586971306
20101216,1.60483540466
20101217,0.925509240082
20101218,1.98119681373
20101219,1.75238320983
20101220,4.36478046134
20101221,6.53092205812
20101222,0.416706912483
20101223,0.349868924415
20101224,0.492427905108
20101225,1.12718910999
20101226,3.0504164359
20101227,3.84399816954
20101228,2.903664913
20101229,3.04975452718
20101230,1.98837360367
20101231,1.65418046692
20110101,1.28447533893
20110102,2.0643719687
20110103,2.90149770295
20110104,1.06154148933
20110105,1.27682821444
20110106,0.638277906887
20110107,3.8351283464
20110108,5.6894899976
20110109,1.9997373949
20110110,1.761754069
20110111,2.58681705182
20110112,3.74437645076
20110113,4.32952692142
20110114,7.34070377912
20110115,2.6596854683
20110116,3.11421068792
20110117,2.47928834564
20110118,4.84743882944
20110119,3.58284027708
20110120,5.65268465996
20110121,2.1743727573
20110122,1.47797986874
20110123,3.11567611901
20110124,2.32555487938
20110125,2.35629061198
20110126,2.23181809033
20110127,2.29964054914
20110128,4.53662409829
20110129,1.65295263805
20110130,2.41984259355
20110131,2.90050920851
20110201,0.720613090417
20110202,1.17096034845
20110203,1.61570932057
20110204,0.766871903829
20110205,0.515761677405
20110206,0.442990446733
20110207,0.179282729535
20110208,0.419095208295
20110209,0.346657136821
20110210,2.64573427715
20110211,1.5092914222
20110212,1.99681028319
20110213,1.24540877199
20110214,0.63565032976
20110215,0.369782743255
20110216,0.665378059576
20110217,0.55694566759
20110218,0.451260156656
20110219,1.19734651503
20110220,0.191752516257
20110221,2.53101308359
20110222,3.57968818248
20110223,1.38214213072
20110224,0.907247400764
20110225,0.645088406031
20110226,5.58145806041
20110227,3.16152559845
20110228,2.28452736249
20110301,2.35364132313
20110302,3.24834851887
20110303,2.32936132308
20110304,2.50215957551
20110305,2.73904828801
20110306,1.00134607307
20110307,0.828147870786
20110308,0.83700725344
20110309,0.765358617315
20110310,2.90551281231
20110311,1.42039605639
20110312,1.63064313498
20110313,1.33073068767
20110314,2.23214236887
20110315,1.66091250846
20110316,1.33146923331
20110317,0.837715451478
20110318,0.650843592269
20110319,1.77664981336
20110320,3.91905449645
20110321,1.83594894821
20110322,2.02298750876
20110323,1.48361716462
20110324,1.62274754799
20110325,0.962298877875
20110326,2.22150229288
20110327,2.67122705235
20110328,1.2155670527
20110329,0.679284425854
20110330,0.149775798281
20110331,0.0354942662259
20110401,0.367498863889
20110402,0.159535790139
20110403,0.821163405103
20110404,0.373699998791
20110405,0.928474769378
20110406,0.816976690289
20110407,0.287997218733
20110408,1.65176100235
20110409,1.11813531503
20110410,0.163053928909
20110411,0.0926915516336
20110412,0.023722285586
20110413,0.0107102016149
20110414,0.0194534316866
20110415,0.00588518162246
20110416,0.0249674457087
20110417,0.0305345856691
20110418,0.0324611180968
20110419,0.282055547203
20110420,0.484865820712
20110421,0.309466161874
20110422,0.701266995891
20110423,0.801223199858
20110424,0.771497024859
20110425,0.0931056093824
20110426,0.313825250633
20110427,0.164156623912
20110428,0.0369888940439
20110429,0.102178902131
20110430,0.387263309556
20110501,0.149071941578
20110502,0.0740747517105
20110503,0.00126433364811
20110504,0.0
20110505,0.00283905383831
20110506,5.88328463127e-05
20110507,3.90195384416e-06
20110508,0.000677745510527
20110509,0.07594959235
20110510,0.0183230718074
20110511,0.000323931243826
20110512,4.22371137415e-07
20110513,6.11609730852e-05
20110514,1.08058247398e-06
20110515,1.85805212834e-06
20110516,0.00309267625674
20110517,0.00173948547449
20110518,0.027082529117
20110519,0.25246853289
20110520,0.344262901274
20110521,0.0737113730624
20110522,0.0550167263683
20110523,0.00186059278052
20110524,6.62205024826e-05
20110525,0.00140678866481
20110526,0.00215018777723
20110527,0.0344474422692
20110528,0.000607948555801
20110529,0.0
20110530,0.0
20110531,5.96124255816e-07
20110601,0.000127744430767
20110602,0.000908920390774
20110603,0.101188743581
20110604,0.00178750396281
20110605,0.00309030152557
20110606,0.0024032178566
20110607,0.000178082867292
20110608,6.45722603164e-06
20110609,0.437114955358
20110610,0.0279039007836
20110611,0.00305729772274
20110612,0.00568669641314
20110613,9.96286239126e-05
20110614,5.98903119762e-05
20110615,4.45133513691e-06
20110616,0.000120762428189
20110617,2.1325523941e-06
20110618,0.0
20110619,0.0302536586236
20110620,0.000534516898222
20110621,0.00125519441433
20110622,0.00388411537165
20110623,0.000259924586564
20110624,0.00272226419795
20110625,0.00050018676411
20110626,0.028613457797
20110627,0.344045962375
20110628,0.307245920042
20110629,0.0256091088438
20110630,0.00331676437144
20110701,0.0122391949735
20110702,0.0170421753794
20110703,0.00935151379255
20110704,0.00108576382453
20110705,0.000174206039208
20110706,2.78885582541e-06
20110707,0.0388122801469
20110708,0.00649880234569
20110709,0.000102704467856
20110710,0.0
20110711,5.33299966607e-05
20110712,0.00248155099884
20110713,0.00277197915082
20110714,0.0116698758637
20110715,0.00342210799927
20110716,0.000264966254359
20110717,0.0767627800704
20110718,0.00639736158984
20110719,0.0327656360335
20110720,0.00738581387111
20110721,0.000120291329229
20110722,0.0
20110723,0.00518614934945
20110724,0.00595486476581
20110725,0.00076519032308
20110726,0.0564819629883
20110727,0.0386110230825
20110728,0.0359454669167
20110729,0.000729813233104
20110730,0.0763488081047
20110731,0.0127182235616
20110801,0.00549817492082
20110802,0.00010361148894
20110803,0.00113920854304
20110804,2.0124231743e-05
20110805,3.61317310912e-05
20110806,3.06257240313e-06
20110807,2.12818003974e-06
20110808,0.000525943758837
20110809,0.00139950768573
20110810,2.45621182008e-05
20110811,0.00512893872835
20110812,0.000450255065164
20110813,0.0023585798805
20110814,0.00891691792792
20110815,0.000224850516368
20110816,0.0121375062774
20110817,0.0103286270103
20110818,0.000234624120066
20110819,9.8812591251e-07
20110820,0.00012409031689
20110821,0.000238764899285
20110822,0.000770593479242
20110823,0.000371249996814
20110824,0.0113734693609
20110825,0.0089516473303
20110826,0.00487082422039
20110827,8.33253739335e-05
20110828,0.00494667466161
20110829,0.0134676811594
20110830,0.000464657607221
20110831,4.03280639229e-06
20110901,0.0
20110902,0.00188400088565
20110903,0.000740478556788
20110904,0.00033680401427
20110905,5.72984944688e-06
20110906,0.00347297730894
20110907,0.00010487951617
20110908,0.000776381752273
20110909,3.11912488494e-05
20110910,3.68655651454e-05
20110911,6.45876454768e-07
20110912,0.0110604277775
20110913,0.024028683653
20110914,0.0146494710118
20110915,0.0234969987174
20110916,0.0158601898976
20110917,0.154912253882
20110918,0.00273696403359
20110919,8.51785989984e-08
20110920,0.00834576094407
20110921,0.000201312617789
20110922,8.80549970779e-05
20110923,0.00158394056122
20110924,0.00471073407074
20110925,0.00358946934689
20110926,6.1956450933e-05
20110927,0.0
20110928,0.0
20110929,0.0454190473469
20110930,1.93405208358
20111001,2.08655593271
20111002,0.755366576599
20111003,0.84983172623
20111004,1.35529819193
20111005,4.07757599905
20111006,0.699944690593
20111007,0.441358052929
20111008,0.0285697919867
20111009,0.0038436638358
20111010,0.0430369077491
20111011,0.0415648313008
20111012,0.322312150826
20111013,0.295579905033
20111014,0.352445771612
20111015,0.0126970807403
20111016,0.0209401543401
20111017,0.128055102841
20111018,0.304984094718
20111019,1.03626433914
20111020,1.51935672731
20111021,4.02881147042
20111022,1.15226346634
20111023,0.13301332162
20111024,0.0711401396596
20111025,0.12838597924
20111026,0.30608852531
20111027,2.06987236897
20111028,1.06662061218
20111029,0.400701405435
20111030,0.0843153969802
20111031,0.00500683142972
20111101,0.0435742272775
20111102,0.593361746151
20111103,5.80872853622
20111104,0.292681754544
20111105,0.131209796148
20111106,2.87360242431
20111107,3.5618772348
20111108,1.04521571502
20111109,0.38621373035
20111110,0.0266336128479
20111111,0.0442499614069
20111112,0.381245876931
20111113,0.120516753748
20111114,0.67382290837
20111115,2.32473095015
20111116,3.09053641641
20111117,1.63590274754
20111118,0.733305404591
20111119,0.903347584283
20111120,0.785996111354
20111121,0.893075741246
20111122,1.44977113743
20111123,5.17420563816
20111124,1.50439013533
20111125,4.45131357046
20111126,2.66059310234
20111127,5.73504872542
20111128,1.77492672019
20111129,2.35005082614
20111130,1.44191837906
20111201,1.25005082018
20111202,1.36869399771
20111203,1.77402507904
20111204,2.94413592127
20111205,3.5121379736
20111206,1.52312155293
20111207,0.423227422057
20111208,1.01575563806
20111209,2.68345336401
20111210,3.94132819941
20111211,5.13342912623
20111212,3.95078922216
20111213,4.47487821322
20111214,4.34175662082
20111215,2.77543555292
20111216,2.20391239612
20111217,2.54916624289
20111218,3.90564897968
20111219,2.86279223225
20111220,1.54497404565
20111221,2.05507726321
20111222,0.478599117283
20111223,1.60909420037
20111224,1.25930030014
20111225,4.75340337142
20111226,2.01559059014
20111227,1.6022178575
20111228,1.44773646931
20111229,5.57161433301
20111230,2.43082225984
20111231,5.67913047961
20120101,2.55262390044
20120102,6.11791216471
20120103,1.48125431994
20120104,1.40015516475
20120105,0.689057823138
20120106,0.849537210082
20120107,0.993789330071
20120108,1.53989116409
20120109,0.426573537397
20120110,0.904641350894
20120111,3.02757953648
20120112,2.59664551798
20120113,1.37919809805
20120114,2.38983657446
20120115,3.93037977308
20120116,2.36264851972
20120117,3.1992147199
20120118,1.40293272767
20120119,3.07421057224
20120120,5.6312882552
20120121,5.0379707405
20120122,2.2310896408
20120123,2.92598411491
20120124,0.906336858436
20120125,0.621786665434
20120126,2.89244248121
20120127,6.51984853791
20120128,5.68013874821
20120129,3.9778797453
20120130,1.46888899453
20120131,2.21854042671
20120201,0.695127338942
20120202,2.88701428546
20120203,0.808675162325
20120204,2.383300186
20120205,3.20335712112
20120206,1.86700982432
20120207,2.35646979244
20120208,0.73966475336
20120209,1.26398375143
20120210,0.98473290873
20120211,0.334064292743
20120212,1.49297630873
20120213,3.4280039027
20120214,4.28782502865
20120215,7.9659408537
20120216,1.56704369265
20120217,3.41245411015
20120218,3.75272236775
20120219,1.84797049967
20120220,1.81023822522
20120221,1.15024505354
20120222,0.623180528608
20120223,0.259721885167
20120224,3.24000383352
20120225,3.43025866788
20120226,2.04314929025
20120227,0.326110827217
20120228,0.547034643329
20120229,0.626170430739
20120301,0.88574299335
20120302,0.794485273585
20120303,0.39647770138
20120304,0.219002382011
20120305,1.22203265122
20120306,4.68294567007
20120307,2.87257581921
20120308,2.67613726823
20120309,1.31080254733
20120310,1.59171990615
20120311,1.08176079757
20120312,1.9237037538
20120313,0.821245514403
20120314,1.63132893135
20120315,1.38038380509
20120316,0.450491665962
20120317,5.88402857208
20120318,1.78700194829
20120319,1.25301641448
