20010102,3.01505204
20010103,0.480497754268
20010104,0.131416837552
20010105,0.0287173845418
20010106,0.200552185124
20010107,0.169459031682
20010108,0.0106283469325
20010109,0.0878347350834
20010110,0.15326963513
20010111,0.0688020038562
20010112,0.219956924832
20010113,0.991401970748
20010114,1.86994287211
20010115,2.4356771994
20010116,0.671420943774
20010117,1.23504453342
20010118,0.491605094557
20010119,0.870055680668
20010120,0.46452619704
20010121,0.836907865356
20010122,0.855126243602
20010123,2.06058585923
20010124,0.827618051927
20010125,1.02144361523
20010126,3.93286797735
20010127,1.28079087909
20010128,0.499803811727
20010129,1.04465007872
20010130,1.19976625308
20010131,2.40245524382
20010201,5.58271994498
20010202,1.10415561478
20010203,1.20282451251
20010204,0.409214436302
20010205,1.82840303539
20010206,0.632616861917
20010207,0.393524340641
20010208,2.85072956899
20010209,1.21962017262
20010210,4.25257832482
20010211,1.24075760235
20010212,2.04943574978
20010213,1.27849281756
20010214,1.46777675556
20010215,1.75109918359
20010216,1.25979044124
20010217,0.80733433369
20010218,0.899400947048
20010219,2.60898567431
20010220,1.09755974488
20010221,0.195182738675
20010222,0.224067968917
20010223,2.43105344579
20010224,0.612591864126
20010225,1.1453451831
20010226,0.762943865034
20010227,3.90163833296
20010228,7.87777167012
20010301,2.82780326971
20010302,0.338074620143
20010303,0.0100217673308
20010304,8.63667244612e-05
20010305,0.0571163467589
20010306,0.176137005589
20010307,0.204598995554
20010308,1.76984053798
20010309,2.87043275042
20010310,2.11537435437
20010311,1.54007991214
20010312,2.29919861758
20010313,5.24871884184
20010314,1.87559325688
20010315,0.0789858021835
20010316,0.0406850422473
20010317,0.0262046192991
20010318,0.036215347547
20010319,0.111448495368
20010320,1.54229767911
20010321,0.489600206933
20010322,4.52657989359
20010323,1.10904151323
20010324,2.14130752059
20010325,0.574471773951
20010326,0.0349090723206
20010327,0.0997006853047
20010328,0.118451468786
20010329,0.00467252769454
20010330,0.0180651635375
20010331,0.0615029472323
20010401,0.178214960804
20010402,0.0766460889477
20010403,4.57107409168
20010404,1.03768445885
20010405,1.02428419642
20010406,0.697596065564
20010407,3.39166846317
20010408,5.95179532016
20010409,3.38830584325
20010410,1.68392598575
20010411,0.31728970414
20010412,0.598593746512
20010413,0.016626050293
20010414,0.00223337186313
20010415,0.025483380484
20010416,0.0067644333466
20010417,0.182572446106
20010418,0.0453947784488
20010419,0.500168563762
20010420,0.77515519562
20010421,0.152560652208
20010422,0.00556457490704
20010423,5.49181923052e-05
20010424,0.00121363939286
20010425,0.0679261518512
20010426,0.488190381002
20010427,9.73519058214
20010428,4.37504389323
20010429,0.14719236291
20010430,0.324597462123
20010501,2.57920312121
20010502,3.18093665072
20010503,0.361027102373
20010504,0.103223498574
20010505,0.329651252521
20010506,0.241543525886
20010507,0.408205804999
20010508,0.00713852665141
20010509,0.0
20010510,0.0391077566657
20010511,0.0719861941732
20010512,0.00125963333511
20010513,0.0
20010514,0.0
20010515,0.0
20010516,0.0
20010517,0.000195615434491
20010518,0.182834350501
20010519,0.00323022783674
20010520,0.0
20010521,0.0
20010522,0.0
20010523,0.0
20010524,0.0
20010525,0.0
20010526,0.0
20010527,0.284245177583
20010528,0.00502199901851
20010529,0.0
20010530,0.0
20010531,0.0
20010601,0.0
20010602,0.0
20010603,0.0
20010604,0.0
20010605,0.0
20010606,0.0
20010607,0.0
20010608,0.0
20010609,0.0
20010610,0.0
20010611,0.000918115582285
20010612,0.00125849407137
20010613,2.19482875001e-05
20010614,0.0
20010615,0.000465379708145
20010616,8.222254288e-06
20010617,8.63062030362e-05
20010618,1.52484454883e-06
20010619,0.0
20010620,0.0
20010621,0.0
20010622,0.0
20010623,0.0
20010624,0.288239465912
20010625,0.538701915367
20010626,0.0673169292653
20010627,0.00193289354231
20010628,1.607978678e-05
20010629,0.0
20010630,0.0
20010701,0.0
20010702,0.0
20010703,0.0
20010704,0.0
20010705,0.0329957822557
20010706,0.00227026752918
20010707,2.98110119095e-05
20010708,0.0
20010709,0.0
20010710,0.0
20010711,0.0
20010712,0.0
20010713,0.0
20010714,0.0
20010715,0.0
20010716,0.0
20010717,0.0
20010718,0.0
20010719,0.0126529404769
20010720,0.000223550198544
20010721,0.0119815549112
20010722,0.000211688233146
20010723,0.0321511602035
20010724,0.138582368079
20010725,0.00243841556386
20010726,0.0
20010727,0.0
20010728,0.0
20010729,0.0
20010730,0.0
20010731,0.0
20010801,0.0
20010802,0.0
20010803,0.0846700062272
20010804,0.00149593640014
20010805,0.0
20010806,0.0
20010807,0.0
20010808,0.0
20010809,0.0
20010810,0.0
20010811,0.0
20010812,0.0
20010813,0.0
20010814,0.0
20010815,0.0
20010816,0.0
20010817,0.0
20010818,0.0
20010819,0.0
20010820,0.0
20010821,0.000259453904681
20010822,4.22936165348e-05
20010823,0.00740720263778
20010824,0.079530657948
20010825,0.144837463327
20010826,0.0327694118156
20010827,0.370325964156
20010828,0.154821653574
20010829,0.198526734086
20010830,0.0506144333574
20010831,0.0900008885027
20010901,0.0625224113562
20010902,0.0011552857562
20010903,1.38663430166e-06
20010904,0.0
20010905,0.00113475142649
20010906,0.00499966726218
20010907,0.118277334649
20010908,0.00952281322652
20010909,0.0109936285422
20010910,0.000191912966779
20010911,0.00186401615297
20010912,0.00718431914394
20010913,0.00012634956089
20010914,8.07463119443e-05
20010915,0.0616429685458
20010916,0.324385650806
20010917,1.07545587647
20010918,4.62925604777
20010919,0.15058955759
20010920,0.0392574119564
20010921,0.0330347813958
20010922,0.00127837470454
20010923,0.0035711920313
20010924,0.021400684133
20010925,0.0121775185154
20010926,0.000640933009118
20010927,0.602480109427
20010928,0.0407836623365
20010929,0.00636440577681
20010930,0.0244658808499
20011001,0.00566861336545
20011002,9.25472487171e-05
20011003,0.0
20011004,0.00146746224375
20011005,2.59268942899e-05
20011006,0.0
20011007,0.000439059268905
20011008,0.000847547078729
20011009,5.02958018398
20011010,0.0888615745742
20011011,0.058237358405
20011012,0.00102892858889
20011013,0.0
20011014,0.0573124301675
20011015,0.00621371546431
20011016,0.00696784408136
20011017,0.474537214686
20011018,0.101524304322
20011019,0.442212239018
20011020,0.571696285882
20011021,2.54630580737
20011022,4.26525495001
20011023,0.480529143595
20011024,0.424259269013
20011025,0.720522347416
20011026,0.0938458283272
20011027,1.94282389565
20011028,1.10307915947
20011029,1.44793901905
20011030,0.225060855754
20011031,0.10481010079
20011101,0.395322502667
20011102,0.196432392822
20011103,0.596801009781
20011104,0.681403225706
20011105,0.871108683392
20011106,2.34375398613
20011107,3.33979441668
20011108,2.19210426824
20011109,0.939969784407
20011110,0.0794292368983
20011111,0.480944678958
20011112,1.23255837195
20011113,2.49360909994
20011114,1.74160841991
20011115,1.09518847496
20011116,0.421461570402
20011117,3.52694102394
20011118,1.38074823382
20011119,0.447760949315
20011120,1.84370991513
20011121,0.0747996236659
20011122,0.132163639509
20011123,2.0392842407
20011124,0.498857585059
20011125,0.914803110567
20011126,2.12806020655
20011127,2.92121089275
20011128,2.69787342008
20011129,3.63799625127
20011130,2.67063773596
20011201,2.40920318597
20011202,0.248757152235
20011203,0.16471901331
20011204,0.13111538059
20011205,0.0991864742114
20011206,0.081212320396
20011207,0.0619629782686
20011208,0.526659310501
20011209,3.44072975472
20011210,0.978424810076
20011211,0.13433362321
20011212,0.314358879291
20011213,4.22539239587
20011214,1.07022482259
20011215,1.67902853782
20011216,1.50207905341
20011217,0.420367193514
20011218,0.375618550137
20011219,0.370208825898
20011220,0.559963897065
20011221,1.13874368648
20011222,1.57270610807
20011223,1.23442032842
20011224,1.88217637312
20011225,0.17960181841
20011226,0.0148287143851
20011227,0.000233523632709
20011228,3.0623195508e-07
20011229,0.00275172432064
20011230,0.0106854204889
20011231,0.058314951586
20020101,0.0507935359954
20020102,0.65744752471
20020103,0.620189800297
20020104,0.158012050114
20020105,0.0242471876695
20020106,0.00131844749705
20020107,0.239182471305
20020108,3.74030927543
20020109,2.20200970971
20020110,2.32954975532
20020111,0.43541416824
20020112,2.44313971516
20020113,3.98233965653
20020114,0.790066310066
20020115,1.98027236792
20020116,0.659090071497
20020117,0.485426577476
20020118,0.318414565599
20020119,1.10923402554
20020120,0.833779137967
20020121,0.336229587831
20020122,0.912530219976
20020123,2.56665460043
20020124,1.04700116027
20020125,0.611459446621
20020126,2.57369442013
20020127,3.48189846446
20020128,1.91558094527
20020129,3.0026114829
20020130,0.672129198882
20020131,0.540705710459
20020201,1.89114476001
20020202,0.650177711435
20020203,0.601710773053
20020204,0.807588388236
20020205,0.470604751907
20020206,0.596170091652
20020207,1.04267245672
20020208,6.9532704334
20020209,2.65697555881
20020210,0.706778104527
20020211,1.33299109516
20020212,1.02178790817
20020213,1.68757522428
20020214,1.62300609962
20020215,5.26235350741
20020216,1.78281766648
20020217,2.62995440339
20020218,2.72544988291
20020219,0.607010729468
20020220,2.4200944219
20020221,2.0336744658
20020222,3.05097931548
20020223,0.265905714532
20020224,0.224299844937
20020225,0.560694923521
20020226,0.297345385965
20020227,0.218076933506
20020228,0.630130053233
20020301,0.412043439043
20020302,0.73732242929
20020303,0.275311611811
20020304,0.555610246918
20020305,0.526992282818
20020306,0.871345719011
20020307,0.484672784989
20020308,1.84205839585
20020309,2.62778362345
20020310,0.573171801063
20020311,1.95764214769
20020312,2.1798559713
20020313,1.55081797759
20020314,1.54449173474
20020315,0.556212851326
20020316,0.871066793657
20020317,0.116406635441
20020318,0.00748323477871
20020319,0.0816929544866
20020320,0.0745982831945
20020321,0.181211374043
20020322,3.08798066404
20020323,0.332258576444
20020324,0.34445611705
20020325,0.101985009496
20020326,0.829664493613
20020327,0.145179025028
20020328,0.56604856651
20020329,0.0258375380408
20020330,0.201799423617
20020331,0.498326742837
20020401,0.00909859912143
20020402,0.004408426343
20020403,0.00138171436799
20020404,0.000332328647505
20020405,5.464503442e-06
20020406,0.000281899572938
20020407,0.00120879443712
20020408,0.0136098510464
20020409,0.217151014056
20020410,0.169209281387
20020411,0.132730586205
20020412,2.32725364162
20020413,1.26641660747
20020414,0.107345887699
20020415,0.0531406293135
20020416,0.512210352981
20020417,0.0476747119223
20020418,0.0727475473122
20020419,0.0549901959763
20020420,0.0279942088616
20020421,0.0229405575057
20020422,0.000396867996201
20020423,0.00256585403425
20020424,0.0230689268655
20020425,0.00291801488383
20020426,4.43681541529e-05
20020427,0.0
20020428,0.00330772464054
20020429,5.84403664582e-05
20020430,0.0
20020501,0.0
20020502,0.0
20020503,0.0
20020504,0.0
20020505,0.00614349862906
20020506,0.386599522446
20020507,0.00682846247458
20020508,0.00133375379066
20020509,0.00341295505653
20020510,0.000596785114857
20020511,0.00145803210828
20020512,0.00152367288597
20020513,2.64678469703e-05
20020514,0.00036760953603
20020515,0.000117242880244
20020516,1.95667828969e-06
20020517,0.00024770535129
20020518,0.00336003007584
20020519,6.24971105276e-05
20020520,5.67128748323e-08
20020521,0.0
20020522,0.142291684873
20020523,0.00314037694179
20020524,1.10669541927e-05
20020525,0.0
20020526,0.0
20020527,0.0
20020528,0.0
20020529,0.0
20020530,0.017476255462
20020531,0.109010446672
20020601,0.295638308059
20020602,0.00518936009075
20020603,0.00650001425875
20020604,0.000114841255152
20020605,0.0
20020606,0.0
20020607,0.0
20020608,0.0
20020609,0.00900708287872
20020610,0.000159135733855
20020611,0.0
20020612,0.0
20020613,0.0
20020614,0.00720692882714
20020615,0.000127330888561
20020616,0.0
20020617,0.0
20020618,0.0
20020619,0.0
20020620,0.0
20020621,0.0
20020622,0.0
20020623,5.14844083346e-05
20020624,0.0272048543171
20020625,0.0154603572518
20020626,0.000264659393399
20020627,0.0352910581914
20020628,0.00062351692789
20020629,0.0
20020630,0.0
20020701,0.0
20020702,0.0
20020703,0.0
20020704,0.0
20020705,0.0
20020706,0.0
20020707,0.000732462300934
20020708,0.307458217744
20020709,0.120870684842
20020710,0.129059431079
20020711,0.0022441673777
20020712,0.0
20020713,0.000102554444539
20020714,1.81191627936e-06
20020715,0.0
20020716,0.00366261478839
20020717,6.47105085784e-05
20020718,0.0
20020719,0.0103093995761
20020720,0.161000720685
20020721,0.00284131746839
20020722,0.0
20020723,0.0
20020724,0.0
20020725,0.0
20020726,0.0
20020727,0.0
20020728,0.0
20020729,0.0
20020730,0.0578238035352
20020731,0.00102162191597
20020801,0.0
20020802,0.0
20020803,0.0
20020804,0.0
20020805,0.000500046286708
20020806,8.83473908657e-06
20020807,0.000566722284647
20020808,0.004863244709
20020809,8.57461396125e-05
20020810,0.0
20020811,0.416335797997
20020812,0.00735575622712
20020813,0.0
20020814,0.0
20020815,0.0
20020816,0.0
20020817,0.584640574597
20020818,2.12160925453
20020819,0.0768956048528
20020820,0.000706329772644
20020821,1.19999761354e-07
20020822,0.0
20020823,0.0
20020824,0.0
20020825,0.0
20020826,0.130390123058
20020827,0.444573998735
20020828,1.06630463109
20020829,0.422546463738
20020830,2.29078631617
20020831,0.188688396271
20020901,0.0216810522104
20020902,0.000336752358951
20020903,0.00197009676725
20020904,3.48073719123e-05
20020905,0.324274555473
20020906,0.00572923225961
20020907,0.00603391446276
20020908,0.00133446184021
20020909,0.586831407343
20020910,0.11261009955
20020911,0.00180640344006
20020912,0.0
20020913,0.0
20020914,0.0
20020915,0.0
20020916,0.0
20020917,0.0
20020918,0.0
20020919,0.0
20020920,0.136174516192
20020921,0.00240591021592
20020922,0.0
20020923,0.00273420751156
20020924,4.83075578449e-05
20020925,0.06362056442
20020926,1.64322288646
20020927,6.18247447027
20020928,0.111939752944
20020929,0.00108565099962
20020930,0.227887448373
20021001,0.0139948517797
20021002,1.09499657396
20021003,1.04485067428
20021004,0.0931807629257
20021005,0.305015264631
20021006,0.719539374073
20021007,2.31353504575
20021008,0.57973938839
20021009,0.523736382243
20021010,0.562855339132
20021011,0.144208342551
20021012,0.0347827246299
20021013,0.000574796438957
20021014,6.21298261392e-05
20021015,5.11197638204e-05
20021016,0.0164742569827
20021017,0.00630670477684
20021018,0.0155043374856
20021019,0.00045831714957
20021020,0.0555845544824
20021021,0.373143212647
20021022,0.0105523853628
20021023,0.220803736585
20021024,0.283210886736
20021025,2.28845486568
20021026,3.37961557815
20021027,1.86506160091
20021028,1.14977994707
20021029,1.52558115951
20021030,0.270111598221
20021031,0.761804326344
20021101,0.523992677966
20021102,3.24903531948
20021103,0.413200272079
20021104,0.15859948139
20021105,0.0227491286205
20021106,0.0763391174194
20021107,0.0383023289882
20021108,0.122799074709
20021109,0.00215805778193
20021110,0.10911652457
20021111,1.76539523193
20021112,1.13204617908
20021113,1.72433559552
20021114,0.239557303607
20021115,1.37481327233
20021116,0.386076961744
20021117,0.104131442436
20021118,0.290663192892
20021119,0.272080543384
20021120,0.563129249029
20021121,0.616250262072
20021122,1.46085436669
20021123,0.572498177802
20021124,3.17913021758
20021125,0.371355255342
20021126,2.51241461376
20021127,1.89908714161
20021128,2.67119919713
20021129,1.58879271504
20021130,2.27808169912
20021201,1.79570856905
20021202,0.343523833167
20021203,0.724291288189
20021204,1.01635552692
20021205,1.16889863657
20021206,2.85526952993
20021207,1.07393409967
20021208,1.34613409957
20021209,1.09965518901
20021210,1.40135450716
20021211,0.312138891746
20021212,0.407230202242
20021213,2.25633553112
20021214,0.0418772506055
20021215,0.00263004407751
20021216,0.205968089961
20021217,0.17779021746
20021218,0.0834410971918
20021219,0.439231848926
20021220,1.25672906338
20021221,0.557826781689
20021222,1.79382130979
20021223,2.26497344527
20021224,1.48393844768
20021225,0.491863085638
20021226,0.475494910622
20021227,0.559381995069
20021228,0.964930066811
20021229,0.880936771268
20021230,0.164088144767
20021231,0.479302329245
20030101,0.32280657446
20030102,0.907553307835
20030103,0.128383559405
20030104,0.66126979802
20030105,0.670214851009
20030106,0.989150249052
20030107,1.2805387841
20030108,1.93028608932
20030109,1.0017735626
20030110,0.891026675507
20030111,0.0436264941947
20030112,0.237629170285
20030113,0.0976519892516
20030114,0.0023811913935
20030115,0.0849058727491
20030116,1.28663662613
20030117,1.01223235298
20030118,3.83025446053
20030119,2.91879482516
20030120,0.852568207446
20030121,1.58829802002
20030122,1.02464717399
20030123,1.0582455226
20030124,1.11396067027
20030125,1.20583219643
20030126,2.5475750589
20030127,3.68544828663
20030128,1.4005745119
20030129,2.29900648801
20030130,1.61289287899
20030131,0.556028340552
20030201,1.07978435332
20030202,0.635308771048
20030203,1.28686307655
20030204,8.16988906631
20030205,0.803778908943
20030206,0.68328968236
20030207,0.762409968023
20030208,1.85950551763
20030209,1.1006886831
20030210,1.26768367979
20030211,0.311017155611
20030212,0.19096209891
20030213,0.364506626536
20030214,0.757379684744
20030215,1.10196001574
20030216,2.04521977619
20030217,3.4497732486
20030218,7.68791807485
20030219,7.63850294807
20030220,6.95601689318
20030221,1.45297732651
20030222,0.423109581206
20030223,0.689283698208
20030224,0.302457440387
20030225,0.0217995854112
20030226,0.0551661838869
20030227,0.398680244812
20030228,0.130208549676
20030301,0.555859263753
20030302,1.43276261076
20030303,1.66878322223
20030304,0.768274352151
20030305,0.125055333366
20030306,0.136742853549
20030307,0.533057699629
20030308,0.0482982134817
20030309,0.146274138256
20030310,0.074694558596
20030311,0.00683947391629
20030312,9.83255729532e-05
20030313,0.00137858356226
20030314,0.0087227444763
20030315,0.168564445455
20030316,0.794140483556
20030317,0.125968775809
20030318,0.0550594622916
20030319,0.0534307002582
20030320,0.0797394662467
20030321,1.31115392946
20030322,1.38167687699
20030323,0.860920295746
20030324,0.127993389223
20030325,0.0914337263048
20030326,0.0123800608937
20030327,0.000191449078653
20030328,1.12552086452e-08
20030329,2.43698678101e-05
20030330,0.0799511214059
20030331,0.183319144953
20030401,0.352838333592
20030402,0.0143119466302
20030403,0.0133811776037
20030404,0.746628279795
20030405,0.418793635826
20030406,0.104205324181
20030407,0.033502548617
20030408,0.0274262975754
20030409,0.339995345854
20030410,0.00639596804644
20030411,0.0061978342281
20030412,0.380265804023
20030413,1.228573276
20030414,2.37922296216
20030415,0.376607048818
20030416,0.0740784547227
20030417,0.427684949381
20030418,1.91858522619
20030419,0.0340248464341
20030420,4.60616066183e-06
20030421,0.0
20030422,0.0
20030423,0.0
20030424,0.0
20030425,0.0
20030426,0.0
20030427,0.0038847747517
20030428,6.8635602918e-05
20030429,0.0
20030430,0.138026223607
20030501,0.00243862586832
20030502,0.0
20030503,0.0
20030504,0.0
20030505,0.0
20030506,0.0
20030507,0.0
20030508,0.0
20030509,0.0
20030510,0.0
20030511,0.0
20030512,0.0
20030513,0.0
20030514,0.0
20030515,0.0
20030516,0.0
20030517,0.0
20030518,0.0
20030519,0.0
20030520,0.0848131235794
20030521,0.0472548400984
20030522,0.0240567333715
20030523,0.000410747646684
20030524,0.0333623994936
20030525,0.000589441676772
20030526,0.0
20030527,0.0081398634094
20030528,0.00014381383475
20030529,0.0
20030530,0.0
20030531,0.0
20030601,0.296303986381
20030602,0.0891754243326
20030603,0.00148304547455
20030604,0.519627683088
20030605,0.082121109885
20030606,0.0598053412077
20030607,0.920160423322
20030608,0.12114303967
20030609,0.0856071016871
20030610,0.0466415949249
20030611,0.0702805035616
20030612,0.00122760757818
20030613,0.00192376382047
20030614,0.00420309162403
20030615,7.36590617863e-05
20030616,0.0
20030617,0.0
20030618,0.0
20030619,0.0
20030620,0.0
20030621,0.0
20030622,0.0
20030623,0.0
20030624,0.0
20030625,0.0
20030626,0.0
20030627,0.0
20030628,0.0103059770868
20030629,0.000182084408863
20030630,0.0213755696682
20030701,0.000377660223981
20030702,0.0
20030703,0.0
20030704,0.0
20030705,0.0
20030706,0.0
20030707,0.0
20030708,0.0
20030709,0.0
20030710,0.0930042150056
20030711,0.00164318406663
20030712,0.0
20030713,0.0
20030714,0.0
20030715,0.0
20030716,0.0
20030717,0.0
20030718,0.0
20030719,0.00123143378294
20030720,0.00620552031229
20030721,0.000109253775152
20030722,0.0
20030723,0.0
20030724,0.0
20030725,0.0
20030726,0.0
20030727,0.0
20030728,0.0648192016037
20030729,0.00114521555924
20030730,0.0
20030731,0.0
20030801,0.0
20030802,0.0
20030803,0.0
20030804,0.0
20030805,0.0
20030806,0.0
20030807,0.0
20030808,0.0
20030809,0.0
20030810,0.0
20030811,0.0119565740598
20030812,0.182235947604
20030813,0.184814543589
20030814,0.0113812904725
20030815,0.00387627174399
20030816,6.59341968428e-05
20030817,0.0
20030818,0.0
20030819,0.0
20030820,0.0573435957201
20030821,0.92644086772
20030822,0.844245850743
20030823,0.0997159308752
20030824,0.00150333567643
20030825,0.00810152037764
20030826,0.178480913322
20030827,0.00315084405746
20030828,0.0
20030829,0.0628135845304
20030830,0.00110978063162
20030831,0.0
20030901,0.0
20030902,0.0
20030903,0.0
20030904,0.0
20030905,0.0
20030906,0.403597666363
20030907,0.887223151634
20030908,0.147140700574
20030909,0.00232493571582
20030910,0.0
20030911,0.017155307001
20030912,0.0257424428924
20030913,0.141389453146
20030914,0.0341587306119
20030915,0.0495427991849
20030916,0.519223973066
20030917,2.9005339446
20030918,0.4262453783
20030919,0.431053602436
20030920,0.0133577126849
20030921,0.00177812288075
20030922,2.95866842414e-05
20030923,0.0161646657704
20030924,0.04495054792
20030925,0.0326418270652
20030926,0.242903735815
20030927,1.16481863463
20030928,0.0592057945117
20030929,0.0100131482788
20030930,0.00561232241648
20031001,0.000141857492235
20031002,8.05866311665e-07
20031003,0.0
20031004,0.000147876984437
20031005,0.00196806549038
20031006,3.47253187748e-05
20031007,0.0
20031008,0.00519591455127
20031009,0.00108208672054
20031010,0.280608063857
20031011,0.0330289353791
20031012,0.000495962979826
20031013,0.0175591409114
20031014,0.0422331421538
20031015,0.074690811406
20031016,0.983448140044
20031017,0.528225265522
20031018,0.0117555980461
20031019,0.622053656529
20031020,1.55809611573
20031021,0.144574193389
20031022,0.112553975706
20031023,0.146701090869
20031024,1.7032633167
20031025,1.13315673272
20031026,1.56878912085
20031027,2.4299790217
20031028,1.89167743632
20031029,0.337509668284
20031030,0.265091345587
20031031,0.866361099921
20031101,0.164972914057
20031102,0.427359107293
20031103,0.784038591389
20031104,1.11714981014
20031105,1.09158859031
20031106,1.30286710687
20031107,0.156091234615
20031108,0.427473914801
20031109,0.390172456702
20031110,0.019668850447
20031111,0.119265777413
20031112,0.933807550148
20031113,4.60507855463
20031114,1.12679785652
20031115,0.176373873651
20031116,0.634328843017
20031117,0.521197048467
20031118,1.25755793438
20031119,1.40854842981
20031120,0.299084183446
20031121,1.825026471
20031122,1.21891545699
20031123,2.32794891976
20031124,0.9582501148
20031125,0.65034875601
20031126,0.223035730785
20031127,1.34196405455
20031128,1.02100620356
20031129,1.05867889685
20031130,0.140480584776
20031201,0.203766321149
20031202,0.0849622150436
20031203,0.0526060566303
20031204,0.416154812301
20031205,0.353577282824
20031206,0.0390879307095
20031207,0.316212302649
20031208,0.753023810406
20031209,3.25012364253
20031210,0.62493267555
20031211,0.847094561024
20031212,1.26631743469
20031213,0.552632529735
20031214,0.0376617685439
20031215,1.81034197613
20031216,1.3259428865
20031217,0.718909236154
20031218,3.30915648903
20031219,1.51068381026
20031220,3.33768790218
20031221,0.701526346776
20031222,2.15549219861
20031223,1.18769212523
20031224,1.38630302665
20031225,5.35957778503
20031226,1.7333018821
20031227,0.760054958989
20031228,2.0041560965
20031229,0.169287291959
20031230,1.4938630623
20031231,1.90617545606
20040101,2.00768337792
20040102,4.2860705709
20040103,0.867619002182
20040104,0.659633673486
20040105,1.56166109637
20040106,1.33659899637
20040107,5.33958138205
20040108,1.8780850565
20040109,1.52163343487
20040110,0.785620661646
20040111,1.46496643775
20040112,2.17862248201
20040113,2.2030072617
20040114,0.407720054102
20040115,0.336195859738
20040116,0.9656359511
20040117,4.99620291294
20040118,0.805064979401
20040119,2.78387111558
20040120,1.67087632966
20040121,2.01692099122
20040122,1.81621803278
20040123,0.350739202749
20040124,0.399717423143
20040125,0.487000944979
20040126,0.148469828389
20040127,0.301896020559
20040128,0.489349347415
20040129,1.58795860196
20040130,1.04116719729
20040131,0.707236028917
20040201,0.973775826136
20040202,1.85807680161
20040203,3.39236223001
20040204,0.26717819872
20040205,0.351031502213
20040206,0.114344618777
20040207,1.22868992343
20040208,0.460691105367
20040209,0.678397602213
20040210,0.485068579897
20040211,0.714830382141
20040212,2.08575358521
20040213,4.00867963913
20040214,0.571321154768
20040215,0.732040059206
20040216,1.47676514042
20040217,2.45144281883
20040218,1.44956676059
20040219,2.34988198327
20040220,3.1336259816
20040221,1.84477056611
20040222,5.24957241505
20040223,5.56349466876
20040224,3.68884579441
20040225,0.678198152474
20040226,1.05409854218
20040227,2.66383212288
20040228,2.79312605163
20040229,1.53204878937
20040301,0.231231200215
20040302,1.36628695081
20040303,0.251118924188
20040304,1.74368246204
20040305,1.71052043005
20040306,2.79107615385
20040307,4.19686492284
20040308,3.13915085956
20040309,0.23437361419
20040310,0.167880619415
20040311,0.0597868387557
20040312,2.13021148781
20040313,2.51860742975
20040314,1.2956390943
20040315,0.946444172419
20040316,0.458041021287
20040317,0.871338785961
20040318,0.562805523207
20040319,0.295369973515
20040320,0.715926681167
20040321,0.288893888241
20040322,1.20029047238
20040323,0.413084891979
20040324,5.32321054714
20040325,1.2327827087
20040326,0.478127412372
20040327,0.236494757807
20040328,0.132177720613
20040329,0.130465195586
20040330,0.350402047777
20040331,0.192455983124
20040401,0.379325059615
20040402,2.95169637797
20040403,1.22326418743
20040404,2.06673208821
20040405,4.51487299294
20040406,2.31664660644
20040407,1.51788847579
20040408,0.241000534631
20040409,0.120067869753
20040410,0.18206255041
20040411,0.0977937646247
20040412,0.00167724108606
20040413,0.0160152463495
20040414,0.000282953132046
20040415,0.0
20040416,0.0
20040417,0.0
20040418,0.0
20040419,0.0
20040420,0.226885700377
20040421,0.0239790608443
20040422,0.0143564999741
20040423,0.000248008276279
20040424,0.00266531969276
20040425,0.000640180022781
20040426,0.000130624638059
20040427,2.12272130511e-06
20040428,0.0
20040429,0.0
20040430,0.0
20040501,0.0
20040502,0.0
20040503,0.0
20040504,0.0
20040505,0.0
20040506,0.0
20040507,0.0
20040508,0.0
20040509,0.0
20040510,0.0
20040511,0.0
20040512,0.0
20040513,0.00120539491462
20040514,0.00909965501863
20040515,0.00114869164712
20040516,1.7461066869e-05
20040517,0.203546588694
20040518,0.0035962295143
20040519,0.0126037816711
20040520,0.000436464832752
20040521,0.0428882035944
20040522,0.000757675272898
20040523,0.0
20040524,0.0
20040525,0.0
20040526,0.0
20040527,0.00983473317032
20040528,0.0184831114174
20040529,0.000323486784994
20040530,0.0
20040531,0.0
20040601,0.0
20040602,0.0
20040603,0.0
20040604,0.0
20040605,0.0
20040606,0.0
20040607,0.0
20040608,0.0
20040609,0.0
20040610,0.0334141919792
20040611,0.023405742743
20040612,0.000403098702424
20040613,0.0
20040614,0.0
20040615,0.0
20040616,0.0
20040617,0.0
20040618,0.0
20040619,0.0
20040620,0.0
20040621,0.0
20040622,0.0
20040623,0.0
20040624,0.0
20040625,0.0
20040626,0.0
20040627,0.0
20040628,0.0
20040629,0.0
20040630,0.000509874160403
20040701,9.00837754517e-06
20040702,0.0
20040703,0.0
20040704,0.0
20040705,0.00150857250617
20040706,0.317953552513
20040707,0.00819663910109
20040708,4.55751976008e-05
20040709,0.0
20040710,0.0
20040711,0.0
20040712,0.0
20040713,0.405164271968
20040714,0.0374454922762
20040715,0.036540848209
20040716,0.217693116799
20040717,0.254486505047
20040718,0.00462152628368
20040719,3.41083688552e-06
20040720,0.0
20040721,0.000344034791014
20040722,6.07835379413e-06
20040723,0.0
20040724,0.0
20040725,0.0
20040726,0.0
20040727,0.00219712987514
20040728,0.08037596799
20040729,0.577743913936
20040730,0.428311928435
20040731,0.277049416881
20040801,0.0683560835595
20040802,0.0221293795568
20040803,0.000371128089899
20040804,0.0
20040805,0.0
20040806,0.0
20040807,0.0
20040808,0.0
20040809,0.00056625400005
20040810,0.00142968111408
20040811,0.00331692539334
20040812,0.00162546800006
20040813,0.127838539468
20040814,0.00781135823265
20040815,0.00946424477999
20040816,0.000165479383902
20040817,0.0146808182299
20040818,0.011890577594
20040819,0.00020549822337
20040820,0.0
20040821,0.0
20040822,0.0
20040823,0.0
20040824,0.0
20040825,0.0
20040826,0.347788301204
20040827,0.0393747994662
20040828,0.00101949239015
20040829,0.00734046087413
20040830,0.0330165904742
20040831,0.310993931536
20040901,0.00548432661775
20040902,0.00164972478334
20040903,2.91470781069e-05
20040904,0.0
20040905,0.00445383636814
20040906,0.0270798434664
20040907,0.000477052174857
20040908,0.0
20040909,0.0087496082851
20040910,0.00731913467633
20040911,0.247532274133
20040912,0.00437112513867
20040913,0.000237916028511
20040914,0.348921371756
20040915,0.496995583628
20040916,0.00867192510973
20040917,0.0
20040918,4.48800544194e-06
20040919,7.92934189154e-08
20040920,0.00321476209727
20040921,0.0140510390773
20040922,0.0021960572809
20040923,0.169894840339
20040924,0.278210744525
20040925,0.263695265147
20040926,0.791328095407
20040927,0.571160065987
20040928,0.140907147976
20040929,0.15092116908
20040930,0.00403348267287
20041001,0.656518738135
20041002,0.0143486467221
20041003,5.68545089426e-05
20041004,0.0071408681823
20041005,0.00105349447693
20041006,0.000544624645206
20041007,0.0152324548566
20041008,0.0144625512326
20041009,0.0263589183942
20041010,0.13444279466
20041011,0.0295766245598
20041012,2.97262825595
20041013,0.879049600888
20041014,0.167405575841
20041015,0.0177910564333
20041016,0.420244921288
20041017,0.768216605102
20041018,0.395153024954
20041019,0.625812439325
20041020,9.75219434111
20041021,2.40901557172
20041022,0.184597531797
20041023,0.0831542035337
20041024,0.406312405546
20041025,0.102846057011
20041026,0.0991034879914
20041027,0.134527978258
20041028,0.677155894463
20041029,1.54796896758
20041030,0.65078216815
20041031,0.73361519246
20041101,0.0181130620125
20041102,0.00127719341925
20041103,0.0382334116945
20041104,0.0392917598762
20041105,0.00427826106981
20041106,0.123321839945
20041107,0.61798974328
20041108,0.639494030627
20041109,2.72032677432
20041110,0.861612716322
20041111,1.8323101312
20041112,2.8060209934
20041113,2.4287310301
20041114,6.68265283916
20041115,3.22054486743
20041116,1.51735884246
20041117,1.0448987111
20041118,0.632057816551
20041119,0.538944154861
20041120,0.283701639849
20041121,0.861604821056
20041122,1.5213728715
20041123,1.17762799594
20041124,0.518973347706
20041125,0.25105912042
20041126,0.712029563498
20041127,0.49021854179
20041128,0.594841525434
20041129,0.863004177529
20041130,2.31170959997
20041201,5.54468896131
20041202,1.55321133897
20041203,1.45000826245
20041204,2.70637250357
20041205,4.0916594852
20041206,6.49181655402
20041207,3.06279878699
20041208,3.29324536627
20041209,2.69772266941
20041210,0.100781049002
20041211,0.0168078026671
20041212,0.322766321702
20041213,0.136320177596
20041214,0.348228193747
20041215,0.261276952073
20041216,0.667520687795
20041217,1.24082455974
20041218,0.626203915508
20041219,0.592011683247
20041220,3.14925105438
20041221,0.542341462488
20041222,0.32493715023
20041223,0.713443779388
20041224,0.639065320247
20041225,0.122218230684
20041226,0.0108558884127
20041227,0.903526697031
20041228,0.777464913787
20041229,0.436970820042
20041230,2.20556744481
20041231,1.42567438408
20050101,2.14135735638
20050102,1.30750736284
20050103,0.754438775526
20050104,1.19132087268
20050105,2.52101859242
20050106,0.428995156026
20050107,0.878690609657
20050108,1.04907542312
20050109,0.678483248447
20050110,0.368643951824
20050111,3.18060934497
20050112,1.98637108082
20050113,1.70013514921
20050114,5.63088412687
20050115,2.17450785607
20050116,4.22165744422
20050117,2.66168318865
20050118,2.17865386154
20050119,3.4358554564
20050120,4.35681606198
20050121,2.86165190404
20050122,6.04413087513
20050123,0.947836189317
20050124,2.57797423733
20050125,0.144473301962
20050126,0.175730984179
20050127,0.315457113144
20050128,1.20383792859
20050129,1.3540320039
20050130,0.73577488422
20050131,0.457682251996
20050201,2.36053268067
20050202,0.853217509331
20050203,5.38003542986
20050204,0.910892976462
20050205,0.431004239654
20050206,0.206326107336
20050207,0.121444390469
20050208,0.189555505802
20050209,1.00812076269
20050210,1.91024716828
20050211,1.9330961748
20050212,0.999087865607
20050213,2.62503044075
20050214,1.58610286267
20050215,3.47913904924
20050216,1.30474762714
20050217,1.28987091202
20050218,2.57660117219
20050219,7.33073608142
20050220,3.56345931514
20050221,0.742812487897
20050222,0.301498201947
20050223,0.905782460879
20050224,0.849121502284
20050225,0.0466621981995
20050226,0.0297693471636
20050227,0.00462912564756
20050228,1.04270165662
20050301,1.08056982549
20050302,0.28528785349
20050303,0.0593097585175
20050304,0.546545972409
20050305,0.0707982823831
20050306,0.118302901019
20050307,0.803764157108
20050308,0.291610265516
20050309,1.19145712219
20050310,0.111323910913
20050311,1.57987235772
20050312,0.547237694856
20050313,0.16979808004
20050314,3.45253351848
20050315,4.04724733828
20050316,1.31771586982
20050317,1.37087638219
20050318,3.03961347737
20050319,1.61527122473
20050320,0.92886184383
20050321,2.29650351996
20050322,2.3288060154
20050323,2.68857951671
20050324,2.11403741548
20050325,1.3760386752
20050326,2.28018025139
20050327,0.308698760945
20050328,0.949396507085
20050329,0.179373448221
20050330,1.8717828149
20050331,0.224179253858
20050401,2.61543982154
20050402,2.52106531197
20050403,4.43641816225
20050404,3.60261253892
20050405,0.296086393387
20050406,1.75553610596
20050407,3.96492599733
20050408,1.40267851165
20050409,0.629287008317
20050410,0.0107041647093
20050411,0.00659378319483
20050412,0.000116497252899
20050413,0.0
20050414,0.0
20050415,0.0
20050416,0.0
20050417,0.0
20050418,0.0094107215766
20050419,0.0141146449873
20050420,0.219247638635
20050421,0.0261026141708
20050422,0.305620237998
20050423,0.385109381367
20050424,0.0611776487033
20050425,0.355749663347
20050426,0.0488279175231
20050427,0.000751936211776
20050428,5.37005403072e-05
20050429,0.0857808441416
20050430,0.304422399014
20050501,0.00535171119544
20050502,0.0
20050503,7.57029313691e-05
20050504,0.000485480999405
20050505,8.55377492042e-06
20050506,2.28443350253e-06
20050507,4.03610267823e-08
20050508,0.0
20050509,0.0
20050510,0.0
20050511,0.0
20050512,0.0
20050513,0.0
20050514,0.00779377640817
20050515,0.402807682171
20050516,0.00744390041701
20050517,0.0302493884754
20050518,0.528418624748
20050519,0.0786514495253
20050520,0.0225781373894
20050521,0.000377267038344
20050522,0.000102304910914
20050523,1.80750801182e-06
20050524,0.0
20050525,0.0
20050526,0.0
20050527,0.0
20050528,0.0
20050529,0.0
20050530,0.0
20050531,0.0
20050601,0.0
20050602,0.0
20050603,0.0
20050604,0.0
20050605,0.0
20050606,0.0
20050607,0.0
20050608,0.00639728038909
20050609,0.000113026169519
20050610,0.0
20050611,0.0
20050612,0.0
20050613,0.0
20050614,0.0
20050615,0.0
20050616,0.0
20050617,0.0
20050618,0.0
20050619,0.0
20050620,0.0
20050621,0.0
20050622,0.0
20050623,0.0
20050624,0.0
20050625,0.0
20050626,0.0
20050627,0.0
20050628,0.0
20050629,0.0
20050630,0.0
20050701,0.0
20050702,0.0
20050703,0.0
20050704,0.0
20050705,0.0
20050706,0.0
20050707,0.0
20050708,0.0
20050709,0.0
20050710,0.0
20050711,0.0
20050712,0.0
20050713,0.0
20050714,0.0
20050715,0.0
20050716,0.0
20050717,0.0
20050718,0.0
20050719,0.0
20050720,0.0
20050721,0.0
20050722,0.0
20050723,0.0
20050724,0.0
20050725,0.0
20050726,0.0
20050727,0.0
20050728,0.0
20050729,0.0
20050730,0.0
20050731,0.0
20050801,0.0
20050802,0.0
20050803,0.0
20050804,0.0
20050805,0.0
20050806,0.0
20050807,0.0
20050808,0.0
20050809,0.0
20050810,0.0
20050811,0.0
20050812,0.0065715719593
20050813,0.0001161054933
20050814,0.000990292968416
20050815,0.0393066268096
20050816,0.00515990485311
20050817,0.000294651237006
20050818,0.00497814773873
20050819,0.00553914522653
20050820,9.63119934471e-05
20050821,0.0
20050822,0.0
20050823,0.0137035808607
20050824,0.00253208834891
20050825,4.04589351075e-05
20050826,0.0
20050827,0.105822227502
20050828,0.0646588344425
20050829,0.00521338009432
20050830,0.00317452228633
20050831,5.48058884623e-05
20050901,0.0
20050902,0.0
20050903,0.00428470611058
20050904,7.57015097723e-05
20050905,0.167870983891
20050906,0.079836973562
20050907,0.00135814585293
20050908,0.0
20050909,0.0
20050910,0.0
20050911,0.0
20050912,0.0
20050913,0.0
20050914,0.0
20050915,0.0
20050916,6.26357413108e-05
20050917,1.10663824785e-06
20050918,0.315935731677
20050919,0.00558190332661
20050920,0.000402915437562
20050921,7.11864738971e-06
20050922,0.0
20050923,0.00114646677371
20050924,0.0014770339226
20050925,0.000284418289029
20050926,0.00181902148053
20050927,0.00791841175931
20050928,0.0135429570865
20050929,0.0941481796628
20050930,0.00165921139309
20051001,0.0385176430937
20051002,0.00533820624568
20051003,0.108483766799
20051004,0.0455970476688
20051005,0.00143209115708
20051006,0.0783149063432
20051007,0.0348685355505
20051008,0.40915044848
20051009,0.0131247189672
20051010,0.111544092129
20051011,0.00984743855367
20051012,0.0627050258802
20051013,0.649896812698
20051014,0.479488036062
20051015,0.340687441885
20051016,0.476701956284
20051017,0.746797323982
20051018,0.442699323508
20051019,0.109917786883
20051020,0.879785288624
20051021,0.098075549531
20051022,0.625072843976
20051023,0.668342964044
20051024,0.198395958545
20051025,0.423847742198
20051026,0.154424084699
20051027,1.02902464418
20051028,1.1275857298
20051029,0.941017012606
20051030,1.82840421488
20051031,0.491813992741
20051101,0.634886906504
20051102,0.374628676085
20051103,0.334453363402
20051104,0.473979382201
20051105,0.434038943164
20051106,0.430279504333
20051107,1.72533488625
20051108,0.444217766401
20051109,1.65920115551
20051110,0.773830890649
20051111,5.63408133089
20051112,0.690275974071
20051113,0.115790507845
20051114,0.326637487198
20051115,0.49653055844
20051116,0.00867153585861
20051117,0.000979780164093
20051118,0.474264111355
20051119,1.69541293906
20051120,0.819930761409
20051121,5.85661152499
20051122,1.2867342532
20051123,0.867038432246
20051124,0.532579871632
20051125,1.92866674683
20051126,0.279538487848
20051127,1.27810640567
20051128,2.44315295144
20051129,2.23739702278
20051130,9.69235294924
20051201,1.58388419163
20051202,0.617829433323
20051203,0.114475433061
20051204,0.458918257651
20051205,1.38575927405
20051206,0.643591618898
20051207,2.08607740013
20051208,2.69920201615
20051209,4.60001769664
20051210,2.58157231512
20051211,0.168892480329
20051212,0.631053665295
20051213,0.659259192601
20051214,2.39745630462
20051215,2.1026613604
20051216,1.53094056808
20051217,1.20607245581
20051218,5.37063212555
20051219,1.12946838338
20051220,1.23048647436
20051221,0.245659656444
20051222,0.0720617480756
20051223,0.131369960563
20051224,0.834860571177
20051225,1.28917035499
20051226,3.77600051793
20051227,0.404880507861
20051228,0.540472866867
20051229,3.19296284677
20051230,1.24372546778
20051231,9.10174990006
20060101,1.82642919576
20060102,2.70454957329
20060103,4.82344122113
20060104,8.65424909588
20060105,9.08507947642
20060106,6.45569115865
20060107,1.57589552014
20060108,4.42668598423
20060109,3.82743122369
20060110,3.35601922755
20060111,6.43329064999
20060112,3.2896471192
20060113,2.97642368869
20060114,2.07934820208
20060115,0.684783952948
20060116,2.53684089688
20060117,8.67213288152
20060118,1.77209950631
20060119,2.99823988227
20060120,0.533123315464
20060121,3.37950473359
20060122,2.86454555095
20060123,2.01108780141
20060124,1.71977460088
20060125,1.3004467094
20060126,2.93397654161
20060127,5.28004158192
20060128,1.20696614219
20060129,8.5483843586
20060130,6.24427252953
20060131,2.81729379011
20060201,5.49456506734
20060202,4.57564668802
20060203,3.47127560326
20060204,1.82715266437
20060205,2.10793917386
20060206,5.37455097861
20060207,4.61216860384
20060208,1.9557828486
20060209,1.27037392563
20060210,2.4267757137
20060211,3.85505071766
20060212,1.39349085505
20060213,1.6316619001
20060214,1.83718963894
20060215,2.83200720847
20060216,2.85484726977
20060217,1.17826619058
20060218,1.31903122961
20060219,2.85755850018
20060220,2.0711698399
20060221,8.85985402028
20060222,3.11459694883
20060223,9.21806008162
20060224,3.5555260197
20060225,1.70454341108
20060226,2.11485984533
20060227,1.7477758261
20060228,0.588663813167
20060301,0.723175236092
20060302,0.275124785289
20060303,0.500774671136
20060304,0.0115318999012
20060305,0.177201773001
20060306,0.173113466494
20060307,0.288448917891
20060308,0.229065266156
20060309,0.360120792269
20060310,1.7809864169
20060311,1.70552541339
20060312,5.29427559753
20060313,4.08795661019
20060314,2.30897079555
20060315,2.31618612809
20060316,1.02379052559
20060317,1.32057584572
20060318,0.820696128234
20060319,1.0088369545
20060320,2.14657792305
20060321,0.437603793146
20060322,1.35698562403
20060323,5.04708666122
20060324,2.39373059122
20060325,5.86443194364
20060326,0.863009044755
20060327,0.694287583953
20060328,1.8371314632
20060329,1.17172640658
20060330,0.524779220934
20060331,0.121569963636
20060401,0.254816095796
20060402,0.106380440374
20060403,0.0543153926299
20060404,0.080231688902
20060405,0.00141701589764
20060406,0.0144390894508
20060407,0.00447843098174
20060408,0.0897194759749
20060409,0.173326313802
20060410,0.108803835076
20060411,0.418095354761
20060412,0.298666886407
20060413,0.0600025424438
20060414,0.607196133588
20060415,0.496386894278
20060416,0.172834434091
20060417,1.53102992856
20060418,2.89294172381
20060419,0.420673617326
20060420,0.426254732606
20060421,0.556132860896
20060422,0.478198740456
20060423,1.12112579734
20060424,0.0347286950764
20060425,0.400486868608
20060426,0.153947026351
20060427,0.00259619186758
20060428,0.376705867611
20060429,0.0066555802738
20060430,0.769507448599
20060501,1.35369088145
20060502,1.25422449501
20060503,0.48103363525
20060504,0.0826020264789
20060505,0.52249545035
20060506,0.20179424632
20060507,0.0417215187258
20060508,0.107104155602
20060509,0.063330472695
20060510,0.00108569140472
20060511,0.0
20060512,0.0
20060513,0.000212294879377
20060514,0.0692707826318
20060515,0.258358187009
20060516,0.0957736899116
20060517,0.204382541663
20060518,0.00363733495807
20060519,9.68443501741e-07
20060520,0.101260829851
20060521,0.00191275705957
20060522,0.130501822394
20060523,0.345768783125
20060524,0.43008033803
20060525,0.00749137946164
20060526,0.0
20060527,0.0
20060528,0.0
20060529,0.0
20060530,0.0
20060531,0.0
20060601,0.0
20060602,0.0
20060603,0.0
20060604,0.0
20060605,0.000200924446599
20060606,3.54990063895e-06
20060607,0.0
20060608,0.0
20060609,0.0
20060610,0.0
20060611,0.00622578800984
20060612,0.789282120317
20060613,0.0173676360819
20060614,0.141971278246
20060615,0.0354173433868
20060616,0.00186722436504
20060617,0.00561421955871
20060618,0.000229819026643
20060619,0.0503060294369
20060620,0.00088875820608
20060621,0.00387013585131
20060622,0.190352564466
20060623,0.00336191143888
20060624,0.0
20060625,0.0
20060626,0.0
20060627,0.00708267161261
20060628,0.131079212093
20060629,4.23890152177
20060630,0.0795170485025
20060701,0.0238772798709
20060702,0.000420403646399
20060703,0.0
20060704,0.0
20060705,0.0332021292508
20060706,0.00606962179214
20060707,9.68729956886e-05
20060708,0.0
20060709,0.0
20060710,0.0
20060711,0.0216272037047
20060712,0.226487858377
20060713,0.00904045879312
20060714,8.91458886672e-05
20060715,0.00246044261705
20060716,4.34707151339e-05
20060717,0.0
20060718,0.0
20060719,0.0
20060720,0.0
20060721,0.0
20060722,0.048637824528
20060723,0.0394656072419
20060724,0.0108840302303
20060725,0.0214871461602
20060726,0.00037644700384
20060727,0.0
20060728,0.0676398763152
20060729,0.195492873032
20060730,0.0422627075021
20060731,0.000686040346561
20060801,0.0754375028175
20060802,0.240650206464
20060803,0.0910502350701
20060804,0.0314799297277
20060805,0.00361813009232
20060806,0.0164947266403
20060807,0.00545102299469
20060808,9.11759863938e-05
20060809,0.0
20060810,0.0
20060811,0.0
20060812,0.0
20060813,0.0
20060814,0.0
20060815,0.00193894074284
20060816,0.0082738217663
20060817,0.1728819585
20060818,0.00305187947903
20060819,0.0
20060820,0.012415131581
20060821,0.0833837651696
20060822,0.250499713174
20060823,0.0913119829327
20060824,0.0819760149913
20060825,0.00675510060195
20060826,0.0127668854334
20060827,0.0103987110445
20060828,0.000179767000144
20060829,3.75266169764e-05
20060830,0.0187170689521
20060831,0.0114976376911
20060901,0.237780711849
20060902,0.404927886253
20060903,0.0656342356578
20060904,0.00103452636101
20060905,0.00168354376422
20060906,2.97445861276e-05
20060907,0.0
20060908,0.308598770393
20060909,0.227144759255
20060910,0.462716758564
20060911,0.0160241225893
20060912,0.00013989606823
20060913,0.0
20060914,0.0
20060915,0.00498095186213
20060916,0.0553532326543
20060917,0.314783230456
20060918,0.00587362475599
20060919,5.8186354699e-06
20060920,0.0
20060921,0.0
20060922,0.0
20060923,0.616963383202
20060924,0.0109004134335
20060925,0.0
20060926,0.0
20060927,0.996131278343
20060928,0.346865517352
20060929,1.0097079674
20060930,0.363503475631
20061001,0.721162155154
20061002,0.446286522255
20061003,0.104485765067
20061004,0.0467860552337
20061005,0.0324719539796
20061006,0.542154172719
20061007,3.28011630751
20061008,1.41110355178
20061009,0.950947566602
20061010,1.04822985405
20061011,0.400238734099
20061012,2.31005656998
20061013,0.662184725384
20061014,1.03329125464
20061015,0.850294271817
20061016,4.16705256228
20061017,1.57862436053
20061018,0.745316228871
20061019,1.58742330167
20061020,1.45580798236
20061021,2.01634446527
20061022,2.35242245329
20061023,0.456433982655
20061024,0.245955275376
20061025,0.136569288233
20061026,0.925691028949
20061027,0.423786382606
20061028,0.415339839353
20061029,1.36217639437
20061030,7.34504483325
20061031,1.84341822275
20061101,1.29965388838
20061102,2.38989398134
20061103,0.44844080585
20061104,0.190728665509
20061105,0.643845684498
20061106,0.383528666989
20061107,1.78258396025
20061108,0.154629327985
20061109,0.203113392583
20061110,0.463532897903
20061111,0.155859465373
20061112,0.262833718682
20061113,1.11064834579
20061114,0.118006773757
20061115,0.401905715128
20061116,6.40906339519
20061117,0.566457674449
20061118,1.28976041672
20061119,3.10566105674
20061120,1.11758228692
20061121,0.237544584896
20061122,0.344508516857
20061123,3.96302785247
20061124,2.46901555244
20061125,2.03810960686
20061126,3.14444959415
20061127,3.32105033604
20061128,1.37448456553
20061129,0.599104653649
20061130,0.160533291337
20061201,0.0490055197683
20061202,0.205897079625
20061203,0.31801597588
20061204,0.94112180294
20061205,1.95960335478
20061206,0.695756971488
20061207,0.809101271
20061208,1.28934927819
20061209,2.33982094747
20061210,0.891364588983
20061211,1.9584095472
20061212,1.64412109558
20061213,1.04815763379
20061214,0.333182227661
20061215,0.674504609864
20061216,0.809329531836
20061217,2.35253377952
20061218,1.54267051517
20061219,4.47615891151
20061220,4.94435453105
20061221,1.10560947011
20061222,2.29787460584
20061223,2.15961009315
20061224,0.754103222701
20061225,2.00350959456
20061226,3.8220623408
20061227,3.23435044931
20061228,2.93268744943
20061229,2.10957988679
20061230,3.45559124526
20061231,0.230453532754
20070101,1.2226626541
20070102,0.411481878558
20070103,0.410125347658
20070104,0.595683897505
20070105,1.00607394972
20070106,1.30528062349
20070107,2.28798500726
20070108,0.355712756812
20070109,2.01644041359
20070110,0.235212190522
20070111,2.29618746797
20070112,0.703633069767
20070113,0.0532070319867
20070114,6.84819492139
20070115,4.40808463966
20070116,1.17917918606
20070117,0.658966200476
20070118,2.08909355266
20070119,1.77842631258
20070120,0.054537641903
20070121,0.0707326693697
20070122,1.80119143018
20070123,1.24747134126
20070124,2.05430291907
20070125,6.10608901228
20070126,5.01869232534
20070127,0.669085362899
20070128,0.631533312344
20070129,2.2719258917
20070130,1.97777675537
20070131,0.268182311118
20070201,1.78948405363
20070202,0.518196526336
20070203,0.534881259876
20070204,0.442739652474
20070205,0.686582462369
20070206,1.81182971819
20070207,2.24034277326
20070208,1.21873978425
20070209,1.14723212557
20070210,3.40634986538
20070211,2.27303515813
20070212,0.449417870511
20070213,0.0718143009351
20070214,0.00114072282738
20070215,0.0
20070216,0.0214629751931
20070217,0.0221880286599
20070218,0.567458670292
20070219,0.214104827409
20070220,0.180879663402
20070221,1.6483899036
20070222,3.48515999974
20070223,0.228807335813
20070224,0.76270260287
20070225,1.65705823256
20070226,0.555518618122
20070227,2.29080501177
20070228,1.66935243811
20070301,1.46885782469
20070302,1.07236370311
20070303,1.24974176554
20070304,0.745888276365
20070305,2.71229958505
20070306,0.594720625381
20070307,0.996250203104
20070308,1.5040023304
20070309,0.563645292393
20070310,0.476238298728
20070311,0.296933913408
20070312,0.0997304768745
20070313,0.887964422259
20070314,0.36300662767
20070315,1.06785013617
20070316,0.544944248276
20070317,0.138427852846
20070318,0.313539233388
20070319,0.1379567052
20070320,0.0195768152529
20070321,0.942258317434
20070322,0.134264260943
20070323,0.346499637062
20070324,0.204657435153
20070325,0.155516211762
20070326,1.89503450808
20070327,5.55484174695
20070328,0.408295102503
20070329,6.52027061911
20070330,1.3754652326
20070331,1.2230272326
20070401,0.0396501882153
20070402,0.00119942693511
20070403,0.00432616104192
20070404,0.0938689514374
20070405,0.0194158303099
20070406,0.0175666174577
20070407,0.0036410404118
20070408,0.343271777397
20070409,0.0729795556141
20070410,0.0143918418027
20070411,0.030374051763
20070412,0.0825041161844
20070413,0.0472899955831
20070414,0.0749525434881
20070415,0.776712447226
20070416,6.05795158954
20070417,0.980702787551
20070418,0.0699685439553
20070419,0.145272083125
20070420,0.182737309798
20070421,0.10509693744
20070422,0.578868193466
20070423,1.43073146114
20070424,0.0400010232825
20070425,0.0197238554826
20070426,0.0349507396572
20070427,0.340570251364
20070428,0.0682032642973
20070429,0.00113499117605
20070430,0.000399690668944
20070501,7.05040051191e-06
20070502,0.0
20070503,0.0
20070504,0.0
20070505,0.0
20070506,0.000488483281575
20070507,0.970830444833
20070508,0.0320348542005
20070509,0.00026294211684
20070510,0.0754790588753
20070511,1.08961366094
20070512,0.0702940795069
20070513,0.00216950133777
20070514,0.229116276898
20070515,0.00404759475915
20070516,0.0
20070517,0.0250227495395
20070518,0.0338716120344
20070519,0.647288382962
20070520,0.169056380513
20070521,0.00446850624579
20070522,0.209391275379
20070523,0.499445849225
20070524,0.112132539406
20070525,1.07504886373
20070526,0.0210648370339
20070527,0.00280579119337
20070528,0.00266361962978
20070529,0.128964735678
20070530,0.00525996497315
20070531,5.26899630899e-05
20070601,0.0829777752375
20070602,1.39757533185
20070603,0.0250673194345
20070604,0.0248889595006
20070605,0.0855844084123
20070606,0.233279590886
20070607,0.299998084154
20070608,0.0312201288079
20070609,0.0184960500499
20070610,0.0140034414832
20070611,0.000241780384229
20070612,0.0
20070613,0.0
20070614,0.0
20070615,0.0
20070616,0.00327108900046
20070617,5.77930856462e-05
20070618,0.00206224737432
20070619,3.64354594373e-05
20070620,0.00164494043954
20070621,2.90625498738e-05
20070622,0.000647196927005
20070623,1.14345746622e-05
20070624,0.0
20070625,0.0
20070626,0.0
20070627,0.0
20070628,0.101465435073
20070629,0.0271709847909
20070630,0.127433924808
20070701,0.0381443393208
20070702,0.0176737624974
20070703,0.0406498048425
20070704,0.000753450568365
20070705,0.286844124797
20070706,0.00506790435787
20070707,0.0151531823672
20070708,0.0193529720862
20070709,0.000337195177441
20070710,0.0160021423665
20070711,0.0069836021898
20070712,0.0173396478714
20070713,0.201498384285
20070714,0.00355466635699
20070715,0.0130788297483
20070716,0.000231074729337
20070717,0.0
20070718,0.00563098086821
20070719,9.94872943325e-05
20070720,0.000304249124804
20070721,0.0268530174809
20070722,0.000474339964988
20070723,0.0
20070724,0.0885671318558
20070725,0.00156479024554
20070726,0.0
20070727,0.122809243651
20070728,0.0118302141997
20070729,0.761791731406
20070730,0.0982179717591
20070731,0.0129303314579
20070801,0.0832792563601
20070802,0.0216438798788
20070803,0.000356467902313
20070804,0.0
20070805,0.0
20070806,0.0
20070807,0.0
20070808,0.0
20070809,0.0505238380488
20070810,0.00089264725655
20070811,0.0
20070812,0.00494464933561
20070813,0.0188098223991
20070814,0.000330785527278
20070815,0.0
20070816,0.00444066117472
20070817,0.333727867853
20070818,0.0151328181652
20070819,0.000163214696744
20070820,0.0
20070821,0.0
20070822,0.00359002798869
20070823,6.34280450863e-05
20070824,0.0
20070825,0.0248893744145
20070826,0.148006820104
20070827,0.010900686674
20070828,0.00042991505679
20070829,0.0036577379457
20070830,6.45358896289e-05
20070831,0.010036680885
20070901,0.000177326510323
20070902,0.0
20070903,0.0
20070904,0.0
20070905,0.0
20070906,0.0
20070907,0.000431378579309
20070908,0.346251191342
20070909,0.0275850364719
20070910,0.000413651940904
20070911,0.0325982561757
20070912,0.00446707827235
20070913,6.87481988887e-05
20070914,0.0
20070915,0.0
20070916,0.0
20070917,0.0
20070918,0.00123814002126
20070919,0.00236893895836
20070920,4.14675552403e-05
20070921,0.0
20070922,0.0
20070923,4.28883175252e-05
20070924,2.43412138898e-05
20070925,0.0689713021542
20070926,0.940771147117
20070927,0.267233610074
20070928,0.312468060609
20070929,0.00632519362855
20070930,0.00347454229097
20071001,0.384925888391
20071002,0.259550281533
20071003,0.398624568786
20071004,0.536806185076
20071005,0.873487142413
20071006,1.59606834694
20071007,0.174056415103
20071008,0.219685304178
20071009,0.272178689551
20071010,0.0384729403225
20071011,0.775909882858
20071012,0.255816946363
20071013,0.0995007577011
20071014,0.323750491849
20071015,0.112654152804
20071016,0.273279761903
20071017,0.169586143526
20071018,0.0112144920134
20071019,0.425373942872
20071020,0.890598802742
20071021,0.881495019911
20071022,0.732865703848
20071023,0.670770797428
20071024,0.93735894539
20071025,0.502487131725
20071026,2.25513754187
20071027,0.731862094596
20071028,0.81030965148
20071029,2.23418522001
20071030,0.475219815952
20071031,3.78175956154
20071101,0.994339842134
20071102,0.312096462442
20071103,0.150151262068
20071104,1.87409521484
20071105,1.86421220779
20071106,0.386729950847
20071107,0.373513026687
20071108,2.22645842523
20071109,0.0675074814626
20071110,0.0661977450794
20071111,0.115076692752
20071112,0.00881462260787
20071113,0.352967126948
20071114,0.515932115085
20071115,0.568888136181
20071116,0.261751718918
20071117,2.67661350483
20071118,4.08871492626
20071119,2.86947644201
20071120,2.74103087918
20071121,3.7708153219
20071122,3.06868114807
20071123,1.66373087577
20071124,0.921983739353
20071125,0.281261688833
20071126,0.78201064418
20071127,1.34840396011
20071128,8.39264005514
20071129,3.54672169591
20071130,0.405795617105
20071201,4.44788286288
20071202,12.8810466612
20071203,2.02637310437
20071204,0.62826608317
20071205,3.01928746357
20071206,0.893454784545
20071207,3.32608652963
20071208,1.94585121549
20071209,0.95659658917
20071210,0.310591824801
20071211,0.736861577777
20071212,2.68495608179
20071213,7.61910727575
20071214,4.86215733076
20071215,3.34293277707
20071216,6.56095474624
20071217,3.43748214128
20071218,0.625438967651
20071219,0.121795469269
20071220,2.00182742925
20071221,0.218797097236
20071222,0.183083947557
20071223,0.14235964594
20071224,4.50782386408
20071225,14.0165332393
20071226,0.454016176049
20071227,0.649413551646
20071228,0.387613400152
20071229,3.69822040032
20071230,0.127008352484
20071231,0.0112900344582
20080101,0.337725702146
20080102,0.527934499402
20080103,0.586919839368
20080104,4.7136764673
20080105,2.32662245411
20080106,1.96170071336
20080107,3.07004955879
20080108,4.3081939682
20080109,1.60389748762
20080110,3.115343121
20080111,1.60485874066
20080112,1.81843619712
20080113,7.53812639553
20080114,1.50715438118
20080115,6.10181688138
20080116,0.619405859328
20080117,1.63731568541
20080118,7.93798481097
20080119,2.66474471043
20080120,6.1447987758
20080121,4.34529741433
20080122,5.61289364924
20080123,4.35644196761
20080124,2.40735451604
20080125,1.26729797527
20080126,2.78977183067
20080127,4.27510670471
20080128,3.09159673339
20080129,2.36956713699
20080130,3.39223457897
20080131,2.08085791401
20080201,2.02458047955
20080202,0.176873678955
20080203,0.420262984696
20080204,1.27120675388
20080205,5.31787691703
20080206,2.04016125289
20080207,1.60679485489
20080208,4.4655784023
20080209,2.05898631868
20080210,1.2264317985
20080211,1.67924049914
20080212,0.384278274415
20080213,0.819963518175
20080214,2.01377930457
20080215,1.30626465275
20080216,0.54341401329
20080217,0.453897907037
20080218,0.481413135273
20080219,0.353681097151
20080220,0.284727888871
20080221,0.396246278963
20080222,1.27188759889
20080223,0.784290642489
20080224,0.407355469163
20080225,1.0804546494
20080226,5.10244999069
20080227,1.86791907294
20080228,1.79363422285
20080229,2.62234599452
20080301,2.81690127401
20080302,1.91487264707
20080303,6.00311799086
20080304,0.82118870935
20080305,0.350382084186
20080306,0.0539156789581
20080307,0.512224898769
20080308,0.766458122554
20080309,0.137464575737
20080310,0.438586243316
20080311,1.31784647146
20080312,4.3116490054
20080313,4.54598108527
20080314,5.42657942721
20080315,4.39560533291
20080316,2.16249202498
20080317,4.41893289483
20080318,0.832752437797
20080319,2.24950963776
20080320,0.455039781686
20080321,1.15907875957
20080322,1.39113205453
20080323,0.0599560941079
20080324,0.0274065888374
20080325,0.0291462731058
20080326,0.0117807710041
20080327,0.177857123058
20080328,0.200408318546
20080329,0.406593846579
20080330,0.411356643055
20080331,0.0392463127934
20080401,0.140712193884
20080402,0.0326622645034
20080403,0.0401415574774
20080404,0.167243655757
20080405,0.106185928003
20080406,0.00234799944692
20080407,0.0469989182644
20080408,0.187555755546
20080409,0.249366877058
20080410,0.148527019484
20080411,0.706041862657
20080412,0.74114006179
20080413,1.00996123906
20080414,0.642040684917
20080415,0.867007919723
20080416,0.938776385139
20080417,0.0369852390083
20080418,0.00608180953328
20080419,1.79080715689
20080420,0.0738041126798
20080421,0.0116171297278
20080422,0.0555482974854
20080423,0.000978024949714
20080424,0.0
20080425,0.0186911457119
20080426,0.000366816560188
20080427,6.46367531923e-07
20080428,0.00259170890723
20080429,0.77144096013
20080430,0.63621341919
20080501,0.0109997259326
20080502,0.0636708050232
20080503,7.96911174666
20080504,2.37509413291
20080505,0.0394755643223
20080506,0.0
20080507,0.0237680499877
20080508,0.0813783348577
20080509,0.482057240545
20080510,0.0473637159835
20080511,0.000686785767824
20080512,0.0
20080513,0.0
20080514,0.0
20080515,0.0
20080516,0.00099133886492
20080517,0.062173245869
20080518,0.0181290861566
20080519,0.0354930975174
20080520,0.177254855326
20080521,0.00459042004055
20080522,0.0604964367941
20080523,0.0950571169044
20080524,0.331288531864
20080525,0.377718092453
20080526,0.0194692185573
20080527,0.201488929786
20080528,0.0643739344482
20080529,0.0573069156382
20080530,0.000993505165172
20080531,0.0
20080601,0.0
20080602,0.208385668787
20080603,0.254549926096
20080604,0.152558543511
20080605,0.002617071633
20080606,0.00314763501835
20080607,0.16533667317
20080608,0.298963680267
20080609,0.00523045084263
20080610,0.00292358091193
20080611,5.16533624827e-05
20080612,0.0148279573834
20080613,0.001474662031
20080614,2.14255097038e-05
20080615,0.0
20080616,0.00881363327476
20080617,0.000155717896902
20080618,0.00275095604791
20080619,0.0393985751319
20080620,0.000695229213274
20080621,0.118153290657
20080622,0.00208751399958
20080623,0.00261587279608
20080624,4.62168330157e-05
20080625,0.0
20080626,0.0
20080627,0.00363980503122
20080628,0.0890060667256
20080629,0.00157140909897
20080630,0.00549599795798
20080701,0.0305797842427
20080702,0.00693032949929
20080703,0.000381141742805
20080704,0.000651702923937
20080705,0.00650175437171
20080706,0.0208493601872
20080707,0.066689157639
20080708,0.0828918098537
20080709,0.422658603649
20080710,0.00801309793107
20080711,1.00908221497e-05
20080712,0.0
20080713,0.0458449002846
20080714,0.00080998045206
20080715,0.0
20080716,0.128891267665
20080717,0.0113289753491
20080718,0.000159924802425
20080719,0.0
20080720,0.0
20080721,0.0129688525982
20080722,0.0179208966991
20080723,0.000349562632603
20080724,0.0212326892319
20080725,0.000375124300486
20080726,0.0
20080727,0.0
20080728,0.0
20080729,0.0
20080730,0.0
20080731,0.0
20080801,0.0
20080802,0.0
20080803,0.0
20080804,0.0029605532984
20080805,5.23065860558e-05
20080806,0.0
20080807,0.00295214142621
20080808,0.142759062939
20080809,0.00268201300063
20080810,2.83903759749e-06
20080811,0.00201762879224
20080812,3.56471513112e-05
20080813,0.0
20080814,0.0
20080815,0.0
20080816,0.0
20080817,0.0
20080818,0.0
20080819,0.00906292258379
20080820,0.00537463447437
20080821,9.2129197817e-05
20080822,0.0
20080823,0.0
20080824,0.0
20080825,0.0
20080826,0.0
20080827,0.0
20080828,0.0
20080829,0.0013866148301
20080830,0.0038284115341
20080831,0.0671815995988
20080901,0.0910058416791
20080902,0.012948591314
20080903,0.000200736117742
20080904,0.0
20080905,0.0
20080906,0.0
20080907,0.0
20080908,0.0
20080909,0.0
20080910,0.0
20080911,0.0
20080912,0.0
20080913,0.0
20080914,0.0
20080915,0.0
20080916,0.0
20080917,0.0
20080918,0.0
20080919,0.0
20080920,0.0
20080921,0.0
20080922,0.0
20080923,0.0
20080924,0.0
20080925,0.0259530588496
20080926,0.00966094779278
20080927,0.05624416844
20080928,0.00113715781155
20080929,2.58510891952e-06
20080930,0.0282088357107
20081001,0.21359223443
20081002,0.0285385867261
20081003,0.00672532391686
20081004,0.000111088804213
20081005,0.0178202846147
20081006,0.0226262407538
20081007,0.000609782616107
20081008,0.00104337379137
20081009,1.83668693569e-05
20081010,0.0396464215376
20081011,0.00690302673605
20081012,0.00105853617041
20081013,0.0143902285072
20081014,0.0164378591516
20081015,0.00656415672906
20081016,0.175477235423
20081017,0.519913888784
20081018,0.203973760571
20081019,1.66741472599
20081020,0.907317407563
20081021,1.1149946656
20081022,0.0647646731865
20081023,0.178113357885
20081024,1.79780956453
20081025,1.11906498669
20081026,0.282500551682
20081027,0.136541582419
20081028,0.168139204385
20081029,0.13864579878
20081030,0.340437928156
20081031,0.569452797478
20081101,0.30424300438
20081102,0.773210573961
20081103,0.214861947244
20081104,0.368140123325
20081105,2.94391187599
20081106,1.77905863572
20081107,1.90301095436
20081108,4.64819399773
20081109,6.9453119092
20081110,5.29370672057
20081111,2.34873933288
20081112,6.58948479303
20081113,1.04238745036
20081114,0.36254846693
20081115,3.01738614603
20081116,2.4316207941
20081117,4.29398737602
20081118,1.01913179842
20081119,1.98640181409
20081120,0.35731507022
20081121,0.820204301194
20081122,1.16725222183
20081123,1.5530334957
20081124,0.529850463975
20081125,1.3776799037
20081126,0.662552355851
20081127,7.54839756122
20081128,3.19829532233
20081129,3.57265471696
20081130,0.943475493634
20081201,1.44491791007
20081202,1.10195502071
20081203,3.88366526722
20081204,2.5846347857
20081205,2.934541052
20081206,9.23047618874
20081207,2.84597675993
20081208,1.12182710464
20081209,0.709748165236
20081210,0.497986891226
20081211,4.50011080733
20081212,2.70495719971
20081213,3.75210623942
20081214,2.28591957501
20081215,4.25021830134
20081216,3.37804941802
20081217,0.621609181693
20081218,0.325312167372
20081219,2.76400235422
20081220,0.846663023002
20081221,0.430067204012
20081222,1.94699272107
20081223,2.81273331774
20081224,1.05741313762
20081225,2.40582464287
20081226,0.25020453173
20081227,1.44794548486
20081228,1.23186337254
20081229,0.204351565468
20081230,0.0111590910684
20081231,0.00658534204788
20090101,0.718893034362
20090102,2.16934962854
20090103,3.45058551113
20090104,1.37722579311
20090105,0.840045534394
20090106,0.810953701961
20090107,1.24914014269
20090108,2.48179816079
20090109,3.07554110618
20090110,4.40720930097
20090111,2.32900422764
20090112,0.877218062893
20090113,1.4786566875
20090114,0.510272659202
20090115,0.188010931974
20090116,1.13799587073
20090117,3.24130344605
20090118,1.56805162502
20090119,3.26211340665
20090120,0.662197149927
20090121,1.60126585325
20090122,0.665144166377
20090123,0.455385949179
20090124,3.40769048994
20090125,2.27451214964
20090126,4.95681393496
20090127,4.50930163963
20090128,0.0
20090130,0.0
20090131,0.0
20090201,0.0
20090202,0.0
20090204,0.0
20090205,0.0
20090206,0.0
20090207,0.0
20090210,0.0
20090211,0.0
20090212,0.0
20090213,0.0
20090214,0.0
20090215,0.0
20090217,0.0
20090218,0.0
20090219,0.0
20090220,0.0
20090222,0.0
20090223,0.0
20090226,0.0
20090227,0.0
20090228,0.0
20090302,0.0
20090303,0.0
20090304,0.0
20090305,0.0
20090306,0.0
20090307,0.0
20090308,0.0
20090310,0.0
20090311,0.0
20090312,4.84053175682
20090313,1.03179619351
20090314,1.10244108102
20090315,0.91343625686
20090316,1.64465556827
20090317,0.224775495165
20090318,0.343555477677
20090319,0.904616395556
20090320,0.488989048462
20090321,0.223375700992
20090322,1.82461071933
20090323,0.0330028943248
20090324,1.47186269677e-05
20090325,3.98458046033e-05
20090326,7.03989493512e-07
20090327,0.00105262852711
20090328,0.00122093599306
20090329,0.00484972848813
20090330,0.000140089918035
20090331,0.772512690145
20090401,1.44812922745
20090402,0.217328994056
20090403,0.218937573564
20090404,0.250280908193
20090405,0.034681579618
20090406,0.0774367044362
20090407,0.0201032633297
20090408,0.0275994398456
20090409,0.00104045889343
20090410,0.00282491770641
20090411,4.9735814837e-05
20090412,0.0
20090413,0.0
20090414,0.00849698785831
20090415,0.310623808159
20090416,0.011849182511
20090417,0.000112434309126
20090418,0.0
20090419,0.0249023085104
20090420,0.000439970100818
20090421,0.0
20090422,0.000945530103802
20090423,1.01420953233
20090424,1.0458032562
20090425,0.0928217588504
20090426,0.478681940729
20090427,0.00875207604792
20090428,0.00297741044957
20090429,0.184593238649
20090430,0.380400952587
20090501,0.103738948712
20090502,2.02896955043
20090503,4.12991559317
20090504,2.03857087065
20090505,0.0451616079873
20090506,0.0231544686126
20090507,0.993378726493
20090508,1.07141283638
20090509,0.084621131416
20090510,0.0257524038848
20090511,1.10982188294
20090512,0.215465617684
20090513,0.0637416254554
20090514,0.215799513541
20090515,0.0622489528788
20090516,0.139026398589
20090517,0.0905352540819
20090518,0.00748180372993
20090519,0.0523082131186
20090520,1.74111209925
20090521,0.0337334605588
20090522,0.000651314966786
20090523,1.0574600113e-05
20090524,0.0384910520697
20090525,0.00876257695137
20090526,0.000142800746687
20090527,0.0
20090528,0.0121410091781
20090529,0.000214505480713
20090530,0.0
20090531,0.0
20090601,0.0
20090602,0.0
20090603,0.0
20090604,0.00285064270607
20090605,0.0104224995718
20090606,0.110072440971
20090607,0.00194150507019
20090608,0.0205684328785
20090609,10.9607821495
20090610,7.4686162599
20090611,0.339197426824
20090612,0.00372198604771
20090613,7.2405915038e-05
20090614,0.117627534823
20090615,0.00207820234082
20090616,0.186473913462
20090617,0.479018615575
20090618,0.416153144635
20090619,0.0403364911031
20090620,0.0231387980341
20090621,0.0379975674886
20090622,0.0717671028203
20090623,0.160351038626
20090624,0.136290253506
20090625,0.00235829311152
20090626,0.0168503829988
20090627,0.00768659125113
20090628,0.0224838069087
20090629,0.107833678367
20090630,0.0284040414311
20090701,0.0264552573445
20090702,0.0173115570127
20090703,0.0074742075495
20090704,0.0166382612103
20090705,0.0751313707044
20090706,0.0930174632489
20090707,0.0190909664548
20090708,0.0326475510859
20090709,0.00624740008133
20090710,0.00688561550517
20090711,0.000119882176579
20090712,0.0
20090713,0.00112534138011
20090714,0.0141840041049
20090715,0.0056119483175
20090716,0.00742162409169
20090717,0.0091719846961
20090718,0.0140383145494
20090719,0.000680225032375
20090720,7.685880895e-06
20090721,0.00181827942829
20090722,0.00563755578305
20090723,0.0960527997234
20090724,0.0603620683307
20090725,0.022901451688
20090726,0.0541999887927
20090727,0.0445307969627
20090728,0.0251590353162
20090729,0.136965632205
20090730,0.0547409497274
20090731,0.0483105916559
20090801,0.655589748969
20090802,0.315246192483
20090803,0.611387294705
20090804,0.0181725120534
20090805,0.000131897702902
20090806,0.0
20090807,0.0
20090808,0.0
20090809,0.0
20090810,0.00673215204488
20090811,0.000118942618691
20090812,0.0
20090813,0.00511295050008
20090814,0.00327059586109
20090815,5.6188360283e-05
20090816,0.0
20090817,0.0
20090818,0.0
20090819,0.0472585470571
20090820,0.00925039162819
20090821,0.0278004354374
20090822,0.0439829999217
20090823,0.000768453225853
20090824,0.0
20090825,0.0
20090826,0.0
20090827,0.244292628602
20090828,0.00431612398812
20090829,0.0
20090830,0.0
20090831,0.0
20090901,0.0
20090902,0.0
20090903,0.0
20090904,0.0
20090905,0.0
20090906,0.0
20090907,0.0
20090908,0.0
20090909,0.0
20090910,0.000448007517947
20090911,0.217066015043
20090912,0.302740873889
20090913,0.2327975792
20090914,0.207183142992
20090915,0.0109499700067
20090916,0.0360514450419
20090917,0.0104602053621
20090918,0.00389968955922
20090919,6.58320286811e-05
20090920,0.168513818339
20090921,0.317826409989
20090922,0.391703952737
20090923,0.196035110403
20090924,1.39705611269
20090925,1.70937242633
20090926,0.810697566199
20090927,0.11140104
20090928,0.68435288732
20090929,1.38832388523
20090930,1.20079580656
20091001,1.35432075029
20091002,0.809919369188
20091003,13.3855682536
20091004,1.63462745317
20091005,0.0340688852906
20091006,0.00974980609332
20091007,0.600621109612
20091008,0.341797988431
20091009,0.220073557594
20091010,1.06017341869
20091011,1.20545680584
20091012,1.73122960046
20091013,0.309801097412
20091014,0.998727606093
20091015,6.76254406749
20091016,4.61305024438
20091017,0.571345704485
20091018,0.339463698901
20091019,2.75781092578
20091020,0.374950193927
20091021,1.09293968679
20091022,0.502080405932
20091023,0.0968360423407
20091024,0.013090276329
20091025,0.00660220075243
20091026,0.293882449088
20091027,0.645927793438
20091028,2.60738385248
20091029,1.31929141118
20091030,0.358217817915
20091031,3.72001138394
20091101,1.16870404056
20091102,0.321688794614
20091103,1.41761446903
20091104,1.5567373576
20091105,0.969890822336
20091106,0.657963976335
20091107,0.744433279829
20091108,0.841794360656
20091109,0.0334131348832
20091110,0.181986061992
20091111,0.00621949419313
20091112,0.0813234979355
20091113,0.199975660496
20091114,0.421139038357
20091115,0.760510717103
20091116,0.990559637304
20091117,2.07212161848
20091118,2.87397126621
20091119,6.34825009696
20091120,1.08177700859
20091121,0.0649839652248
20091122,0.0464251625511
20091123,0.0225363655631
20091124,0.360759324639
20091125,0.200189549436
20091126,0.232547402084
20091127,1.13005936743
20091128,1.65501490605
20091129,2.06233978487
20091130,2.91642376074
20091201,2.05140104325
20091202,2.04284706764
20091203,1.80663818131
20091204,1.92782818068
20091205,0.0791435342494
20091206,4.18905378465
20091207,2.26444798411
20091208,1.55718194528
20091209,1.46513690554
20091210,1.12007526329
20091211,1.31374483873
20091212,0.559805226749
20091213,0.317472651702
20091214,0.40316925278
20091215,1.00206743608
20091216,0.393001829665
20091217,0.514789513553
20091218,0.474306062073
20091219,0.834066848665
20091220,5.84314048205
20091221,1.57228923383
20091222,0.37944578359
20091223,2.08253779201
20091224,2.77619458561
20091225,2.27837224638
20091226,3.71397450832
20091227,3.14047582338
20091228,7.33085972157
20091229,1.26446673694
20091230,9.99280853901
20091231,5.15178193634
20100101,2.65497485131
20100102,3.13020746521
20100103,5.4441314801
20100104,7.61493643734
20100105,0.75799143658
20100106,6.57592213006
20100107,1.01575805198
20100108,1.39589297487
20100109,2.80708679762
20100110,6.73011940256
20100111,1.01518950198
20100112,2.82008884837
20100113,2.45394498199
20100114,1.87811730459
20100115,0.682113563044
20100116,1.67723135167
20100117,4.46078047416
20100118,4.6459832268
20100119,1.30355404273
20100120,6.97618196361
20100121,6.75665034416
20100122,7.88878457442
20100123,2.5206274154
20100124,1.96356235154
20100125,1.52757960598
20100126,0.333642729368
20100127,0.446715405473
20100128,1.65716807993
20100129,0.942031069227
20100130,0.677616551741
20100131,0.0680352953168
20100201,0.0977507532126
20100202,0.205538974206
20100203,0.138452839634
20100204,0.418747723585
20100205,1.06638852086
20100206,0.590546780152
20100207,0.982716223868
20100208,1.61936641458
20100209,0.264974888279
20100210,0.198653039683
20100211,0.122047086004
20100212,0.342429134301
20100213,1.53832889744
20100214,0.187487961441
20100215,6.01763626479
20100216,2.22478555955
20100217,0.990810409327
20100218,0.880708164261
20100219,0.354407451626
20100220,0.239448159839
20100221,4.42696653533
20100222,1.65754724914
20100223,0.442442849456
20100224,1.46013169613
20100225,0.840558947376
20100226,3.41657583422
20100227,2.42278047603
20100228,0.672948463685
20100301,0.0194351659585
20100302,0.197693372261
20100303,0.824811206493
20100304,1.76833145753
20100305,1.28593191185
20100306,1.7475526452
20100307,0.168570770326
20100308,0.127622207827
20100309,0.430187438942
20100310,0.613863927779
20100311,0.39874929519
20100312,0.778151628592
20100313,0.261490311525
20100314,0.245973974601
20100315,6.09563294335
20100316,1.26946596282
20100317,3.22087592817
20100318,1.49328370909
20100319,1.04970410254
20100320,2.91889435146
20100321,0.42408171633
20100322,0.263327620424
20100323,0.319293590482
20100324,3.85998867811
20100325,1.83249027358
20100326,2.2138156413
20100327,4.67525824033
20100328,0.583077970104
20100329,3.14000908032
20100330,0.39584970912
20100331,0.638348219045
20100401,6.97987194841
20100402,1.38360374667
20100403,1.09718762797
20100404,1.03183957838
20100405,0.90483012156
20100406,1.44413301788
20100407,1.09192756051
20100408,0.825611376133
20100409,1.872900664
20100410,0.181791254844
20100411,0.018166566799
20100412,0.184856776586
20100413,0.0512004836101
20100414,0.0052475393723
20100415,0.0437720005119
20100416,0.0912578742925
20100417,0.0178216998338
20100418,0.140621012335
20100419,1.07149391724
20100420,1.30380844775
20100421,0.0227022251844
20100422,0.0384379245627
20100423,1.51952569529
20100424,0.957325848371
20100425,2.99701752363
20100426,1.13826768205
20100427,2.23332336387
20100428,0.0834347273724
20100429,1.04412015466
20100430,0.329612046064
20100501,0.00549785388306
20100502,0.301246959128
20100503,0.742650544831
20100504,0.0944064337089
20100505,0.016616356489
20100506,0.00922499703577
20100507,0.0242431212103
20100508,0.112689144184
20100509,0.00334786817166
20100510,0.349408475877
20100511,0.0141214367425
20100512,0.000140434066674
20100513,0.0
20100514,0.0141250792645
20100515,0.0235916236591
20100516,0.0210230543691
20100517,0.020327641234
20100518,0.00180461962554
20100519,2.5652068509e-05
20100520,0.0
20100521,0.26915197975
20100522,0.0209249806112
20100523,0.000285682779064
20100524,0.0
20100525,0.0
20100526,0.0
20100527,0.000171356829951
20100528,3.02750590853e-06
20100529,0.0472482972078
20100530,0.286803907274
20100531,0.16113169964
20100601,0.0688494030983
20100602,0.00116770000419
20100603,0.0
20100604,0.0
20100605,0.0
20100606,0.0
20100607,0.00587483282437
20100608,0.00193419459722
20100609,3.23391956362e-05
20100610,0.0
20100611,0.0
20100612,0.0
20100613,0.0066485928493
20100614,0.0159804090805
20100615,0.0133824340039
20100616,0.0497038782694
20100617,0.239933298866
20100618,0.260740685496
20100619,0.174022573363
20100620,0.0263446146229
20100621,0.00616849377654
20100622,0.0056349566712
20100623,0.0883949074537
20100624,0.0194873962998
20100625,0.100720423431
20100626,0.0430018834166
20100627,0.0266547270181
20100628,0.00436035587376
20100629,6.89451137724e-05
20100630,0.0
20100701,0.00532551853358
20100702,0.107785725986
20100703,0.0889637756015
20100704,0.0515110913491
20100705,0.112269828101
20100706,0.0194969238782
20100707,0.000309698850204
20100708,0.0
20100709,0.0131353718446
20100710,0.0342403130824
20100711,0.0443051793465
20100712,0.0441657753765
20100713,0.0504268831485
20100714,0.0801371178918
20100715,0.0188201322741
20100716,0.00704498863432
20100717,0.00990159032068
20100718,0.0920020594438
20100719,0.0396227428383
20100720,0.0334508966677
20100721,0.0395370949762
20100722,0.157383807011
20100723,0.0872631778063
20100724,0.0042852340528
20100725,0.0738144083349
20100726,0.550512989578
20100727,0.373184497907
20100728,0.0575939664629
20100729,0.174918062951
20100730,0.137935811338
20100731,0.0425712639893
20100801,0.00216098555852
20100802,2.56349856708e-05
20100803,0.00547037400037
20100804,0.00113285929813
20100805,0.00626613877475
20100806,0.000110385717965
20100807,0.0
20100808,0.0
20100809,0.0
20100810,0.0144651322483
20100811,0.118258834744
20100812,0.0935230958264
20100813,0.0653462367404
20100814,0.0436075551336
20100815,0.0736719095096
20100816,0.0156036702118
20100817,0.0103543374626
20100818,0.000178470254654
20100819,0.0145261929783
20100820,0.00594422063188
20100821,0.00512841753177
20100822,0.00431029901957
20100823,7.45842097654e-05
20100824,0.0620256385162
20100825,0.00109585929034
20100826,0.000733124181515
20100827,0.00154761748351
20100828,0.0209115754629
20100829,0.000368983448588
20100830,0.0
20100831,0.0
20100901,0.0
20100902,0.0
20100903,0.0
20100904,0.0
20100905,0.0
20100906,0.00232753733253
20100907,4.11225647993e-05
20100908,0.000212471760087
20100909,3.75391679289e-06
20100910,0.0965401049533
20100911,0.00180936901717
20100912,0.00416899418249
20100913,0.144332940554
20100914,0.00358558883919
20100915,0.00100632668444
20100916,0.11392038644
20100917,0.0103806036233
20100918,0.0978651123628
20100919,0.0174196499376
20100920,0.0861746219171
20100921,0.00548253276863
20100922,0.110378954001
20100923,0.122066794729
20100924,0.00212222385716
20100925,0.0
20100926,0.0059888508954
20100927,0.0164674789655
20100928,0.0112452457978
20100929,0.05022457492
20100930,0.0159324654224
20101001,0.0497185943092
20101002,0.108103823394
20101003,0.187288386845
20101004,0.417499340586
20101005,0.908508815913
20101006,0.015957872801
20101007,0.000464462621832
20101008,0.00213868896603
20101009,3.76412384562e-05
20101010,0.238239431337
20101011,0.0475628185585
20101012,0.187952774541
20101013,0.376011390908
20101014,3.87845902591
20101015,0.173792811162
20101016,0.00186192827336
20101017,0.104297559602
20101018,0.0216399215877
20101019,0.19279061201
20101020,0.189903366584
20101021,0.363714015936
20101022,1.26965166479
20101023,0.970943636036
20101024,0.456266649764
20101025,0.142777820932
20101026,0.160673159484
20101027,0.395973842827
20101028,1.04375936568
20101029,0.684506208496
20101030,1.59282557719
20101031,1.9144256401
20101101,4.42766616664
20101102,0.225682748608
20101103,0.904553589308
20101104,0.26874906487
20101105,0.0672992409864
20101106,0.130611703192
20101107,0.11960821667
20101108,1.49446090155
20101109,4.59541332691
20101110,0.263143731511
20101111,0.0219961902421
20101112,0.233308842223
20101113,1.41805777537
20101114,0.658847555713
20101115,1.71439536456
20101116,1.29550453696
20101117,6.9767329085
20101118,4.62075801363
20101119,1.83071882717
20101120,0.853062259999
20101121,3.16511209855
20101122,1.30989016268
20101123,3.97684596567
20101124,1.7192615183
20101125,4.77360749606
20101126,1.0617723965
20101127,2.16732688444
20101128,1.49769215203
20101129,4.55671142849
20101130,2.20257139265
20101201,0.86759334521
20101202,2.21177331632
20101203,4.00358308517
20101204,0.691490127437
20101205,2.99676765965
20101206,2.26772268033
20101207,1.58388718747
20101208,0.754790856503
20101209,0.650793871106
20101210,0.10549243618
20101211,0.0968135540092
20101212,0.883739398141
20101213,2.5360847999
20101214,6.81185050641
20101215,8.83956681456
20101216,1.2765262603
20101217,2.77078087268
20101218,0.692576143991
20101219,0.0260720068824
20101220,0.84316768118
20101221,0.283451221483
20101222,0.244924765516
20101223,2.03000269382
20101224,0.912938259988
20101225,0.991723615937
20101226,0.769439255286
20101227,0.777134342606
20101228,1.88558147435
20101229,0.600316064972
20101230,0.533191715211
20101231,1.50037270336
20110101,2.74632068491
20110102,7.69156806502
20110103,10.6169032411
20110104,0.752736368943
20110105,1.87694731466
20110106,1.28981775812
20110107,3.79047695845
20110108,5.65703287712
20110109,0.814443506015
20110110,0.268566969945
20110111,0.0985640232903
20110112,0.0746164289306
20110113,0.927031072645
20110114,7.40682563811
20110115,3.75096383108
20110116,2.73245192433
20110117,2.87085267527
20110118,6.60831622459
20110119,2.23836406511
20110120,4.34843574584
20110121,4.08690694483
20110122,1.29181606696
20110123,0.502037831642
20110124,4.07194364022
20110125,6.6426159546
20110126,1.59378137108
20110127,3.01381243926
20110128,2.11123435393
20110129,3.46528798784
20110130,0.330935215504
20110131,0.0258298010849
20110201,2.60839668257
20110202,0.262131282197
20110203,1.87859883976
20110204,3.47020518906
20110205,1.48937165959
20110206,0.151851921292
20110207,0.89522262923
20110208,0.867647125027
20110209,0.883375194545
20110210,1.99116404954
20110211,0.958473762683
20110212,1.39033685167
20110213,0.567581292791
20110214,0.998584449643
20110215,0.96753438307
20110216,0.0941447966887
20110217,0.584950244547
20110218,1.04819142292
20110219,1.91782366327
20110220,0.586740842604
20110221,3.10747071068
20110222,1.82840283844
20110223,0.614363081445
20110224,1.15771793008
20110225,4.46696003604
20110226,5.91652238176
20110227,1.79931314332
20110228,1.65953637585
20110301,0.605610339366
20110302,0.675025047622
20110303,1.49338915682
20110304,1.53144799978
20110305,6.02093778079
20110306,2.97742818486
20110307,1.77871161309
20110308,0.879006779547
20110309,1.66706759346
20110310,1.44523431039
20110311,1.18184257686
20110312,0.628165537833
20110313,1.14824954409
20110314,3.56755581826
20110315,3.90487579284
20110316,1.87328895805
20110317,0.730391083074
20110318,1.29597362909
20110319,0.40864752644
20110320,1.72472028175
20110321,1.73003570367
20110322,3.60985444834
20110323,1.98512764159
20110324,1.57955905246
20110325,1.26022327853
20110326,2.129752624
20110327,2.68418253016
20110328,1.73293785564
20110329,0.903818270864
20110330,0.0188765772834
20110331,0.00874257114708
20110401,0.0143233783315
20110402,0.851434659155
20110403,1.19193808496
20110404,3.41983926417
20110405,0.473560977202
20110406,1.08207015864
20110407,1.79387701322
20110408,0.535420776744
20110409,0.262226593735
20110410,0.0190833779235
20110411,0.000616189192056
20110412,0.0571874925525
20110413,0.0504441715822
20110414,0.0857132444823
20110415,0.255544087484
20110416,1.57849100794
20110417,0.997391583905
20110418,0.575030623213
20110419,1.86448945114
20110420,1.01798538784
20110421,1.94741227293
20110422,1.29808184096
20110423,1.39761396252
20110424,0.60007612195
20110425,0.210322223332
20110426,4.09995290975
20110427,1.47398478287
20110428,0.606013797749
20110429,4.17581420112
20110430,0.246723458429
20110501,0.0453230020969
20110502,0.0150710933675
20110503,0.230649994388
20110504,0.00407061678414
20110505,0.00037178527115
20110506,6.5686451025e-06
20110507,0.0123743761292
20110508,0.331448833667
20110509,0.0058521238237
20110510,0.0299717906955
20110511,0.000577208961014
20110512,8.42262022089e-07
20110513,0.00268750439499
20110514,0.0307845704324
20110515,0.000543058132383
20110516,0.00816022473943
20110517,0.187815515649
20110518,2.20224981496
20110519,1.1257413417
20110520,0.0303279607687
20110521,0.000477618401219
20110522,4.96580731195e-06
20110523,0.000704463561159
20110524,1.2446358963e-05
20110525,0.0
20110526,0.0
20110527,0.0116498087724
20110528,0.000205827005333
20110529,0.0
20110530,0.0
20110531,0.000700222399518
20110601,0.000528235222493
20110602,0.0292640411344
20110603,0.0622347802335
20110604,0.0645059610687
20110605,0.00263284319265
20110606,0.00478372621663
20110607,0.036874245267
20110608,0.00687157146109
20110609,0.317470461302
20110610,0.215933168786
20110611,0.0537309195791
20110612,0.00864812456642
20110613,0.000137181424639
20110614,0.0
20110615,0.0
20110616,0.00229076806304
20110617,0.00754203461808
20110618,0.00728225090213
20110619,0.005803146675
20110620,0.000100297288164
20110621,0.000443841218178
20110622,0.000634276919186
20110623,1.10677594522e-05
20110624,0.000453918615349
20110625,0.064630000026
20110626,0.119493421282
20110627,0.455863616515
20110628,0.348229122989
20110629,0.198061649326
20110630,0.0131250473237
20110701,0.0523705134346
20110702,0.0433107866383
20110703,0.0140439679916
20110704,0.135557271058
20110705,0.110481542659
20110706,0.133623939425
20110707,0.180306489521
20110708,0.00314451202479
20110709,0.0
20110710,0.0
20110711,0.0
20110712,0.0
20110713,0.0
20110714,0.00779548985574
20110715,0.00676493160709
20110716,0.000936725695127
20110717,0.00078595210717
20110718,1.36302256152e-05
20110719,0.0793669085379
20110720,0.11476948826
20110721,0.0473884938744
20110722,0.0268429764957
20110723,0.0137953810613
20110724,0.00626758990952
20110725,0.000106572156435
20110726,0.000829113802298
20110727,0.00635329777835
20110728,0.000111990270363
20110729,0.0177442296384
20110730,0.459395264791
20110731,0.112657632453
20110801,0.0487025286026
20110802,0.000827834146282
20110803,0.000170696758645
20110804,3.01584515181e-06
20110805,0.0
20110806,0.000104038610233
20110807,3.9160409561e-05
20110808,0.0012900074118
20110809,0.0379171258631
20110810,0.00318189748325
20110811,0.00215187156456
20110812,8.62445480682e-05
20110813,8.65898240521e-07
20110814,0.0
20110815,0.0118327822643
20110816,0.156392716023
20110817,0.0759687676268
20110818,0.00129345121771
20110819,0.0
20110820,0.000568161336232
20110821,1.00381864573e-05
20110822,0.0
20110823,0.0286442984088
20110824,0.132837875461
20110825,0.313415903135
20110826,0.00704578678116
20110827,2.73800533461e-05
20110828,0.0
20110829,0.0
20110830,0.0
20110831,0.0
20110901,0.0
20110902,0.0
20110903,0.0844941123059
20110904,0.122920400062
20110905,0.00214536346587
20110906,0.0
20110907,0.0
20110908,0.0
20110909,0.0
20110910,0.0
20110911,0.0
20110912,0.0
20110913,0.0
20110914,0.0
20110915,0.0
20110916,0.00112251407581
20110917,1.98324071811e-05
20110918,0.0
20110919,0.0
20110920,0.12052241236
20110921,0.00212937124129
20110922,0.0
20110923,0.00791166053926
20110924,0.0170791580881
20110925,0.938131993366
20110926,0.148280839023
20110927,0.408954089601
20110928,0.190724099465
20110929,0.013910525097
20110930,0.0127646756906
20111001,0.182834192542
20111002,0.462712129815
20111003,0.280299809783
20111004,0.0314885904127
20111005,0.00117969951155
20111006,0.0083972488341
20111007,0.00393045451907
20111008,0.0241618898445
20111009,0.00702987506953
20111010,0.0010767348725
20111011,1.69620764545e-05
20111012,0.0
20111013,0.0
20111014,0.0
20111015,0.0
20111016,0.0
20111017,0.0
20111018,0.0243766406549
20111019,0.766257493984
20111020,0.0551222793876
20111021,0.0563653769315
20111022,0.00910664260565
20111023,0.252783960537
20111024,0.683766903966
20111025,1.41678021038
20111026,0.79603766017
20111027,2.0917948357
20111028,1.34095522596
20111029,0.850334891589
20111030,0.981090886313
20111031,0.303142077788
20111101,0.617837874014
20111102,0.0586238105928
20111103,0.572414292863
20111104,0.471396712202
20111105,0.795100967743
20111106,0.815117572176
20111107,0.0881177466324
20111108,0.308042124872
20111109,0.0576319587266
20111110,0.118731495022
20111111,0.0591803128322
20111112,0.308121681876
20111113,0.0767006288142
20111114,0.699755437376
20111115,0.497630506931
20111116,1.43469040522
20111117,1.80428258186
20111118,0.965500047934
20111119,1.17777640818
20111120,2.71281232156
20111121,1.79626927477
20111122,1.44935579387
20111123,3.51757625808
20111124,2.86838877527
20111125,0.731301846494
20111126,0.0870690794464
20111127,0.595726325469
20111128,0.437143253502
20111129,1.11397985575
20111130,4.41872140706
20111201,3.67145530038
20111202,3.09042433848
20111203,1.48367393465
20111204,1.48995469418
20111205,2.48738798529
20111206,0.984568357483
20111207,0.787688962613
20111208,4.78773700393
20111209,10.5857101794
20111210,2.3626177425
20111211,3.59966308421
20111212,1.22218051858
20111213,0.309892981779
20111214,3.47427662216
20111215,0.500548916574
20111216,0.22286274952
20111217,0.344171403535
20111218,0.225411557955
20111219,1.48503787732
20111220,2.90064466701
20111221,4.63415304699
20111222,1.10110326418
20111223,2.68109630399
20111224,2.37646263172
20111225,1.06361768682
20111226,0.166179412023
20111227,0.689653287187
20111228,2.77644898121
20111229,2.62607370039
20111230,1.12553263941
20111231,0.712048685887
20120101,0.257695028451
20120102,0.500871223184
20120103,0.10191690548
20120104,0.0465205220926
20120105,0.131429359735
20120106,0.462845859759
20120107,0.859830505421
20120108,1.18564061004
20120109,0.365084639482
20120110,0.319039773239
20120111,1.81388344828
20120112,1.92922988949
20120113,2.67574371547
20120114,0.744504164853
20120115,2.2443510017
20120116,4.10774100777
20120117,4.13392833272
20120118,4.42869362347
20120119,0.407940581664
20120120,2.53501700653
20120121,4.96238629813
20120122,1.67984121892
20120123,2.85221550543
20120124,2.96311775643
20120125,1.07135909823
20120126,1.52050089023
20120127,0.87729711508
20120128,2.98581564191
20120129,1.41448472974
20120130,1.52311205728
20120131,4.3273936418
20120201,1.22706417298
20120202,1.70496903865
20120203,1.51226409778
20120204,2.6347697073
20120205,3.57480029913
20120206,3.6477270794
20120207,4.21210693471
20120208,1.18079574316
20120209,1.81504660018
20120210,1.48203723782
20120211,3.64297457107
20120212,2.95258535495
20120213,1.67513176768
20120214,1.77026877689
20120215,3.24462809178
20120216,2.79711719952
20120217,0.881680196008
20120218,6.65500440179
20120219,1.53544540364
20120220,1.50385256865
20120221,1.24166658144
20120222,0.946675805609
20120223,1.38701614207
20120224,3.9128069657
20120225,1.90195304726
20120226,0.810542441296
20120227,1.31693993831
20120228,0.359851844236
20120229,0.755650984476
20120301,1.77795268008
20120302,3.01071912038
20120303,0.61440440388
20120304,1.01240034958
20120305,0.480652292463
20120306,2.88515653457
20120307,0.4620556951
20120308,0.947101409038
20120309,0.534975661329
20120310,0.771217043085
20120311,0.604073821022
20120312,1.91311371243
20120313,1.14383625821
20120314,1.86443569965
20120315,1.73792854966
20120316,0.470164138265
20120317,0.271842210393
20120318,0.00513999594781
20120319,0.0893494104059
