20010102,0.458750099858
20010103,0.072755149295
20010104,3.82468474619
20010105,1.36057735378
20010106,0.47679176898
20010107,1.39728522492
20010108,10.4183160412
20010109,3.53440500616
20010110,0.520626655766
20010111,3.32067670164
20010112,3.91213642228
20010113,8.3769030109
20010114,0.896238845714
20010115,1.8809011353
20010116,4.92064981689
20010117,5.67933634718
20010118,6.74093737567
20010119,4.5392462187
20010120,5.50781572507
20010121,1.14518418216
20010122,2.62991326731
20010123,2.30065094119
20010124,1.62353865864
20010125,0.598489442396
20010126,2.9565445404
20010127,2.41343403429
20010128,2.02731360943
20010129,0.510075344308
20010130,0.204185476635
20010131,0.401445018345
20010201,4.76151912892
20010202,2.28149105768
20010203,0.264615355424
20010204,1.10143515978
20010205,9.0755538063
20010206,2.69157967977
20010207,4.62274438565
20010208,8.48495063452
20010209,1.3066502311
20010210,0.427491178066
20010211,6.12835223834
20010212,3.06586780505
20010213,0.245594135497
20010214,0.329949487516
20010215,0.148142349123
20010216,0.191917472278
20010217,0.381830239727
20010218,0.234244981664
20010219,3.25721330162
20010220,0.0579274471883
20010221,0.409579664399
20010222,1.25543452235
20010223,0.287461787905
20010224,0.399636310698
20010225,0.262074683173
20010226,1.17738365949
20010227,0.66504590933
20010228,2.70697868361
20010301,0.191307086134
20010302,0.368579074071
20010303,5.86815771454
20010304,2.90740686538
20010305,4.1834063682
20010306,3.09699374757
20010307,1.05232167227
20010308,1.20174592411
20010309,6.5108379543
20010310,1.01012306284
20010311,2.46752441146
20010312,4.29400628052
20010313,0.137464055524
20010314,0.563081485535
20010315,0.746039811867
20010316,0.39149912986
20010317,0.844132552208
20010318,0.315040568665
20010319,0.148079725848
20010320,0.455706255794
20010321,1.52837019702
20010322,0.3164087916
20010323,1.32286096662
20010324,5.88309223942
20010325,1.60429089149
20010326,0.421152687352
20010327,1.17984339897
20010328,1.29056971339
20010329,2.75435084291
20010330,0.244884862796
20010331,1.31958295824
20010401,4.27826483493
20010402,0.775108175694
20010403,0.0725028052008
20010404,0.0604115335989
20010405,0.478086828292
20010406,0.317107581312
20010407,0.0145063032785
20010408,0.00299539194693
20010409,5.00963232447e-05
20010410,0.0
20010411,0.0
20010412,0.00129855694944
20010413,0.162455614024
20010414,0.0134185474851
20010415,0.000186373024125
20010416,1.71715060868
20010417,0.272711914105
20010418,0.726016214583
20010419,0.0182727392759
20010420,0.0331926008053
20010421,0.0116952601479
20010422,0.00168790181563
20010423,4.30447960387e-05
20010424,0.00156982328797
20010425,0.000177659402528
20010426,2.64892757807e-06
20010427,0.0
20010428,1.81245574769e-06
20010429,3.20221818353e-08
20010430,0.0
20010501,0.0
20010502,0.0
20010503,0.0
20010504,0.0
20010505,0.0
20010506,0.0
20010507,0.0
20010508,0.0
20010509,0.0
20010510,0.0
20010511,0.0
20010512,0.0
20010513,0.0
20010514,0.0
20010515,0.191530188831
20010516,0.00338392613696
20010517,0.000940901836872
20010518,1.6623711521e-05
20010519,0.0
20010520,0.0
20010521,0.0101720358807
20010522,0.289378123136
20010523,1.98824517048
20010524,0.132766595234
20010525,0.00416730908329
20010526,4.31210372439e-05
20010527,0.0
20010528,0.0
20010529,0.0
20010530,0.0
20010531,0.0
20010601,0.0
20010602,0.0
20010603,0.0
20010604,0.0
20010605,0.0
20010606,0.000188668321523
20010607,3.33336256739e-06
20010608,0.0
20010609,0.0
20010610,0.0
20010611,0.0
20010612,0.0
20010613,0.0
20010614,0.0
20010615,0.0
20010616,0.0
20010617,0.0
20010618,0.0
20010619,0.0
20010620,0.0
20010621,0.0
20010622,0.0
20010623,0.0
20010624,0.00070432033526
20010625,1.24438208676e-05
20010626,0.0
20010627,0.0
20010628,0.0
20010629,0.0
20010630,0.0
20010701,0.0
20010702,0.0
20010703,0.0
20010704,0.0
20010705,0.0
20010706,0.0
20010707,0.0
20010708,0.00232260899406
20010709,4.10354885668e-05
20010710,0.0
20010711,0.0
20010712,0.0
20010713,0.0
20010714,0.0
20010715,0.0990129773371
20010716,0.00174934594188
20010717,0.0
20010718,0.0
20010719,0.0
20010720,0.0
20010721,0.0
20010722,0.0
20010723,0.0
20010724,0.0
20010725,0.0
20010726,0.0337863885563
20010727,0.000596932577195
20010728,0.0
20010729,0.0
20010730,0.132050499075
20010731,0.829981827393
20010801,0.462487532743
20010802,0.0188349496414
20010803,0.0185859997528
20010804,0.000324965156071
20010805,0.0
20010806,0.0
20010807,0.0
20010808,0.0
20010809,0.0
20010810,0.0
20010811,0.0
20010812,0.0
20010813,0.0033652386217
20010814,5.94564959257e-05
20010815,0.0
20010816,0.0
20010817,0.0
20010818,0.0
20010819,0.0
20010820,0.0
20010821,0.0
20010822,0.0
20010823,0.0
20010824,0.0
20010825,0.0
20010826,0.0
20010827,0.0
20010828,0.0
20010829,0.0
20010830,0.856828699512
20010831,0.0151383138898
20010901,0.0
20010902,0.0
20010903,0.0
20010904,0.0
20010905,0.00783813322572
20010906,0.000138482937616
20010907,0.0
20010908,0.0
20010909,0.0
20010910,0.0
20010911,0.0
20010912,0.0
20010913,0.0
20010914,0.0
20010915,0.0348573920751
20010916,0.119087838436
20010917,0.002093144679
20010918,0.0
20010919,0.0
20010920,0.0
20010921,0.0
20010922,0.0
20010923,0.0
20010924,0.0
20010925,0.0
20010926,0.0
20010927,0.0
20010928,0.0
20010929,0.0
20010930,0.0
20011001,0.0
20011002,0.0
20011003,0.0
20011004,0.134780423085
20011005,1.30993871288
20011006,0.0245513157654
20011007,0.00580970300886
20011008,0.000102192403327
20011009,0.0118766402108
20011010,0.00761127601052
20011011,0.0407490500431
20011012,0.0201394223122
20011013,0.000343141025961
20011014,0.0133681110468
20011015,0.130723373402
20011016,0.00380068562499
20011017,2.64179979939e-05
20011018,0.0
20011019,0.0
20011020,0.0
20011021,0.0534742092439
20011022,0.000944774095928
20011023,0.0
20011024,0.0
20011025,0.0071732989036
20011026,0.0213485197973
20011027,0.000374943147743
20011028,0.0
20011029,0.0
20011030,0.0
20011031,0.0913067199874
20011101,0.00923721682673
20011102,0.3792447862
20011103,2.3713433087
20011104,0.0697009139673
20011105,0.000493334408911
20011106,0.0
20011107,0.00826503666643
20011108,0.000146025354978
20011109,0.0026599652506
20011110,0.00155237232423
20011111,2.65967642241e-05
20011112,0.0
20011113,0.0
20011114,0.134154396296
20011115,0.268274028108
20011116,0.0329162563608
20011117,0.582728073257
20011118,0.414372344174
20011119,0.45960624836
20011120,0.00799411513689
20011121,0.0667533933846
20011122,0.0234049575781
20011123,0.0662748015809
20011124,0.0623318072006
20011125,0.00108070331478
20011126,0.0688222434235
20011127,0.00121594071293
20011128,0.0
20011129,0.0
20011130,0.186499819095
20011201,0.010947140642
20011202,0.000135195979328
20011203,0.0
20011204,0.218563297589
20011205,1.26314321587
20011206,0.0902536244328
20011207,0.00120149875498
20011208,0.0144522147526
20011209,0.207232771168
20011210,0.531572729524
20011211,0.645879332545
20011212,0.410857168535
20011213,0.0115578538914
20011214,0.00341323157
20011215,0.029715953708
20011216,0.000603184850524
20011217,3.1544804772e-06
20011218,0.191950318032
20011219,0.348887253
20011220,0.237011445781
20011221,0.882685193907
20011222,0.521200281009
20011223,6.37516946183
20011224,1.50454681196
20011225,5.42930448156
20011226,0.830908068665
20011227,4.82004472817
20011228,2.7793346583
20011229,1.95622404472
20011230,2.48098725189
20011231,3.50543366558
20020101,4.11608150763
20020102,5.44805452942
20020103,9.7308211843
20020104,2.1003218792
20020105,0.654975525226
20020106,1.59033616713
20020107,1.78270019107
20020108,0.0595832183408
20020109,1.41436485623
20020110,8.14274929188
20020111,0.328558525308
20020112,0.167952097269
20020113,0.565182521055
20020114,2.32128429372
20020115,3.2517900396
20020116,2.31468155673
20020117,3.64202683963
20020118,1.19363772596
20020119,5.13699255806
20020120,1.83690672748
20020121,2.03262598985
20020122,0.862140663907
20020123,18.8003095528
20020124,1.3665478335
20020125,2.55405168038
20020126,0.606206356228
20020127,0.798922355748
20020128,1.7419648265
20020129,1.51957674557
20020130,1.92328599734
20020131,8.79136578772
20020201,1.97318759822
20020202,0.484279620997
20020203,0.188917061481
20020204,0.715933184939
20020205,0.061947025508
20020206,0.910184442993
20020207,0.102934975644
20020208,1.13241203946
20020209,1.94093793832
20020210,2.56806365054
20020211,6.72751645296
20020212,0.256431487505
20020213,12.3625490667
20020214,1.95742215921
20020215,1.2686877634
20020216,0.357672881333
20020217,5.42553601847
20020218,2.29569423552
20020219,2.31922220826
20020220,1.90786257231
20020221,0.893183873352
20020222,0.29876005659
20020223,1.38863174754
20020224,0.323640116959
20020225,0.834624658099
20020226,0.26581070962
20020227,0.963877184457
20020228,1.28957580817
20020301,0.46929769091
20020302,0.0753230078253
20020303,0.188235183753
20020304,0.108565133015
20020305,0.128150131362
20020306,0.152464839976
20020307,2.56847804459
20020308,1.95714929768
20020309,3.59823637292
20020310,0.483253329231
20020311,0.858699489543
20020312,0.412076312769
20020313,0.046423357648
20020314,0.00945129917848
20020315,0.109785037286
20020316,2.90621598215
20020317,1.01463576503
20020318,0.277858557139
20020319,0.295481950775
20020320,1.12374718621
20020321,1.85149903242
20020322,2.29846693635
20020323,1.54913172803
20020324,2.22980496079
20020325,1.47234695687
20020326,4.78004402776
20020327,0.369577646797
20020328,0.0570965176273
20020329,0.365031733287
20020330,0.69843024267
20020331,1.76334587088
20020401,1.00085003807
20020402,0.917109319519
20020403,1.62486052911
20020404,1.01199171348
20020405,1.57963664378
20020406,0.64688639136
20020407,0.323151135294
20020408,2.28849489741
20020409,0.510265074744
20020410,0.403722657105
20020411,0.00847805458637
20020412,0.188716143126
20020413,0.438537894503
20020414,0.0364203578777
20020415,0.00717801987664
20020416,0.0348165206382
20020417,0.303965577388
20020418,1.60275836485
20020419,0.0497841385584
20020420,0.000382441691131
20020421,0.00051103256874
20020422,9.02837767551e-06
20020423,0.0
20020424,0.0
20020425,0.0
20020426,0.0
20020427,0.00169947946553
20020428,0.00678586012611
20020429,0.000119361046233
20020430,5.42136746834e-07
20020501,9.57838501428e-09
20020502,0.0
20020503,0.0
20020504,0.0
20020505,0.0
20020506,0.0
20020507,0.0
20020508,0.0
20020509,0.0
20020510,0.0
20020511,0.0
20020512,0.0
20020513,0.0
20020514,0.0
20020515,0.0
20020516,0.0
20020517,0.0
20020518,0.0
20020519,0.0
20020520,0.0
20020521,0.000231834600469
20020522,4.0960173634e-06
20020523,0.0
20020524,0.0
20020525,0.0
20020526,0.0
20020527,0.0
20020528,0.0142558940122
20020529,0.000607934775339
20020530,6.29088047859e-06
20020531,0.0
20020601,0.0
20020602,0.0
20020603,0.0
20020604,0.000564260811763
20020605,9.96927163579e-06
20020606,0.0527681531747
20020607,0.000932299495602
20020608,0.0
20020609,0.0
20020610,0.0
20020611,0.0681796265806
20020612,0.279105246842
20020613,0.00490990501973
20020614,0.0
20020615,0.0
20020616,0.0
20020617,0.0
20020618,0.0
20020619,0.0
20020620,0.0
20020621,0.222791898949
20020622,0.00408371213873
20020623,2.60529563277e-06
20020624,0.0
20020625,0.0
20020626,0.0
20020627,0.0
20020628,0.0
20020629,0.0
20020630,0.0
20020701,0.12831346708
20020702,0.00226702230107
20020703,0.00114412169285
20020704,2.02141694627e-05
20020705,0.0
20020706,0.0
20020707,0.0
20020708,0.0
20020709,0.0
20020710,0.0
20020711,0.0
20020712,0.0
20020713,0.0
20020714,0.0
20020715,0.0
20020716,0.0
20020717,0.0
20020718,0.0
20020719,0.0
20020720,0.0
20020721,0.0
20020722,0.0
20020723,0.0
20020724,0.0
20020725,0.0
20020726,0.0
20020727,8.80594841927e-08
20020728,1.55582094206e-09
20020729,0.0
20020730,0.0
20020731,0.0
20020801,0.0
20020802,3.389347716e-05
20020803,5.98824659033e-07
20020804,0.0
20020805,0.0
20020806,0.0
20020807,0.0
20020808,0.0
20020809,0.0454262834889
20020810,0.00459986176408
20020811,6.70896972446e-05
20020812,0.0
20020813,0.0
20020814,0.0
20020815,0.0
20020816,0.0
20020817,0.0
20020818,0.0
20020819,0.0
20020820,0.0
20020821,0.0
20020822,0.0
20020823,0.0
20020824,0.0
20020825,0.00392253663567
20020826,6.93027587259e-05
20020827,0.0
20020828,0.0
20020829,0.0
20020830,0.0
20020831,0.0
20020901,0.0
20020902,0.0
20020903,0.0
20020904,0.0
20020905,0.0
20020906,0.0
20020907,0.138481370379
20020908,0.0605039785244
20020909,0.00102574746708
20020910,0.0
20020911,0.0
20020912,0.00140957312712
20020913,2.49041058994e-05
20020914,0.119342729798
20020915,0.0182104190673
20020916,0.0674150085241
20020917,0.0143479014558
20020918,0.000232541510337
20020919,0.0
20020920,0.0
20020921,0.0
20020922,0.0
20020923,0.0
20020924,0.0
20020925,0.0
20020926,0.0
20020927,0.0
20020928,0.0
20020929,0.0
20020930,0.0
20021001,0.0
20021002,0.0
20021003,0.0739854365699
20021004,0.00130716313126
20021005,0.0
20021006,0.0
20021007,0.0
20021008,0.0
20021009,0.0
20021010,0.0
20021011,0.00630001385795
20021012,0.00738416257304
20021013,0.100208091244
20021014,0.0120913282881
20021015,0.0552732283815
20021016,0.0150501052894
20021017,0.00024870615799
20021018,0.0
20021019,0.0
20021020,0.0
20021021,0.0171924408355
20021022,0.0744634719819
20021023,0.00131024246193
20021024,0.0
20021025,0.0
20021026,0.12033403557
20021027,0.00212604291774
20021028,0.0
20021029,5.08534132524e-05
20021030,8.98469954813e-07
20021031,0.0
20021101,0.000921651157343
20021102,0.23946581211
20021103,0.00423055711191
20021104,0.0
20021105,0.0
20021106,0.0
20021107,7.90410879858
20021108,2.26153245896
20021109,1.58059928767
20021110,0.361437549564
20021111,4.88168427092
20021112,0.0863899318569
20021113,2.14809141755
20021114,0.0453926627321
20021115,0.0212137865195
20021116,0.137969562764
20021117,0.086057762979
20021118,0.0733856253032
20021119,0.0339880236141
20021120,0.412152176625
20021121,0.0131973817263
20021122,0.0105203030062
20021123,0.0208941402852
20021124,0.000365903142799
20021125,0.0597475321864
20021126,3.30457646291
20021127,0.432109967034
20021128,0.00660324864576
20021129,0.0
20021130,0.117388210811
20021201,0.735406802872
20021202,0.0145560137731
20021203,0.0938405740597
20021204,1.37642305114
20021205,0.227671049036
20021206,0.227284604102
20021207,0.198749552157
20021208,0.579386325813
20021209,0.0187837328221
20021210,0.104099250011
20021211,0.707655632764
20021212,3.35029001926
20021213,0.960832386445
20021214,0.369951057431
20021215,0.136584318588
20021216,1.57728141862
20021217,0.0743365799075
20021218,2.44452144917
20021219,12.4154187543
20021220,1.66909840221
20021221,3.32093287201
20021222,1.07966247475
20021223,7.32875818632
20021224,1.25591504705
20021225,4.13597389222
20021226,3.26249989907
20021227,2.945017711
20021228,2.26373385689
20021229,4.77336392843
20021230,0.779196735589
20021231,1.04051019333
20030101,14.8002238692
20030102,4.98679517672
20030103,5.67260577258
20030104,9.56724084967
20030105,17.78357521
20030106,12.3971110859
20030107,2.03698117287
20030108,0.669373086455
20030109,1.5565415232
20030110,0.47037224877
20030111,17.6421293045
20030112,4.53353115433
20030113,12.9234788951
20030114,2.73077144418
20030115,8.95415519039
20030116,0.23602080913
20030117,0.830849687931
20030118,2.82938863963
20030119,0.8089197883
20030120,0.0361162629581
20030121,0.0579735366049
20030122,1.61144793157
20030123,0.655083000141
20030124,0.0384248449599
20030125,2.55244254114
20030126,2.12728922283
20030127,2.37418784437
20030128,6.72555784902
20030129,2.40378606401
20030130,1.52040444604
20030131,1.31895107019
20030201,1.4101140791
20030202,1.92527790432
20030203,4.48748752417
20030204,13.3188576828
20030205,1.38112001242
20030206,2.57361154458
20030207,10.8808117817
20030208,2.34019420988
20030209,5.26397865347
20030210,8.45394086966
20030211,10.7995958403
20030212,3.4449819031
20030213,9.77263510534
20030214,2.26379873113
20030215,1.36178961134
20030216,0.478846297362
20030217,3.1962179798
20030218,15.3673006781
20030219,0.853913206152
20030220,1.07184715102
20030221,1.5588489454
20030222,0.328680904906
20030223,2.32404666756
20030224,0.554353478061
20030225,0.745247579387
20030226,0.219522197167
20030227,0.0079633061739
20030228,7.62300627665e-05
20030301,0.00559055968394
20030302,0.000410765099702
20030303,0.028548916548
20030304,0.000504300398001
20030305,0.523958744627
20030306,0.494207289922
20030307,0.0973350339822
20030308,0.501022726628
20030309,0.956314762428
20030310,3.00861882637
20030311,3.78750785165
20030312,3.01486708066
20030313,0.278284459656
20030314,0.416020000286
20030315,0.0454614441508
20030316,0.964087927306
20030317,8.2058345443
20030318,1.61909260014
20030319,0.398478471723
20030320,0.719305951372
20030321,1.16568839149
20030322,0.600755575744
20030323,1.2232632809
20030324,0.341804720681
20030325,2.55666127679
20030326,4.56165761456
20030327,3.2064862486
20030328,8.82971884981
20030329,8.1799394177
20030330,4.03336485122
20030331,2.8308905582
20030401,1.12691565263
20030402,0.695399274567
20030403,0.788898728045
20030404,1.89265978994
20030405,0.804749208813
20030406,0.919996122837
20030407,0.0169739647702
20030408,1.6969247806e-05
20030409,0.0207556154896
20030410,0.00342926599
20030411,2.69240201859
20030412,0.247964674462
20030413,0.0268411404807
20030414,0.0018109585505
20030415,3.6303386119e-05
20030416,2.27143322281e-07
20030417,3.98096526216e-10
20030418,0.0
20030419,0.0
20030420,0.0
20030421,0.0
20030422,0.0
20030423,0.0
20030424,0.0216821723529
20030425,0.0297629823818
20030426,0.000519079585979
20030427,0.0
20030428,0.0
20030429,0.14133676682
20030430,0.00249711597221
20030501,0.0
20030502,0.0115991563009
20030503,0.74343426827
20030504,0.0131312605693
20030505,0.0
20030506,0.0
20030507,0.0
20030508,0.0
20030509,0.0
20030510,0.0
20030511,0.0
20030512,0.0
20030513,0.0
20030514,0.0
20030515,0.00214496116344
20030516,3.78968390935e-05
20030517,0.0
20030518,0.0
20030519,0.0
20030520,0.0
20030521,3.80921960104e-05
20030522,6.73006721219e-07
20030523,0.0
20030524,0.0
20030525,0.0
20030526,0.0
20030527,0.0
20030528,0.00297265063021
20030529,0.0678456215643
20030530,0.0439364041761
20030531,0.00075509968867
20030601,0.0
20030602,0.0
20030603,0.0
20030604,0.0
20030605,0.0
20030606,0.0
20030607,0.0
20030608,0.0
20030609,0.0115586645311
20030610,0.014566635361
20030611,3.29117539494
20030612,0.058143489894
20030613,0.0
20030614,0.0
20030615,0.0
20030616,0.0
20030617,0.0
20030618,0.0
20030619,0.0
20030620,0.0
20030621,0.0
20030622,0.0
20030623,0.0
20030624,0.0
20030625,0.00364556631368
20030626,6.44092983427e-05
20030627,0.0
20030628,0.0
20030629,0.0
20030630,0.0
20030701,0.00566230860236
20030702,0.000100040778957
20030703,0.0
20030704,0.0
20030705,0.00352073473502
20030706,0.0321647802946
20030707,0.0949299684272
20030708,0.00166718698096
20030709,0.0
20030710,0.0
20030711,0.0
20030712,0.0
20030713,0.0
20030714,0.00402913241215
20030715,1.52166391184
20030716,0.0268832603291
20030717,0.0268218545729
20030718,0.000473884288685
20030719,0.0
20030720,0.0
20030721,0.0
20030722,0.0415935951107
20030723,0.000734869135038
20030724,0.0
20030725,0.0
20030726,0.0
20030727,0.0
20030728,0.0
20030729,0.0
20030730,0.0
20030731,0.0
20030801,0.0
20030802,0.0
20030803,0.00190298621541
20030804,3.36216607739e-05
20030805,0.0
20030806,0.0
20030807,0.0
20030808,0.00671367923347
20030809,0.000118616232387
20030810,0.0
20030811,0.0
20030812,0.0
20030813,0.0
20030814,0.0
20030815,0.0
20030816,0.0
20030817,0.0
20030818,0.0
20030819,0.0
20030820,0.0
20030821,0.0
20030822,0.00382002630073
20030823,0.815658493277
20030824,0.145856614233
20030825,0.00232238340201
20030826,0.0
20030827,0.0
20030828,0.0
20030829,0.0
20030830,0.0
20030831,0.0
20030901,0.0
20030902,0.0
20030903,0.0
20030904,0.00106802973328
20030905,1.8869786021e-05
20030906,0.0
20030907,0.00465173759068
20030908,8.29255221646e-05
20030909,1.30625642045e-08
20030910,0.0
20030911,0.0
20030912,0.0
20030913,0.0
20030914,0.0
20030915,0.564301700675
20030916,0.0966623339381
20030917,0.00523764530946
20030918,6.547665759e-05
20030919,0.0
20030920,0.0
20030921,0.0
20030922,0.0
20030923,0.00052968013984
20030924,9.3583079931e-06
20030925,0.000845600131477
20030926,0.0491874358384
20030927,0.000868771897208
20030928,0.0
20030929,0.0
20030930,0.00581955458826
20031001,0.000102818989228
20031002,0.00024249342932
20031003,4.28433841223e-06
20031004,0.0
20031005,0.0
20031006,0.0
20031007,0.0
20031008,0.0
20031009,0.00818555695053
20031010,0.000144621149978
20031011,0.0
20031012,0.0
20031013,0.0
20031014,0.0
20031015,0.0
20031016,0.0
20031017,0.032438242285
20031018,0.0392898932305
20031019,0.0556497653789
20031020,0.00565763499347
20031021,8.28004858328e-05
20031022,0.101453229037
20031023,0.0494950431392
20031024,0.00142954091214
20031025,1.03664158127e-05
20031026,0.00921187082415
20031027,0.000162753904982
20031028,0.0088049246557
20031029,0.102420676825
20031030,0.262995252659
20031031,0.00479188753306
20031101,2.53281216523e-05
20031102,3.9216417452e-07
20031103,0.00674834744189
20031104,0.00376026232854
20031105,0.00325892556757
20031106,5.64416417704e-05
20031107,0.00490037350265
20031108,0.333412415034
20031109,0.911052832114
20031110,0.200431965818
20031111,0.00326750771033
20031112,1.56471919191e-07
20031113,0.0
20031114,0.0
20031115,0.00105185952305
20031116,1.85840853761e-05
20031117,2.22024719029
20031118,0.265412445746
20031119,0.126002163992
20031120,0.149490040828
20031121,0.00533374246807
20031122,4.82448790275e-05
20031123,0.0
20031124,0.00385618428957
20031125,0.025599605804
20031126,0.150527157535
20031127,0.0231502353241
20031128,0.00250881682405
20031129,2.56394633945
20031130,0.501539799328
20031201,7.75804396747
20031202,12.8416939439
20031203,6.93527769427
20031204,0.307898965879
20031205,0.685403500643
20031206,0.639057367986
20031207,1.35105596492
20031208,0.0256295491089
20031209,3.45410768992e-05
20031210,0.0
20031211,1.96039284247
20031212,7.00477421073
20031213,2.64441095797
20031214,10.9272470354
20031215,2.95000867186
20031216,0.680039110773
20031217,11.9639400758
20031218,3.29403101104
20031219,3.43494184917
20031220,1.08834414371
20031221,0.0712237687816
20031222,0.0222053515897
20031223,0.279563102627
20031224,1.40957596151
20031225,0.101213665086
20031226,0.506626271992
20031227,1.21288012338
20031228,0.23071570222
20031229,3.69454392333
20031230,1.89383052713
20031231,0.363061631129
20040101,0.98408381401
20040102,2.96075762548
20040103,1.5807347461
20040104,6.62229585581
20040105,4.83393975389
20040106,1.37741630215
20040107,0.280589063355
20040108,0.505881800581
20040109,1.06994409932
20040110,0.429121013241
20040111,1.12130493955
20040112,3.14196329195
20040113,11.1848488731
20040114,3.46536529997
20040115,0.70320461809
20040116,0.860809315977
20040117,2.44991122219
20040118,1.02691243782
20040119,7.78229707391
20040120,4.35859981945
20040121,1.7685012164
20040122,2.64416807269
20040123,14.5940253661
20040124,10.6189560724
20040125,0.439849645039
20040126,0.91455561406
20040127,3.79765059141
20040128,15.422373087
20040129,3.2754379225
20040130,0.286214607677
20040131,3.00385045825
20040201,4.50334077874
20040202,1.53030831343
20040203,0.855413479324
20040204,0.293348511465
20040205,0.260719484702
20040206,0.414405740569
20040207,0.266471495026
20040208,1.26181983222
20040209,0.141678388175
20040210,1.14048911952
20040211,1.88729617898
20040212,1.45737424325
20040213,1.13918450475
20040214,3.08182569466
20040215,0.428469540865
20040216,1.77833413398
20040217,1.1986964402
20040218,0.13654992809
20040219,0.173169865874
20040220,1.9779428152
20040221,6.45443668058
20040222,1.55252483018
20040223,0.965306040538
20040224,3.50986549695
20040225,0.0702120898118
20040226,0.0852085595015
20040227,0.805313744999
20040228,12.6281496368
20040229,0.67716620053
20040301,6.5364999712
20040302,12.5156038713
20040303,1.14257707009
20040304,0.519545534731
20040305,0.120957591894
20040306,2.58994042663
20040307,2.501857152
20040308,0.800624134333
20040309,2.00026189583
20040310,1.14055198376
20040311,1.24053775554
20040312,4.37920462606
20040313,12.5635573361
20040314,1.63071242766
20040315,1.26601551041
20040316,1.26444371839
20040317,0.165756668132
20040318,0.0025407082197
20040319,0.0208307543433
20040320,0.359185123781
20040321,0.0904948078378
20040322,0.0112938149105
20040323,0.00160536410953
20040324,0.0378393742316
20040325,0.000668093152988
20040326,0.0
20040327,0.000602365734388
20040328,0.00384475968869
20040329,0.00318800673759
20040330,0.221307656963
20040331,1.16402640621
20040401,4.84004516472
20040402,5.31559302052
20040403,1.8834478573
20040404,0.115149359094
20040405,0.122641826099
20040406,0.135976643679
20040407,0.339264415323
20040408,0.0572374323408
20040409,1.27746696535
20040410,3.28161168838
20040411,3.40167550232
20040412,1.26158893776
20040413,0.31077006385
20040414,0.119047730087
20040415,0.972993131038
20040416,0.247938446345
20040417,3.0742105339
20040418,1.12258102717
20040419,2.54837058805
20040420,0.0938397215094
20040421,0.172672440289
20040422,0.00504184716453
20040423,3.55514407722e-05
20040424,0.00352290750841
20040425,6.2242159813e-05
20040426,0.000422168786757
20040427,0.00605782085372
20040428,0.00315010600122
20040429,5.63854667492e-05
20040430,0.0368174152093
20040501,0.00683120576592
20040502,0.000109200040584
20040503,0.0
20040504,0.0
20040505,0.0
20040506,0.0
20040507,0.199664581981
20040508,0.00352764268235
20040509,0.000270169062343
20040510,4.77330575192e-06
20040511,0.0
20040512,0.104301268399
20040513,0.00184277849315
20040514,0.100094677232
20040515,0.0197488697776
20040516,0.51586026786
20040517,0.0091085263921
20040518,0.0
20040519,0.0232816543467
20040520,0.000411336610948
20040521,0.660783168952
20040522,0.0385898699612
20040523,0.0156847160434
20040524,0.000268713444684
20040525,0.0
20040526,0.099811084492
20040527,0.00176344655201
20040528,0.0
20040529,0.0
20040530,0.0
20040531,1.86897539374e-08
20040601,2.15401320615e-05
20040602,3.80561779255e-07
20040603,0.0
20040604,0.0
20040605,0.0
20040606,0.0
20040607,0.0
20040608,0.0
20040609,0.0
20040610,0.0
20040611,0.0
20040612,0.000175940456212
20040613,3.10848825735e-06
20040614,0.0
20040615,0.0
20040616,0.0
20040617,0.0
20040618,0.0
20040619,0.0
20040620,0.0
20040621,0.0
20040622,0.0
20040623,0.000156318003107
20040624,2.76180343477e-06
20040625,0.00204303575385
20040626,3.60960429571e-05
20040627,0.211812243983
20040628,0.0106405689013
20040629,0.000132443776766
20040630,9.69093783755e-05
20040701,1.70888141181e-06
20040702,0.0
20040703,4.95256145096e-05
20040704,8.7501049414e-07
20040705,0.0
20040706,0.0
20040707,0.104619719065
20040708,0.0139523265783
20040709,0.00108802607716
20040710,8.74467011986e-05
20040711,0.0376093859344
20040712,0.000664454239747
20040713,0.0
20040714,0.0
20040715,0.162293668954
20040716,0.00286737926751
20040717,0.0
20040718,0.00616747307532
20040719,0.0715590136458
20040720,1.89811109856
20040721,0.0434842425882
20040722,0.000176166345942
20040723,0.0
20040724,0.0
20040725,0.0
20040726,0.0
20040727,0.0
20040728,0.0
20040729,0.0
20040730,0.0
20040731,0.0
20040801,0.0
20040802,0.0
20040803,0.00660846039016
20040804,0.000116757247755
20040805,0.0
20040806,0.0
20040807,0.0
20040808,0.0
20040809,0.0
20040810,0.0
20040811,0.0
20040812,0.0
20040813,0.0
20040814,0.00515171418133
20040815,0.00160987203441
20040816,2.68348452347e-05
20040817,0.0
20040818,0.0
20040819,0.0
20040820,0.0917205391947
20040821,0.00162050423843
20040822,0.0
20040823,0.0
20040824,0.0
20040825,0.0
20040826,0.0
20040827,0.0
20040828,0.0
20040829,0.0
20040830,0.0163543039262
20040831,0.000288945299521
20040901,0.249561149188
20040902,0.00440920746596
20040903,0.0
20040904,0.00303153725599
20040905,0.00462248842014
20040906,8.07231006952e-05
20040907,0.0
20040908,0.0539083618604
20040909,0.228038839516
20040910,0.00401212697507
20040911,7.96542675548e-05
20040912,1.40731874595e-06
20040913,0.0
20040914,0.0
20040915,0.0116023735529
20040916,0.0122029420905
20040917,0.000655684555847
20040918,0.224938460883
20040919,0.00397403907002
20040920,0.00451470577714
20040921,0.0640615698628
20040922,0.483658285232
20040923,0.0867351678028
20040924,0.0272310594576
20040925,0.000456700696818
20040926,0.0
20040927,0.0
20040928,2.54012396541
20040929,0.309842462001
20040930,0.00480402892616
20041001,2.16761814797e-06
20041002,0.0
20041003,0.0
20041004,0.0
20041005,0.0
20041006,0.0
20041007,0.00960465372895
20041008,0.000169693523963
20041009,0.0
20041010,0.0
20041011,0.0
20041012,0.0
20041013,0.400077179052
20041014,0.0154973924384
20041015,0.25841807773
20041016,0.429819381742
20041017,0.00751336266124
20041018,0.0
20041019,0.0
20041020,2.23925331991
20041021,1.05057755858
20041022,0.374168546809
20041023,0.0164134939515
20041024,0.0230750118716
20041025,0.0526153536441
20041026,0.0870947884675
20041027,0.00152337509949
20041028,0.00626174594514
20041029,0.209649489185
20041030,0.00458811255529
20041031,0.829473349472
20041101,0.926844197868
20041102,0.354004231151
20041103,0.00636458628545
20041104,6.97592158306e-06
20041105,0.033079115853
20041106,0.0045664027721
20041107,0.0706019520472
20041108,0.00124614117247
20041109,0.00607458845464
20041110,0.00795408349746
20041111,0.213077929555
20041112,0.381586593979
20041113,0.197495740107
20041114,0.00347972941415
20041115,0.019731470132
20041116,0.672816324677
20041117,8.9303582866
20041118,0.278111010785
20041119,0.011780395841
20041120,0.000956991542044
20041121,1.38954858739e-05
20041122,0.00381364984627
20041123,0.0504961409646
20041124,0.123683915725
20041125,0.232053950857
20041126,2.23474979453
20041127,5.29075754873
20041128,16.7585284859
20041129,5.64899377796
20041130,8.01696758619
20041201,8.90961867462
20041202,11.4193189049
20041203,1.30803601502
20041204,1.6761072447
20041205,0.718808636637
20041206,0.176109499655
20041207,3.94769089033
20041208,0.277288953323
20041209,0.815959078831
20041210,1.22780324025
20041211,0.032603254459
20041212,0.040165537995
20041213,0.304737743139
20041214,2.28627464352
20041215,4.43984271783
20041216,5.86746105274
20041217,10.9308270589
20041218,5.67951911191
20041219,5.66728811985
20041220,5.14763095053
20041221,21.4149889062
20041222,1.83113920148
20041223,0.435914689571
20041224,3.64827674658
20041225,1.11775296487
20041226,0.300703022371
20041227,0.073942847516
20041228,6.17994232123
20041229,5.41466867727
20041230,1.68288400132
20041231,5.7919514736
20050101,6.57242928492
20050102,2.48914212955
20050103,0.498667335147
20050104,0.361110515756
20050105,4.17880252793
20050106,3.06429323122
20050107,1.82487547606
20050108,2.21283829191
20050109,1.44315978959
20050110,2.39102206681
20050111,1.25743219352
20050112,3.76664461426
20050113,2.85815436582
20050114,3.1370693549
20050115,0.651887728738
20050116,1.26765494071
20050117,1.43497554496
20050118,0.790234089167
20050119,1.96020791087
20050120,1.9242552421
20050121,0.110302053024
20050122,0.00177209287846
20050123,7.30068439382e-06
20050124,0.076083237664
20050125,0.697666186194
20050126,0.816463816304
20050127,2.95600857215
20050128,3.68488910714
20050129,0.616459158791
20050130,4.57878089702
20050131,3.35190778055
20050201,0.0632785817911
20050202,0.257520055127
20050203,1.69570255058
20050204,0.15537460152
20050205,3.78249427517
20050206,6.09976923323
20050207,0.77951666698
20050208,1.74091264604
20050209,1.31463809635
20050210,0.213481980287
20050211,1.87005399967
20050212,0.694141977753
20050213,1.72623434957
20050214,2.05199914035
20050215,0.37086447205
20050216,0.179762647449
20050217,0.269386458027
20050218,0.33836256024
20050219,0.735186406914
20050220,0.965910598274
20050221,0.212079928438
20050222,0.0354398699467
20050223,0.675910710886
20050224,7.58804496515
20050225,0.447285925566
20050226,3.31188806202
20050227,1.98952363841
20050228,5.502792111
20050301,3.7454192205
20050302,4.41785224363
20050303,0.314726671427
20050304,2.84696116508
20050305,0.196705043903
20050306,1.13908080648
20050307,3.82734560401
20050308,0.188633159766
20050309,0.0232762983064
20050310,0.000734758828799
20050311,0.000235908689833
20050312,0.000520645730655
20050313,3.33263452283
20050314,1.77609028005
20050315,0.228825327019
20050316,6.56222328018
20050317,0.702884648291
20050318,0.038934940446
20050319,0.432766122101
20050320,0.61272290591
20050321,1.27196322902
20050322,0.115982203052
20050323,0.136456935042
20050324,0.064205753763
20050325,0.105336277321
20050326,0.848357041098
20050327,0.0949605862227
20050328,0.540363992688
20050329,3.31084527539
20050330,0.850175573724
20050331,0.254049163188
20050401,0.337486697714
20050402,0.145200238087
20050403,0.950095899497
20050404,0.0895573932698
20050405,0.00231890074354
20050406,1.82406595277e-05
20050407,0.00895337464735
20050408,0.000158186821147
20050409,0.0
20050410,0.0
20050411,0.0
20050412,0.0
20050413,0.00100770507472
20050414,0.41605179788
20050415,1.11519952534
20050416,0.0250906404285
20050417,9.74794366106e-05
20050418,2.19120611797e-06
20050419,3.87138875288e-08
20050420,0.0
20050421,0.0188808018983
20050422,0.0365980072199
20050423,0.111841951254
20050424,0.00696583978332
20050425,0.0312755729638
20050426,0.00346036362982
20050427,0.215895638482
20050428,0.251111273158
20050429,0.00436921841193
20050430,0.0
20050501,0.0
20050502,0.0
20050503,0.0
20050504,0.0
20050505,0.0
20050506,0.0
20050507,0.0
20050508,0.0
20050509,0.0
20050510,0.0
20050511,0.0
20050512,0.0
20050513,0.0
20050514,4.57253903841
20050515,0.0807869111048
20050516,0.0
20050517,0.0
20050518,0.0
20050519,0.0
20050520,1.6928996677
20050521,1.76256453449
20050522,0.0656368094794
20050523,0.0158370239077
20050524,0.0226226961785
20050525,0.399239605096
20050526,0.248140272717
20050527,0.00425960337821
20050528,0.0
20050529,0.0
20050530,0.0
20050531,0.0
20050601,0.0
20050602,0.0
20050603,0.0
20050604,0.0
20050605,0.0
20050606,0.0
20050607,0.0
20050608,0.0
20050609,0.0
20050610,0.0
20050611,0.0
20050612,0.0
20050613,0.0
20050614,0.0
20050615,0.0
20050616,0.0
20050617,0.0
20050618,0.0
20050619,0.0
20050620,0.0906083711693
20050621,0.00160085456882
20050622,0.0
20050623,0.0
20050624,0.0
20050625,0.00791285309594
20050626,0.000139803071957
20050627,0.0
20050628,0.000347188826823
20050629,0.00799377996237
20050630,0.00770143966494
20050701,0.000133574464467
20050702,0.0
20050703,0.0
20050704,0.0
20050705,0.134192976059
20050706,0.00315696242678
20050707,1.3888017753e-05
20050708,0.0
20050709,0.0
20050710,0.0
20050711,0.0
20050712,0.0
20050713,0.0
20050714,0.0
20050715,0.0
20050716,0.0
20050717,0.0
20050718,0.0
20050719,0.0
20050720,0.0
20050721,0.0
20050722,0.0
20050723,0.0
20050724,0.0
20050725,0.0
20050726,0.0
20050727,0.0
20050728,0.0
20050729,0.0
20050730,0.0
20050731,0.0
20050801,0.0
20050802,0.0
20050803,0.0
20050804,0.0
20050805,0.68946405566
20050806,0.0394641940829
20050807,0.000482029226718
20050808,0.0
20050809,0.0
20050810,0.0
20050811,0.00872131699685
20050812,0.000154086872456
20050813,0.0
20050814,0.0
20050815,0.0
20050816,0.0
20050817,0.0
20050818,0.0
20050819,0.0
20050820,0.0
20050821,0.0
20050822,0.0
20050823,0.0
20050824,0.0
20050825,0.0
20050826,0.0
20050827,0.0
20050828,0.0
20050829,0.0
20050830,0.0
20050831,0.0
20050901,0.000354166075279
20050902,6.25735188766e-06
20050903,0.0
20050904,0.0
20050905,0.0
20050906,0.0
20050907,0.0
20050908,0.00264828686598
20050909,4.67895099572e-05
20050910,0.0
20050911,0.628094598107
20050912,0.0110970783786
20050913,0.0
20050914,0.0
20050915,0.0
20050916,0.0117594985301
20050917,0.000207765002481
20050918,0.0
20050919,0.000492503625244
20050920,0.00168480815671
20050921,2.9613187669e-05
20050922,0.0
20050923,0.0
20050924,0.0109489596867
20050925,0.0214357909601
20050926,0.000375306416022
20050927,0.0
20050928,0.0
20050929,0.0
20050930,0.255233285722
20051001,0.17938424651
20051002,0.00308966069578
20051003,0.0
20051004,0.0
20051005,0.0
20051006,0.0
20051007,0.0
20051008,0.0
20051009,0.0
20051010,0.0202727923703
20051011,0.000358176546262
20051012,0.0
20051013,0.000713415180129
20051014,1.26045104634e-05
20051015,0.128494504325
20051016,0.0132594010723
20051017,0.000194155089506
20051018,0.0
20051019,0.0
20051020,0.0
20051021,0.00252127906756
20051022,0.40645977821
20051023,0.00718048119062
20051024,0.0123291207666
20051025,0.0469892053382
20051026,0.0403182971799
20051027,1.99233310805
20051028,0.0712905860987
20051029,0.00156447914767
20051030,0.000956629792278
20051031,0.00158974100862
20051101,2.77937850243e-05
20051102,0.00018123655842
20051103,0.266912834936
20051104,0.0396801996371
20051105,0.722037953218
20051106,0.106976586844
20051107,0.00166485248212
20051108,0.608926060822
20051109,0.0802351428376
20051110,0.00182217523413
20051111,0.0584592634196
20051112,0.00179981706897
20051113,1.35539488924e-05
20051114,0.0
20051115,0.0
20051116,0.0349155290452
20051117,0.000616882167516
20051118,0.424504002869
20051119,0.0276017053801
20051120,0.00145335333867
20051121,1.9402844786e-05
20051122,0.0
20051123,0.0
20051124,0.0
20051125,0.0
20051126,0.00462551611744
20051127,0.0795662768285
20051128,0.147993059181
20051129,0.381635283584
20051130,0.217797548352
20051201,0.0257871372758
20051202,0.110578947168
20051203,2.12784239203
20051204,0.078059938817
20051205,0.117916010303
20051206,0.127804106715
20051207,0.00222143864538
20051208,0.703523299781
20051209,0.0344221738363
20051210,0.257870473301
20051211,0.0591139573615
20051212,0.0443650956975
20051213,0.929377787109
20051214,4.46625995239
20051215,2.000147828
20051216,0.59682644737
20051217,0.203214523002
20051218,1.32856240814
20051219,2.44926511827
20051220,0.665291556907
20051221,0.129666816132
20051222,0.00829647954866
20051223,0.103025262463
20051224,0.032238742256
20051225,0.10112528748
20051226,4.2544354914
20051227,1.30017544618
20051228,3.22569625125
20051229,1.89027729261
20051230,4.69382643889
20051231,3.57042403859
20060101,7.55883677705
20060102,0.732611359304
20060103,4.78643979867
20060104,0.367112100786
20060105,2.16860955748
20060106,1.97398688676
20060107,0.333774664636
20060108,0.0678563915587
20060109,0.0012233622989
20060110,0.243290464414
20060111,0.911616541863
20060112,1.87508409159
20060113,3.35777948051
20060114,0.661896425904
20060115,8.50605170779
20060116,2.56286115377
20060117,0.82535275375
20060118,0.363999833587
20060119,0.0461648152781
20060120,0.0649707870847
20060121,0.326969357302
20060122,0.368800747603
20060123,1.01837266365
20060124,0.424121063721
20060125,0.591000909257
20060126,1.16392971383
20060127,0.655838591883
20060128,5.12981804066
20060129,1.3496405966
20060130,4.12804494905
20060131,0.949073678651
20060201,6.24941228867
20060202,1.40256060332
20060203,1.87411031499
20060204,0.563369269936
20060205,0.68460482194
20060206,0.0811392627914
20060207,0.140118970104
20060208,0.0886666754597
20060209,0.095114179805
20060210,0.00236593441281
20060211,3.89351830898
20060212,1.41235182197
20060213,0.836926748465
20060214,2.90438751146
20060215,2.95869248726
20060216,7.45118427536
20060217,1.50706598498
20060218,8.00195774192
20060219,1.97997477635
20060220,1.6808622776
20060221,0.250644733526
20060222,1.29046232187
20060223,1.2696083317
20060224,0.58122515271
20060225,0.329421118579
20060226,0.114982032777
20060227,0.729053828488
20060228,1.39405398401
20060301,0.722425084075
20060302,1.83399553444
20060303,3.21411093485
20060304,6.29729777252
20060305,5.38505085727
20060306,3.44199101268
20060307,3.53216771144
20060308,4.94682497711
20060309,2.03759444098
20060310,7.01478820389
20060311,0.179405533874
20060312,1.34035569318
20060313,0.0802290918786
20060314,1.76186471821
20060315,0.520341232625
20060316,0.0918600736265
20060317,0.50765837668
20060318,0.202852312428
20060319,4.18204424373
20060320,0.0832151829753
20060321,1.87605640398
20060322,0.413360593426
20060323,0.0975293823771
20060324,2.48285387071
20060325,0.907683489507
20060326,2.35947047509
20060327,0.937738934101
20060328,0.14728686298
20060329,1.12725009022
20060330,0.114438016455
20060331,1.07057109805
20060401,0.768073913149
20060402,0.204607858389
20060403,0.972367102508
20060404,0.100809447199
20060405,1.4299084907
20060406,3.75177366641
20060407,0.637493556278
20060408,1.73077899742
20060409,0.425995680687
20060410,0.612160666346
20060411,4.20755289918
20060412,1.76161862567
20060413,2.90733043304
20060414,0.441465188714
20060415,3.97956244343
20060416,3.12417626386
20060417,0.0742514181473
20060418,0.00035855186118
20060419,0.00042612946882
20060420,7.52878958043e-06
20060421,0.00302448561385
20060422,5.40377002886e-05
20060423,1.0628093366e-08
20060424,0.0
20060425,0.000109380397532
20060426,0.171235076102
20060427,1.38739741096
20060428,0.104608343595
20060429,0.00141606839814
20060430,0.009733237303
20060501,0.000610936765819
20060502,0.00609500638125
20060503,0.000152504018063
20060504,7.94265153805e-07
20060505,0.0
20060506,0.0124342231938
20060507,0.813837135332
20060508,0.0655381586882
20060509,0.0791046225948
20060510,0.0335901654716
20060511,0.000569055269342
20060512,0.0
20060513,0.168915824484
20060514,0.0358719846548
20060515,0.00423427887581
20060516,0.0143219329553
20060517,0.000251897362786
20060518,0.0
20060519,0.0
20060520,0.0
20060521,0.0
20060522,0.42108781258
20060523,0.0110901039224
20060524,0.134327904191
20060525,0.00237214518981
20060526,0.0
20060527,0.0
20060528,0.0
20060529,0.0
20060530,0.00131230638095
20060531,0.676421848312
20060601,0.0119505062077
20060602,0.0
20060603,0.0
20060604,0.00470091617555
20060605,0.00919062704797
20060606,0.000160911142059
20060607,0.0735729087685
20060608,0.00129987497903
20060609,0.00158137218177
20060610,3.00203955729e-05
20060611,3.67660371439e-08
20060612,0.0
20060613,0.0
20060614,0.0
20060615,0.0
20060616,0.0
20060617,3.86534671987e-06
20060618,0.194652091665
20060619,0.00343908165168
20060620,0.0380778549547
20060621,0.000672753596593
20060622,0.0
20060623,2.23223812709
20060624,0.0394388332805
20060625,0.0870892488062
20060626,0.00153867934358
20060627,0.0
20060628,0.0
20060629,0.0
20060630,0.0218894092306
20060701,0.000386738653861
20060702,0.0
20060703,0.0
20060704,0.00018552724443
20060705,3.27786542728e-06
20060706,0.0
20060707,0.0
20060708,0.0
20060709,0.0
20060710,0.0
20060711,0.0
20060712,0.132949868192
20060713,0.145495581248
20060714,0.0319922074263
20060715,0.000520549701788
20060716,0.0
20060717,0.0
20060718,0.00482041790582
20060719,8.51663759509e-05
20060720,0.0128937299743
20060721,0.000227804421802
20060722,0.0
20060723,0.0
20060724,0.0
20060725,0.0
20060726,0.0
20060727,2.32538483153
20060728,0.0608136480408
20060729,0.000348570903064
20060730,0.0451035517737
20060731,0.0828175368687
20060801,1.47436661564
20060802,0.0260232773408
20060803,0.0
20060804,0.000889760234226
20060805,1.57201470738e-05
20060806,0.0204756757171
20060807,0.000361761010072
20060808,0.0
20060809,0.0
20060810,0.0360970626069
20060811,0.000671731326447
20060812,6.00248151933e-07
20060813,0.0
20060814,0.0
20060815,0.0
20060816,0.0
20060817,0.0
20060818,0.0
20060819,0.0
20060820,0.0
20060821,0.0
20060822,0.00632270001822
20060823,0.0674506944331
20060824,0.0011897346785
20060825,0.0
20060826,0.0
20060827,0.0
20060828,0.0
20060829,1.28264339709
20060830,0.0226615429102
20060831,0.0
20060901,0.0
20060902,0.0
20060903,0.0
20060904,0.0
20060905,0.0
20060906,0.0
20060907,0.0
20060908,0.000957742779824
20060909,1.52296139889
20060910,0.0273543027734
20060911,0.124895045747
20060912,0.0022064865796
20060913,0.0
20060914,0.0
20060915,0.0
20060916,0.0
20060917,0.0
20060918,0.000591939283117
20060919,0.0112304022051
20060920,0.00291643252367
20060921,0.000507563001599
20060922,5.37731381111e-05
20060923,8.06609304074e-07
20060924,0.0
20060925,0.0
20060926,0.0
20060927,0.0
20060928,0.0
20060929,0.000989098030183
20060930,1.74752264011e-05
20061001,0.0
20061002,0.0
20061003,0.000418966006319
20061004,7.40222376622e-06
20061005,0.0
20061006,0.0
20061007,0.0
20061008,0.0
20061009,0.0
20061010,0.0036306892052
20061011,0.197584112603
20061012,0.0395174776127
20061013,0.000636532243018
20061014,0.0
20061015,0.0
20061016,0.0398591723466
20061017,0.000704225720128
20061018,0.0
20061019,0.0
20061020,0.0
20061021,0.0
20061022,0.0
20061023,0.0
20061024,0.0415465174237
20061025,0.0171406251697
20061026,0.0127795542364
20061027,0.216453565763
20061028,0.627882541268
20061029,0.0110258327649
20061030,0.0
20061031,0.0
20061101,0.0114858196219
20061102,0.00020292963102
20061103,0.0
20061104,0.00643826368807
20061105,2.35103611074
20061106,1.58371622857
20061107,3.33692122178
20061108,0.322029890223
20061109,0.0046564503406
20061110,0.00110541219534
20061111,0.074253880701
20061112,0.0555750491908
20061113,0.0640422216547
20061114,0.00886137676061
20061115,1.19396224094
20061116,0.0478953844506
20061117,0.752906997407
20061118,0.723045668113
20061119,0.251859209995
20061120,0.936895610055
20061121,0.869570658882
20061122,0.0150723045808
20061123,0.0227090574184
20061124,0.553099340733
20061125,0.101694750136
20061126,2.38342589591
20061127,0.602166838679
20061128,1.31834485037
20061129,0.906713165372
20061130,0.971513873955
20061201,0.942753783065
20061202,7.45245203341
20061203,4.2016831764
20061204,0.110796295206
20061205,0.272714106629
20061206,0.782230377991
20061207,0.528776137741
20061208,3.50537689449
20061209,0.670537369893
20061210,2.59728357721
20061211,0.620040880405
20061212,13.703401069
20061213,3.63770819855
20061214,7.46024668545
20061215,2.1253375635
20061216,1.96370661898
20061217,5.37964833962
20061218,0.848943584581
20061219,0.689648569542
20061220,6.11754437188
20061221,3.7185625673
20061222,0.405139663609
20061223,0.271742691946
20061224,3.2417996618
20061225,1.29785900014
20061226,8.8644978145
20061227,0.821108817679
20061228,4.53507137811
20061229,3.93312977298
20061230,3.97444167612
20061231,2.7096464766
20070101,4.64484864995
20070102,9.13447259852
20070103,1.1365319706
20070104,7.15840569993
20070105,0.908481104703
20070106,0.546813891379
20070107,1.07497665896
20070108,2.35374200998
20070109,4.80390728976
20070110,4.18389836559
20070111,4.85755630657
20070112,1.98299002732
20070113,7.6469378812
20070114,10.3615488371
20070115,0.425675530473
20070116,0.152353485779
20070117,0.234500120864
20070118,0.296854579532
20070119,0.201669807475
20070120,1.76748555137
20070121,2.58004774875
20070122,0.672866620531
20070123,0.404925914475
20070124,1.10023766265
20070125,1.74280437986
20070126,7.14129488932
20070127,0.876749778241
20070128,6.0126798333
20070129,6.36432242919
20070130,9.59564459318
20070131,1.50716785387
20070201,12.4734340315
20070202,1.11048929076
20070203,22.404309291
20070204,4.49336907364
20070205,6.39239564666
20070206,2.17548796653
20070207,1.86334814067
20070208,0.588599868779
20070209,5.54296743859
20070210,0.163093056194
20070211,2.07657147842
20070212,5.69224415267
20070213,19.9441038492
20070214,1.36621096031
20070215,1.30875887636
20070216,0.268144203492
20070217,0.593092440991
20070218,1.269624253
20070219,0.58605907689
20070220,0.553295689548
20070221,2.86452424028
20070222,0.191023802533
20070223,3.56128910595
20070224,4.32213517779
20070225,6.51413042015
20070226,0.616140049828
20070227,3.35903221044
20070228,5.39977869645
20070301,0.805307813599
20070302,2.20731343132
20070303,1.79844208179
20070304,0.624152570892
20070305,0.254079299404
20070306,5.02874235603
20070307,3.77465026028
20070308,2.26905308493
20070309,0.504572661346
20070310,0.629645912675
20070311,10.7071077222
20070312,0.525568933294
20070313,2.377491914
20070314,0.136330143732
20070315,0.00401377565735
20070316,0.273095009976
20070317,0.228605150994
20070318,0.316739423565
20070319,1.26567793418
20070320,0.686032918005
20070321,0.589632901243
20070322,0.0284544732617
20070323,0.191117929643
20070324,0.0309992234835
20070325,1.06818014447
20070326,0.221841804412
20070327,1.90447010725
20070328,0.229432536831
20070329,0.0586423600976
20070330,0.158135610217
20070331,0.72725286806
20070401,0.034985508315
20070402,2.16043425186
20070403,0.0381639020534
20070404,1.08183839839e-08
20070405,0.0300462797534
20070406,0.0692571998146
20070407,0.0574895724866
20070408,0.877509636906
20070409,0.255345601183
20070410,3.64779665837
20070411,1.14480096466
20070412,0.24228213461
20070413,0.0366561842661
20070414,0.000742417492395
20070415,2.90551519206e-06
20070416,0.324421853544
20070417,0.18142112931
20070418,0.0170126987584
20070419,0.0629814806903
20070420,0.0373934295106
20070421,0.114286278009
20070422,0.974489158297
20070423,0.482540606292
20070424,1.40424388598
20070425,0.104965876598
20070426,0.0461171974175
20070427,0.00303547441102
20070428,3.96775486142e-05
20070429,0.0
20070430,1.29275099402
20070501,0.141536772037
20070502,0.00341792903457
20070503,2.33359678818e-05
20070504,0.0
20070505,0.0
20070506,0.0
20070507,0.00218210924865
20070508,3.85531677738e-05
20070509,0.0
20070510,0.000566915512833
20070511,0.0238502397584
20070512,0.000421205292726
20070513,0.00413554318182
20070514,0.000411125182875
20070515,0.000657623450141
20070516,1.15132616713e-05
20070517,0.143107272126
20070518,0.0037656404653
20070519,2.18594263682e-05
20070520,0.0
20070521,0.0
20070522,0.0
20070523,0.044106354643
20070524,0.392927244375
20070525,0.0177287061044
20070526,0.0233124125787
20070527,0.0150782927496
20070528,0.000259183420652
20070529,0.0
20070530,0.0
20070531,0.00226107698406
20070601,3.99483529462e-05
20070602,0.000237627001863
20070603,4.19835590167e-06
20070604,0.0
20070605,0.29814487932
20070606,0.00707790473151
20070607,0.0010839332199
20070608,1.85856624453e-05
20070609,0.411632538914
20070610,0.0188697173439
20070611,0.0871653073869
20070612,0.0048578188718
20070613,5.86822546562e-05
20070614,0.0
20070615,0.0
20070616,0.0
20070617,0.00677824809741
20070618,0.00360435357027
20070619,6.15653127017e-05
20070620,0.0388013414201
20070621,0.0602684415884
20070622,0.00105270148536
20070623,0.0541133364866
20070624,0.0202394060523
20070625,0.00588891958594
20070626,0.00187980872394
20070627,3.14802750872e-05
20070628,0.0
20070629,0.0
20070630,0.0
20070701,1.97240303787e-05
20070702,3.48481080213e-07
20070703,0.000601563117422
20070704,1.35711644622
20070705,0.0814793718615
20070706,0.0629621704844
20070707,0.00109445645304
20070708,0.0
20070709,0.0
20070710,0.0
20070711,0.0
20070712,0.00050967182129
20070713,0.00665756120775
20070714,0.064493060081
20070715,0.179069477901
20070716,0.00696888061768
20070717,6.75831122819e-05
20070718,0.0
20070719,0.0
20070720,0.0
20070721,0.0
20070722,0.00875623684799
20070723,0.00290959828125
20070724,4.86730468962e-05
20070725,0.0
20070726,0.0
20070727,0.0
20070728,0.0
20070729,0.0
20070730,0.0
20070731,0.0374047412399
20070801,0.000660861126543
20070802,0.245455686709
20070803,0.00433667300107
20070804,0.0
20070805,0.0
20070806,0.0267416646407
20070807,0.000472467579642
20070808,0.0
20070809,0.0
20070810,0.0
20070811,0.0
20070812,0.00116056312901
20070813,0.0353546646524
20070814,0.000624278414613
20070815,0.0
20070816,0.0
20070817,0.062388293782
20070818,0.0032157238959
20070819,3.73402257373e-05
20070820,0.00350042878775
20070821,0.00179012549084
20070822,3.49464143758e-05
20070823,0.00420032181663
20070824,7.42092592151e-05
20070825,0.0
20070826,0.0
20070827,0.0
20070828,0.0
20070829,0.0
20070830,0.000413256324621
20070831,7.30135055408e-06
20070901,0.0
20070902,0.00150089049979
20070903,2.65175030834e-05
20070904,0.0
20070905,0.0
20070906,0.0
20070907,0.0
20070908,0.0
20070909,0.0
20070910,0.0
20070911,0.0
20070912,0.0
20070913,0.0
20070914,0.0853954543172
20070915,0.00493169716888
20070916,0.00443882251711
20070917,7.73559431817e-05
20070918,0.00517005381228
20070919,9.13436839867e-05
20070920,0.0
20070921,0.0
20070922,0.0
20070923,0.0
20070924,0.0
20070925,0.0
20070926,0.00110906757452
20070927,0.0174790987301
20070928,0.0209854458311
20070929,0.126898567223
20070930,0.00223557018761
20071001,0.0
20071002,0.0651768625534
20071003,0.00115153466558
20071004,0.0
20071005,0.0
20071006,0.0
20071007,0.0
20071008,0.74950326612
20071009,0.0176362341173
20071010,7.76347475025e-05
20071011,0.0
20071012,0.0
20071013,0.00286237609934
20071014,5.05720135501e-05
20071015,0.00024970025216
20071016,0.00767040795225
20071017,0.203744941842
20071018,0.00838478754512
20071019,0.0976590428791
20071020,3.4224744056
20071021,0.32317785386
20071022,0.0266907681562
20071023,0.333542290579
20071024,0.594925668218
20071025,3.02592579994
20071026,0.999318622685
20071027,1.73470752542
20071028,0.810405505743
20071029,0.206634372843
20071030,0.0238229273831
20071031,0.0306420762954
20071101,0.0436285312869
20071102,0.000761369676255
20071103,0.000195194899023
20071104,0.00712321766857
20071105,0.000224204877503
20071106,1.73876101382e-06
20071107,0.0484127526757
20071108,0.0948786512569
20071109,0.00166118909899
20071110,0.0955470993822
20071111,0.0200878559178
20071112,0.698936778904
20071113,0.196034308945
20071114,0.423896155775
20071115,0.0376190138749
20071116,0.038006472965
20071117,0.0477845729875
20071118,0.00927576154302
20071119,0.45150848541
20071120,0.337015021322
20071121,0.0114486850869
20071122,0.013238192033
20071123,0.000232131263497
20071124,0.00037728242957
20071125,6.66576653654e-06
20071126,0.00356512735566
20071127,0.0167517517388
20071128,0.058651701377
20071129,12.9133248468
20071130,2.32229226797
20071201,2.83007619093
20071202,0.370897532251
20071203,0.0269300445691
20071204,0.00767132378038
20071205,0.00192614161296
20071206,0.0823800686493
20071207,0.0153946647539
20071208,0.609852019936
20071209,0.302543127565
20071210,13.4823876515
20071211,1.09750691629
20071212,0.794940336582
20071213,0.768293279243
20071214,0.867577303668
20071215,0.379908023822
20071216,7.62257074211
20071217,1.48600407108
20071218,0.235087801303
20071219,1.46252759876
20071220,5.88016211957
20071221,0.899525646776
20071222,2.84641591432
20071223,1.68968110797
20071224,2.28063907548
20071225,3.18698696235
20071226,2.55609545713
20071227,5.66298024102
20071228,2.11842895863
20071229,0.693497133271
20071230,5.89501504108
20071231,3.8775704899
20080101,1.28868992636
20080102,2.6701858801
20080103,1.89823175618
20080104,3.33786729713
20080105,4.35811301689
20080106,0.863872910112
20080107,3.05156226245
20080108,4.42359697438
20080109,2.19954179438
20080110,4.46384121919
20080111,4.18323829845
20080112,0.64837127666
20080113,1.42472079955
20080114,0.615537786279
20080115,0.55015411287
20080116,0.598873656389
20080117,0.232262253329
20080118,1.55086448946
20080119,2.99224820129
20080120,4.12228273178
20080121,0.470214442778
20080122,2.52213427463
20080123,2.0682588989
20080124,5.54969609289
20080125,2.44265197224
20080126,4.32393369329
20080127,4.62489430139
20080128,4.07382798825
20080129,0.972434879209
20080130,1.01937342801
20080131,3.59061918535
20080201,0.8693584155
20080202,2.12575098158
20080203,0.949780403962
20080204,3.11573254025
20080205,1.31446086244
20080206,1.99525382355
20080207,3.56099934918
20080208,3.39884598145
20080209,3.69799334403
20080210,1.05113186795
20080211,1.54403118993
20080212,0.067979409191
20080213,0.0230116677523
20080214,0.171595779604
20080215,0.0181147624311
20080216,0.0201854593634
20080217,0.905494726453
20080218,3.29786403672
20080219,9.10391244981
20080220,2.11065333166
20080221,4.89093627397
20080222,3.68790369338
20080223,1.67908303688
20080224,0.109086745665
20080225,0.20072609477
20080226,0.612419493886
20080227,0.0959241278686
20080228,0.0114047051925
20080229,1.04547157147
20080301,5.61497710041
20080302,2.79398532762
20080303,0.508899917635
20080304,0.334109085334
20080305,0.259026686088
20080306,0.0492644210501
20080307,0.296466278925
20080308,1.88618879805
20080309,2.07570086409
20080310,4.97946135913
20080311,0.213514719904
20080312,0.305809891834
20080313,2.05586340386
20080314,2.22550811476
20080315,0.338303526264
20080316,1.42837660693
20080317,2.24835423532
20080318,1.12314397596
20080319,1.83992543479
20080320,1.14021040901
20080321,0.202130858456
20080322,0.146521754848
20080323,0.0663706171151
20080324,0.68348046866
20080325,0.0126175750587
20080326,9.92712716649e-06
20080327,5.17216547336e-05
20080328,9.13810502543e-07
20080329,0.000456927752
20080330,0.0206134360937
20080331,0.00213029270278
20080401,3.12056580588e-05
20080402,0.0
20080403,0.0100537490627
20080404,0.00192922798405
20080405,0.00292541145803
20080406,0.0582005199238
20080407,0.0584374657837
20080408,0.00387519952646
20080409,0.0148150885592
20080410,0.110098764097
20080411,0.0193567054546
20080412,0.104990438402
20080413,0.0054871951037
20080414,0.0786192110899
20080415,0.600322035113
20080416,0.0514012982173
20080417,0.000721191217312
20080418,0.00278558128471
20080419,4.92152194386e-05
20080420,0.0
20080421,0.000101859861431
20080422,1.20578182166e-05
20080423,0.0734495640504
20080424,0.0982547788931
20080425,0.00171302272503
20080426,0.0146412684793
20080427,0.000620435690513
20080428,0.00134687877559
20080429,0.000179004269166
20080430,4.41803150492e-05
20080501,7.32086973916e-07
20080502,0.0
20080503,0.0
20080504,0.0
20080505,0.0
20080506,0.0
20080507,0.0
20080508,0.0
20080509,0.0285491691482
20080510,0.00179268537809
20080511,4.56633118273e-05
20080512,0.000146130288756
20080513,0.0422366606819
20080514,0.0157310149902
20080515,0.00215228481305
20080516,0.00670745406424
20080517,0.000117917044964
20080518,0.104191712511
20080519,0.00187365449514
20080520,0.00321782073725
20080521,5.6841716956e-05
20080522,0.0
20080523,0.0
20080524,0.0
20080525,0.0
20080526,0.0
20080527,0.000578859799087
20080528,1.02272055702e-05
20080529,0.000279386526245
20080530,4.93615721085e-06
20080531,0.0
20080601,0.0
20080602,0.0
20080603,0.0
20080604,0.0
20080605,0.0
20080606,0.0
20080607,0.0
20080608,0.0
20080609,0.0
20080610,0.0130079065232
20080611,0.0198948916618
20080612,0.404347289574
20080613,0.00713780648405
20080614,0.0
20080615,0.0
20080616,0.0141198195646
20080617,0.631889600302
20080618,0.0111597215134
20080619,0.00906230722008
20080620,0.00878256778413
20080621,0.682528653843
20080622,0.0120561179154
20080623,0.0
20080624,0.0
20080625,0.0
20080626,0.0225560533446
20080627,0.000398516673001
20080628,0.0
20080629,0.0
20080630,0.00625844621815
20080701,0.000110573274052
20080702,0.0
20080703,0.0
20080704,0.0
20080705,0.0
20080706,0.0
20080707,0.0205238961942
20080708,0.000362612995112
20080709,0.0
20080710,0.0
20080711,0.0
20080712,0.000226993487752
20080713,0.000914350742638
20080714,0.172650266879
20080715,0.00305007383828
20080716,0.0423256039328
20080717,0.000747802242234
20080718,0.0
20080719,0.338189675182
20080720,0.0125770192295
20080721,0.00759562259615
20080722,0.0735555219924
20080723,0.103560863699
20080724,0.00180677786683
20080725,0.023741791018
20080726,0.000419466265414
20080727,0.0
20080728,0.0
20080729,0.0
20080730,0.000930455240807
20080731,0.00539711516705
20080801,9.50649289405e-05
20080802,0.0632124475514
20080803,0.220558711824
20080804,0.386363698487
20080805,0.00675771420005
20080806,0.0
20080807,0.0
20080808,0.0
20080809,0.0
20080810,0.0180089635082
20080811,0.040198642318
20080812,0.0042435930279
20080813,0.289706370994
20080814,0.100823196164
20080815,0.00169091529168
20080816,0.0559015181948
20080817,0.000987659225616
20080818,0.0043519455002
20080819,0.0164232119651
20080820,0.000288804312678
20080821,0.0
20080822,0.00188379396841
20080823,3.32825756121e-05
20080824,0.00666402813581
20080825,0.000117739014497
20080826,1.32572689494e-05
20080827,2.34227362584e-07
20080828,0.0
20080829,0.0
20080830,0.0
20080831,0.0
20080901,0.0
20080902,0.0
20080903,0.0
20080904,0.0
20080905,0.0
20080906,0.0
20080907,0.0
20080908,0.0
20080909,0.0
20080910,0.0
20080911,0.0
20080912,0.000102787844227
20080913,1.81603987911e-06
20080914,0.0
20080915,0.0
20080916,0.000350944789293
20080917,6.20043614059e-06
20080918,0.0
20080919,0.0
20080920,0.0
20080921,0.0
20080922,0.0
20080923,0.0
20080924,0.0
20080925,0.0
20080926,0.0
20080927,0.0
20080928,0.0
20080929,0.0
20080930,0.0
20081001,0.0
20081002,0.0
20081003,0.0
20081004,0.0
20081005,0.0
20081006,0.0
20081007,0.381902259559
20081008,0.00676149480152
20081009,2.49210154284e-07
20081010,0.0425606366056
20081011,0.0478069811126
20081012,0.0382362948719
20081013,0.000660864528653
20081014,0.000414206326928
20081015,0.00510104552748
20081016,8.99951804253e-05
20081017,0.0
20081018,0.0
20081019,0.0
20081020,0.0
20081021,0.0
20081022,0.0
20081023,0.0
20081024,0.0
20081025,0.0704432079426
20081026,0.734313433834
20081027,0.0254347635961
20081028,0.00022054800389
20081029,0.00208423548191
20081030,6.69609640168
20081031,0.190590548606
20081101,0.00465985651742
20081102,0.000204750207591
20081103,2.56156672566e-06
20081104,0.0
20081105,0.0665753979005
20081106,0.0090051958256
20081107,0.0494015063572
20081108,2.30443806298
20081109,0.281712595845
20081110,0.183974127429
20081111,0.00318038613823
20081112,0.000789793674508
20081113,0.0135677829678
20081114,0.000239466970957
20081115,0.0082961396476
20081116,0.0906107309934
20081117,0.00720408205755
20081118,0.0178303710154
20081119,0.254484960111
20081120,0.774101046322
20081121,0.770522670535
20081122,0.138911310898
20081123,0.0605403481244
20081124,0.66853602037
20081125,4.9624169717
20081126,3.93039633309
20081127,3.78349226797
20081128,0.612372785737
20081129,0.416051868176
20081130,0.0862603148264
20081201,0.0755477686463
20081202,0.591405525422
20081203,0.246263315475
20081204,0.563235505777
20081205,0.302775400137
20081206,0.194918510308
20081207,0.787729136177
20081208,3.65770141013
20081209,0.946288182973
20081210,2.37716663652
20081211,1.87704784672
20081212,0.995561527544
20081213,5.99198705967
20081214,0.528599791593
20081215,2.91917252496
20081216,1.53081575797
20081217,2.61402205986
20081218,12.6709403423
20081219,4.79299310818
20081220,1.18914604048
20081221,0.878513354808
20081222,0.954946600663
20081223,0.0335677886621
20081224,0.743875990874
20081225,13.3724392419
20081226,1.18716605431
20081227,0.461774725162
20081228,0.262161897595
20081229,0.0745219495728
20081230,0.00356872446934
20081231,0.042322524875
20090101,0.445938890734
20090102,0.650486321142
20090103,4.94699316786
20090104,2.16867210785
20090105,3.83174605875
20090106,0.580482875855
20090107,0.131297235975
20090108,1.11420850502
20090109,0.0219261904056
20090110,0.305764209788
20090111,3.01175597856
20090112,15.7708562603
20090113,0.859560120212
20090114,3.12134936763
20090115,1.48932683173
20090116,1.08110637927
20090117,0.866771450622
20090118,0.032210166908
20090119,1.35957642555
20090120,2.03521185389
20090121,2.6095107749
20090122,2.8540106865
20090123,3.32609412031
20090124,2.26181562342
20090125,1.07779237418
20090126,1.64227555344
20090127,0.566912482503
20090128,0.0
20090130,0.0
20090131,0.0
20090201,0.0
20090202,0.0
20090204,0.0
20090205,0.0
20090206,0.0
20090207,0.0
20090210,0.0
20090211,0.0
20090212,0.0
20090213,0.0
20090214,0.0
20090215,0.0
20090217,0.0
20090218,0.0
20090219,0.0
20090220,0.0
20090222,0.0
20090223,0.0
20090226,0.0
20090227,0.0
20090228,0.0
20090302,0.0
20090303,0.0
20090304,0.0
20090305,0.0
20090306,0.0
20090307,0.0
20090308,0.0
20090310,0.0
20090311,0.0
20090312,3.03495986306
20090313,1.18827385039
20090314,2.66007635853
20090315,1.39033387578
20090316,2.1302978973
20090317,1.27645723363
20090318,2.56702523567
20090319,0.372687410521
20090320,0.49902156156
20090321,1.31960694282
20090322,6.48025338627
20090323,0.549292680717
20090324,0.165748482556
20090325,1.73172279344
20090326,0.60463031739
20090327,0.539662142867
20090328,0.152133013304
20090329,0.0242424882475
20090330,0.476810964908
20090331,1.68680782948
20090401,5.56517194161
20090402,4.99088513235
20090403,7.52156511747
20090404,0.745377030893
20090405,0.112516168974
20090406,0.00360015214841
20090407,3.18710370278e-05
20090408,0.000178801324003
20090409,0.00130501589779
20090410,2.30010066049e-05
20090411,0.0
20090412,0.0
20090413,0.0
20090414,0.0
20090415,0.0
20090416,0.0
20090417,0.0
20090418,0.0
20090419,0.0
20090420,0.000149562644962
20090421,0.00337911403136
20090422,0.26770183878
20090423,0.0759785749069
20090424,0.0012588323643
20090425,0.0
20090426,0.00494659355589
20090427,0.54893511763
20090428,0.394401485143
20090429,0.0476969933607
20090430,0.0379841048425
20090501,0.000658330164507
20090502,0.0108408585758
20090503,0.248063737281
20090504,0.245732450819
20090505,0.00770183243065
20090506,6.07357546616e-05
20090507,0.00166557708312
20090508,2.94271519656e-05
20090509,0.0
20090510,0.0
20090511,0.00129462529086
20090512,0.00433497221156
20090513,7.61854920492e-05
20090514,0.0
20090515,0.0
20090516,0.0
20090517,0.0
20090518,0.0
20090519,0.0
20090520,0.0
20090521,0.0
20090522,0.0498068879052
20090523,0.000879980280699
20090524,0.0
20090525,0.0
20090526,0.0
20090527,0.0
20090528,0.0
20090529,0.0
20090530,0.0
20090531,0.0
20090601,0.0
20090602,0.0187744087303
20090603,0.000331703307764
20090604,0.0
20090605,0.0
20090606,0.0
20090607,0.0
20090608,0.0
20090609,0.0
20090610,0.0
20090611,0.0
20090612,0.0
20090613,0.0
20090614,0.00319812920572
20090615,0.000235199373406
20090616,3.15716174841e-06
20090617,0.0
20090618,0.0123780209088
20090619,0.0173357141325
20090620,0.000302420848996
20090621,0.0350488019398
20090622,0.000619236908729
20090623,0.0
20090624,0.0
20090625,0.0
20090626,0.0
20090627,0.350334370472
20090628,0.0942910083753
20090629,0.00155656098907
20090630,0.520258106424
20090701,0.0347329988108
20090702,0.242845676769
20090703,0.269636845751
20090704,0.508105157137
20090705,0.0088942915179
20090706,0.9719678643
20090707,0.0200438206507
20090708,5.07286751767e-05
20090709,0.0
20090710,0.00235633274168
20090711,0.0349758792561
20090712,0.000617214424003
20090713,0.000159249078221
20090714,2.81358834436e-06
20090715,0.0
20090716,0.0
20090717,0.0
20090718,0.0
20090719,0.00174380733916
20090720,0.104979931428
20090721,0.00185422475905
20090722,0.0
20090723,0.0
20090724,0.0
20090725,0.094250787025
20090726,0.00166520816258
20090727,0.00685375597147
20090728,0.000121091087419
20090729,0.0
20090730,0.0
20090731,0.0
20090801,0.0135284214804
20090802,0.000239018082202
20090803,0.00812054794386
20090804,0.0376569869214
20090805,0.0497014402795
20090806,0.0815223651397
20090807,0.00142501695693
20090808,0.0
20090809,0.0166365451179
20090810,0.000293931920496
20090811,0.0
20090812,0.0
20090813,0.0
20090814,0.0
20090815,0.0
20090816,0.0
20090817,0.0
20090818,0.0
20090819,0.0
20090820,0.0
20090821,0.0
20090822,0.0
20090823,0.0
20090824,0.0158094959886
20090825,0.415305136651
20090826,0.00733261101593
20090827,0.0
20090828,0.0
20090829,0.0
20090830,0.0
20090831,0.0
20090901,0.0
20090902,0.0
20090903,0.0
20090904,4.55253073715e-05
20090905,0.00476806442152
20090906,8.42272070974e-05
20090907,0.0
20090908,0.0
20090909,0.0
20090910,0.0
20090911,0.0
20090912,0.0
20090913,0.0
20090914,0.0
20090915,0.0
20090916,0.0
20090917,0.0
20090918,0.0
20090919,0.0
20090920,0.0
20090921,0.0
20090922,0.0143342221303
20090923,0.000253254803439
20090924,0.0
20090925,0.0
20090926,0.0
20090927,0.00102139188251
20090928,1.80457919046e-05
20090929,0.0
20090930,0.102392810606
20091001,0.0664821196545
20091002,0.00128070799295
20091003,0.638953985449
20091004,0.0112888969149
20091005,0.0
20091006,0.0
20091007,0.0
20091008,0.0
20091009,0.0
20091010,0.0
20091011,0.0
20091012,0.0
20091013,0.0
20091014,0.0
20091015,0.0
20091016,0.0
20091017,0.0
20091018,0.0
20091019,0.0
20091020,0.021476311163
20091021,0.914211354784
20091022,0.0202157165084
20091023,0.0142716446853
20091024,0.000250878655091
20091025,0.0
20091026,0.000123949782249
20091027,1.34080822356
20091028,0.554629099156
20091029,0.00938056358714
20091030,0.00201453482639
20091031,0.18307920957
20091101,0.0150335367265
20091102,0.000208472624422
20091103,1.64514346587e-06
20091104,0.00598348151729
20091105,0.00397491907982
20091106,0.506888505837
20091107,0.510971194629
20091108,1.5269067769
20091109,0.173830260415
20091110,0.00841203518679
20091111,0.138945652346
20091112,0.0398272646136
20091113,0.0645899678507
20091114,0.00176264949908
20091115,1.11864024733e-05
20091116,0.0
20091117,0.0
20091118,10.3300963859
20091119,1.03280447813
20091120,0.0150228613164
20091121,0.00762732917563
20091122,0.000134758454414
20091123,1.06101292998
20091124,2.19507340483
20091125,7.41376143602
20091126,0.547142006798
20091127,0.369444293459
20091128,0.422784079499
20091129,0.189932070832
20091130,0.833074305445
20091201,0.359355910325
20091202,0.0208406737494
20091203,0.0642772174995
20091204,0.0245693962892
20091205,0.143698747179
20091206,0.336077269175
20091207,0.0165948166562
20091208,0.0696069078232
20091209,0.0274908749042
20091210,0.258540936545
20091211,0.00502911707704
20091212,0.455649077662
20091213,2.89018398833
20091214,12.6460139868
20091215,3.66392261711
20091216,0.313563626854
20091217,0.0491237740917
20091218,1.401369026
20091219,0.163321762751
20091220,0.507659177579
20091221,1.79938130371
20091222,5.21499843588
20091223,2.99292618994
20091224,4.68280941108
20091225,1.47837000621
20091226,3.41194268453
20091227,4.47654428562
20091228,2.43038240608
20091229,3.46886967106
20091230,0.92329345961
20091231,1.82842766311
20100101,2.10169619267
20100102,0.102057384037
20100103,0.850942872749
20100104,0.980751930241
20100105,0.622694232812
20100106,1.51436248647
20100107,3.75840390763
20100108,5.91247837165
20100109,0.6775269542
20100110,1.46845009099
20100111,0.0323376071243
20100112,0.139272060698
20100113,1.68722545414
20100114,2.17298469854
20100115,1.6427694512
20100116,0.501157223412
20100117,0.696094050066
20100118,4.18074749096
20100119,0.573193603249
20100120,0.0243439932978
20100121,0.630786538153
20100122,3.04749408591
20100123,2.36989947243
20100124,0.330136878834
20100125,0.930169302797
20100126,0.942741724338
20100127,6.94792624155
20100128,2.97946820131
20100129,0.525525981396
20100130,1.02086034324
20100131,3.48897941336
20100201,0.740738294839
20100202,7.68445779845
20100203,1.07144822794
20100204,0.243757152065
20100205,1.61738384723
20100206,0.862748135659
20100207,1.22122925684
20100208,0.537581429389
20100209,2.56850520516
20100210,1.4846191599
20100211,0.337203655879
20100212,0.222695525481
20100213,1.80031124387
20100214,0.920216134587
20100215,2.01096651254
20100216,0.176613194156
20100217,0.23127992047
20100218,2.80437094546
20100219,8.31028793633
20100220,8.01580165742
20100221,0.992153215741
20100222,5.74989967022
20100223,3.80932491089
20100224,4.36120241084
20100225,2.7427208975
20100226,0.647739336865
20100227,0.32673331872
20100228,0.322945067066
20100301,1.93809865967
20100302,1.97317394837
20100303,3.92016903562
20100304,0.347367287872
20100305,2.89183971206
20100306,0.401192753912
20100307,0.28446536827
20100308,3.24897254388
20100309,1.49676059923
20100310,5.78058879019
20100311,3.71499144244
20100312,2.2368336979
20100313,2.34823745515
20100314,0.439400861363
20100315,6.84208931508
20100316,1.26607876331
20100317,9.88717360588
20100318,0.558754140857
20100319,8.87160050127
20100320,2.00482917241
20100321,0.590061605292
20100322,4.64692553431
20100323,0.838510010769
20100324,0.383081031108
20100325,0.0329982682412
20100326,0.0479098029519
20100327,0.461158757367
20100328,0.877075052288
20100329,0.0380803644027
20100330,0.0112310995412
20100331,0.0503321195918
20100401,0.441810896927
20100402,0.0108129570266
20100403,0.0109860000925
20100404,0.00542893829424
20100405,0.789541832007
20100406,2.13006560141
20100407,0.0394788371937
20100408,0.0500968286579
20100409,2.90163698185
20100410,2.53480565123
20100411,0.605284325896
20100412,0.289503096096
20100413,0.178123728301
20100414,0.365990502929
20100415,0.400896164653
20100416,0.0070700178987
20100417,0.0661924293764
20100418,0.00129003413879
20100419,1.43851152294e-05
20100420,2.16512149941e-07
20100421,0.000856400071403
20100422,0.0148877280679
20100423,0.000885278933166
20100424,1.10210177872e-05
20100425,3.98771399759e-10
20100426,2.64705367375
20100427,0.0815243026807
20100428,0.00285477883675
20100429,0.102199310918
20100430,0.678633946905
20100501,0.111680905206
20100502,0.0931964327037
20100503,0.00161545126341
20100504,0.0
20100505,0.000257747900131
20100506,0.219719870752
20100507,0.00388189595408
20100508,0.0
20100509,0.0
20100510,0.0
20100511,0.0
20100512,0.0
20100513,0.0
20100514,0.0
20100515,0.0
20100516,0.0
20100517,0.0
20100518,0.0
20100519,0.0
20100520,0.0
20100521,0.0
20100522,0.0
20100523,0.00487709875841
20100524,1.60645637983
20100525,0.140790658424
20100526,0.0181295085827
20100527,6.16996946356
20100528,0.10900503717
20100529,0.0
20100530,0.00905300616281
20100531,0.00015994709385
20100601,0.0
20100602,0.000249872878274
20100603,4.41471498035e-06
20100604,0.0
20100605,0.0
20100606,0.0
20100607,0.0
20100608,0.0119887082001
20100609,0.000211814653905
20100610,0.0
20100611,0.0
20100612,8.35885085117e-06
20100613,0.00104745359981
20100614,1.85036368376e-05
20100615,0.0
20100616,0.0
20100617,0.0
20100618,0.0125358456513
20100619,0.107761067617
20100620,3.12916872321
20100621,0.0644633903457
20100622,0.00544634802064
20100623,9.33498765657e-05
20100624,3.62382930567e-05
20100625,0.000734705341834
20100626,0.00735656588203
20100627,0.000129745512501
20100628,0.0
20100629,0.0
20100630,0.00520551733343
20100701,1.18372675783
20100702,0.0230621400063
20100703,3.79834899835e-05
20100704,0.0
20100705,0.0
20100706,0.0
20100707,0.0
20100708,0.0
20100709,0.240556512553
20100710,0.00472950009511
20100711,8.46969440346e-06
20100712,0.0
20100713,0.0
20100714,0.0528887532449
20100715,0.101761281447
20100716,0.00178139302916
20100717,0.0805205075553
20100718,0.364882801491
20100719,0.034257218814
20100720,0.220214650275
20100721,0.00388202901093
20100722,0.0
20100723,0.217082547535
20100724,0.0215967124302
20100725,0.0675580999356
20100726,0.00489252993481
20100727,0.0329970465849
20100728,0.000581830382762
20100729,0.0
20100730,0.0480518677568
20100731,0.00606006992977
20100801,0.539859581805
20100802,0.176816690741
20100803,0.0184716149736
20100804,0.00422814721971
20100805,6.98588501272e-05
20100806,0.0
20100807,0.0
20100808,0.0
20100809,0.0
20100810,0.0
20100811,0.0776150877625
20100812,1.5277917119
20100813,0.562454881932
20100814,0.00946088935655
20100815,0.0
20100816,0.0
20100817,0.0
20100818,0.0
20100819,0.0
20100820,0.0331472747239
20100821,0.000585640839559
20100822,0.0
20100823,0.0
20100824,0.0
20100825,0.0263661880199
20100826,0.000466061226621
20100827,0.00685970432478
20100828,0.591016487354
20100829,0.0356629310793
20100830,0.0612358618574
20100831,0.0368071406606
20100901,0.000631327006821
20100902,0.0200856244054
20100903,0.977173976896
20100904,0.0172582878498
20100905,4.08399824658e-05
20100906,7.21554411897e-07
20100907,0.0
20100908,0.0
20100909,0.0
20100910,0.0
20100911,0.0
20100912,0.0
20100913,0.0
20100914,0.0
20100915,0.0
20100916,0.0
20100917,0.0
20100918,0.0
20100919,0.0
20100920,0.0
20100921,0.0
20100922,0.0
20100923,0.0
20100924,0.0
20100925,0.0
20100926,0.0
20100927,0.0
20100928,0.0
20100929,0.0
20100930,0.14463320048
20101001,0.00485757334578
20101002,4.06752231242e-05
20101003,0.0
20101004,0.0
20101005,0.0
20101006,0.0
20101007,0.0
20101008,0.0
20101009,0.0
20101010,0.0
20101011,0.0
20101012,0.0
20101013,0.0
20101014,0.0
20101015,0.0
20101016,0.0
20101017,5.58808557122e-05
20101018,0.00121156006663
20101019,2.13882085258e-05
20101020,4.68928342581e-06
20101021,0.00363066530952
20101022,6.41445616129e-05
20101023,0.0
20101024,0.0
20101025,0.0
20101026,0.0
20101027,0.0
20101028,0.0
20101029,0.0
20101030,0.0
20101031,0.0
20101101,0.00146567506746
20101102,0.0119964015842
20101103,0.0589740124752
20101104,0.00239262648063
20101105,0.0087189782949
20101106,0.000153622771162
20101107,0.0
20101108,0.00100814387489
20101109,0.00195652972715
20101110,0.000140876772834
20101111,0.0462165537316
20101112,0.182758518491
20101113,0.00321473030232
20101114,3.66233177643e-09
20101115,0.000780837887194
20101116,1.37957238704e-05
20101117,0.117796353138
20101118,0.0146708493118
20101119,0.00675465674425
20101120,0.0145293859249
20101121,0.462847147316
20101122,0.437420988652
20101123,0.0996014417453
20101124,0.569687532012
20101125,0.0105798051216
20101126,0.00267307375867
20101127,0.00172653783222
20101128,0.00545228593146
20101129,0.0170135318775
20101130,0.0796008267085
20101201,1.58183689716
20101202,0.184558167715
20101203,0.344101025305
20101204,0.29458011137
20101205,1.88654120243
20101206,2.44930600013
20101207,2.33075319411
20101208,3.71799443119
20101209,6.40609618181
20101210,4.93230263373
20101211,0.974991902082
20101212,5.46686226758
20101213,1.30044463753
20101214,0.0212744649364
20101215,0.251566399309
20101216,0.529548281493
20101217,0.0224362403556
20101218,0.770123397845
20101219,0.431834435557
20101220,1.61394238339
20101221,7.18319643476
20101222,1.40632159921
20101223,1.82193159441
20101224,0.0334597324703
20101225,4.13576924983
20101226,0.538014329825
20101227,0.179381986141
20101228,0.164834837856
20101229,0.135920908816
20101230,0.100601241659
20101231,1.34605077976
20110101,0.135339960996
20110102,0.462996652765
20110103,0.0654041108492
20110104,0.377464485691
20110105,0.460259808272
20110106,1.08364537918
20110107,4.38523071261
20110108,5.00532121834
20110109,3.86590714234
20110110,0.80030544101
20110111,1.44977480304
20110112,0.912222111059
20110113,1.55048258192
20110114,4.25506193812
20110115,4.30579287224
20110116,0.860557428862
20110117,2.84921521412
20110118,2.30669593179
20110119,0.0499082533356
20110120,0.490279890132
20110121,0.229356304453
20110122,3.54452838715
20110123,1.03569592209
20110124,0.58484299335
20110125,0.162738797655
20110126,1.44233739252
20110127,3.07097769823
20110128,0.881905312117
20110129,0.401072730334
20110130,4.69737240787
20110131,10.6253013631
20110201,2.02343396746
20110202,3.92546052659
20110203,3.14447442152
20110204,0.317554659062
20110205,3.8318405325
20110206,4.36383236486
20110207,4.45781507264
20110208,11.2150616268
20110209,1.54078531348
20110210,2.86967259849
20110211,8.81636687657
20110212,5.4937198179
20110213,6.77342951084
20110214,0.796902774793
20110215,1.03674409729
20110216,1.15009517878
20110217,0.27946582138
20110218,0.604347509928
20110219,19.8779847043
20110220,2.77141020461
20110221,4.03446943912
20110222,2.46550979351
20110223,3.08873073542
20110224,0.346305041444
20110225,1.77903515578
20110226,0.260630135912
20110227,10.0506677821
20110228,1.05089537917
20110301,8.46952317897
20110302,8.18437616742
20110303,5.45292281493
20110304,3.90579957423
20110305,2.83655231031
20110306,1.74117831195
20110307,0.428051366313
20110308,2.68095078666
20110309,1.43257334275
20110310,2.98647344631
20110311,1.26679956766
20110312,0.0332375271487
20110313,0.0140974340556
20110314,0.154421690232
20110315,3.63365454859
20110316,4.23935952951
20110317,2.27814060687
20110318,1.20918211793
20110319,1.43086157916
20110320,2.60400789146
20110321,0.430948882054
20110322,1.74623743536
20110323,2.05766679532
20110324,3.38137378436
20110325,0.141537869381
20110326,0.0793647748435
20110327,0.25027821157
20110328,2.00597039104
20110329,1.6312460426
20110330,0.433176476137
20110331,2.5092344337
20110401,2.93728261984
20110402,0.2629340613
20110403,0.196215943715
20110404,0.69995955809
20110405,0.211602992645
20110406,1.68021972229
20110407,2.91176839138
20110408,4.50316280575
20110409,1.64518594077
20110410,2.01382984045
20110411,0.513699353638
20110412,0.0318786269998
20110413,0.000413827718607
20110414,0.0
20110415,0.0
20110416,0.0136808982873
20110417,0.00657045787173
20110418,0.030179214704
20110419,0.49283130247
20110420,0.109211029632
20110421,0.0304390498633
20110422,0.125673124692
20110423,0.19016082206
20110424,0.00998293374889
20110425,0.0193861640463
20110426,0.0005913814781
20110427,0.0137778878446
20110428,0.00730549965296
20110429,0.0500901470478
20110430,0.0574032015921
20110501,0.0136231763634
20110502,0.0249798937901
20110503,0.00258722545811
20110504,0.0059081577758
20110505,0.000435382166593
20110506,5.85987379061e-06
20110507,0.0
20110508,8.05332554029e-06
20110509,0.000432930986088
20110510,7.64644386611e-06
20110511,0.0
20110512,0.0
20110513,0.0
20110514,0.0
20110515,0.0
20110516,0.000120228304243
20110517,0.00138811506909
20110518,2.4487472507e-05
20110519,0.0
20110520,0.0
20110521,0.00198310531964
20110522,0.00383257332396
20110523,0.00104894572785
20110524,0.0141823530264
20110525,0.00647013348323
20110526,0.0285452152959
20110527,0.00084986380563
20110528,4.10672139684e-05
20110529,0.000147696313513
20110530,0.000191527986192
20110531,3.33797454307e-06
20110601,0.0
20110602,0.0
20110603,6.26129636428e-05
20110604,1.10623632711e-06
20110605,0.0
20110606,0.000258707773319
20110607,4.57081024998e-06
20110608,0.0
20110609,0.0
20110610,0.000543601468147
20110611,9.60426985894e-06
20110612,0.0
20110613,0.0
20110614,0.0
20110615,1.53442382831e-06
20110616,2.71099651389e-08
20110617,0.0
20110618,0.0
20110619,0.00395391540138
20110620,6.98571672521e-05
20110621,0.0
20110622,0.0
20110623,0.0
20110624,0.0
20110625,0.0
20110626,0.0
20110627,0.0
20110628,0.0
20110629,0.0
20110630,0.0
20110701,0.0
20110702,0.0
20110703,0.0
20110704,0.0
20110705,0.0
20110706,0.0
20110707,0.0
20110708,0.000116109681406
20110709,2.05140735643e-06
20110710,0.0
20110711,0.0
20110712,0.0
20110713,0.0353318225875
20110714,0.000813881573608
20110715,3.35060880081e-06
20110716,0.0
20110717,0.0
20110718,0.0
20110719,0.000159263219084
20110720,2.81383850016e-06
20110721,0.0
20110722,0.0
20110723,0.0
20110724,0.0
20110725,0.0
20110726,0.0
20110727,0.00234162487615
20110728,4.13714587149e-05
20110729,0.0
20110730,0.0
20110731,0.0
20110801,0.0
20110802,0.0
20110803,0.00458485093729
20110804,8.10044462121e-05
20110805,0.0
20110806,0.0
20110807,0.0
20110808,0.000303979751173
20110809,0.0116837090655
20110810,0.000206331051053
20110811,0.0
20110812,0.0
20110813,0.0
20110814,0.0
20110815,0.000289416443199
20110816,5.11336585672e-06
20110817,0.0
20110818,0.0
20110819,0.0
20110820,0.0
20110821,0.0
20110822,0.0
20110823,0.0
20110824,0.0
20110825,0.000594047305452
20110826,0.000405845705162
20110827,6.98498225811e-06
20110828,0.000908385043758
20110829,0.0010549450728
20110830,1.83550521503e-05
20110831,0.0
20110901,0.0
20110902,0.0
20110903,0.0
20110904,0.0
20110905,0.0
20110906,0.0
20110907,0.0
20110908,0.0
20110909,0.0
20110910,0.0
20110911,0.0
20110912,0.00263872678619
20110913,4.66206099716e-05
20110914,0.0
20110915,0.00205124536743
20110916,0.00262111841948
20110917,4.56692057982e-05
20110918,0.0
20110919,0.0
20110920,0.0695790023924
20110921,0.00122931085069
20110922,0.0
20110923,0.00485617906728
20110924,0.0035056918752
20110925,0.0586220100811
20110926,0.00103465679721
20110927,0.0
20110928,0.0
20110929,0.0
20110930,0.000671323044472
20111001,0.286112889138
20111002,0.00608537078308
20111003,2.72731827321e-05
20111004,1.60159276078e-07
20111005,0.0135399747475
20111006,2.06000886385
20111007,1.81731318983
20111008,0.0314650447358
20111009,0.00572043702609
20111010,0.0343289110624
20111011,0.00113054857989
20111012,6.76128990218e-05
20111013,0.179658581108
20111014,0.134760398162
20111015,0.00602682972537
20111016,7.20552544547e-05
20111017,0.00044131353412
20111018,0.000572395375702
20111019,0.000923821203906
20111020,0.000837424362829
20111021,1.45102246716e-05
20111022,0.0
20111023,0.0
20111024,0.0
20111025,0.0
20111026,0.0
20111027,0.0
20111028,0.000561936101904
20111029,9.92820085545e-06
20111030,0.0
20111031,0.0
20111101,0.0
20111102,0.152530023898
20111103,0.372798768778
20111104,0.00653893810587
20111105,0.0
20111106,0.792955632706
20111107,0.606358151607
20111108,0.0197493809844
20111109,0.614937260436
20111110,0.0843782337295
20111111,0.00564541592108
20111112,0.000417266778985
20111113,0.00113412839594
20111114,0.0235594207202
20111115,0.0272744621567
20111116,0.220110638137
20111117,0.139042632362
20111118,0.0949148769148
20111119,0.0198590631754
20111120,0.00487217167456
20111121,0.00227792535257
20111122,0.0280036611508
20111123,0.0732762379117
20111124,0.00128886352804
20111125,6.30253969236e-05
20111126,0.472331469815
20111127,1.49573994327
20111128,0.915642079925
20111129,2.23034094216
20111130,3.09885199804
20111201,0.249565652579
20111202,0.00348391371908
20111203,5.2522713576e-07
20111204,1.27463525102
20111205,3.3963837349
20111206,0.898056196918
20111207,0.356521602954
20111208,1.64939794769
20111209,0.186050086164
20111210,4.4012033866
20111211,3.67753219879
20111212,0.57532189038
20111213,2.73093019146
20111214,3.95494500894
20111215,0.0724016501566
20111216,0.079831935452
20111217,1.26587211946
20111218,0.546398361252
20111219,1.78096567599
20111220,3.529211905
20111221,3.1239208843
20111222,0.237700537172
20111223,1.55385955593
20111224,0.525692478135
20111225,0.937663652401
20111226,0.426754858033
20111227,0.0329935353734
20111228,0.453258415197
20111229,0.16260894673
20111230,0.438300622908
20111231,1.14256702724
20120101,1.36206873835
20120102,5.70653911193
20120103,5.83054040809
20120104,7.58082487265
20120105,1.1505542711
20120106,1.78979687786
20120107,4.89990026117
20120108,27.4423078057
20120109,0.81134661125
20120110,2.78579613656
20120111,2.0852718584
20120112,3.5824551558
20120113,1.07362296972
20120114,0.300973616503
20120115,4.96535612062
20120116,16.1492321802
20120117,5.20900458469
20120118,4.23891589766
20120119,0.89185864958
20120120,4.30773373645
20120121,4.23744624718
20120122,0.551054527296
20120123,5.30652669484
20120124,0.111014023018
20120125,4.94228445951
20120126,0.684143397105
20120127,1.51118595357
20120128,1.22393277702
20120129,5.34646500744
20120130,5.57410428842
20120131,0.290865382158
20120201,2.88966323728
20120202,0.110030042841
20120203,0.137746599838
20120204,2.10772803751
20120205,1.43888257681
20120206,0.174655506409
20120207,2.56860149139
20120208,2.51263119205
20120209,0.853764143985
20120210,1.57063520105
20120211,0.201604301935
20120212,1.13125545212
20120213,0.873099086492
20120214,0.401023911022
20120215,0.440690740798
20120216,0.885749792922
20120217,1.08203773071
20120218,1.87197628661
20120219,0.877010097561
20120220,2.86751209772
20120221,1.72101434341
20120222,0.882796794517
20120223,0.258717322141
20120224,0.162471445289
20120225,4.07983973947
20120226,11.6724375853
20120227,1.96371265176
20120228,2.39022845872
20120229,0.574047806794
20120301,1.76900043361
20120302,0.224254057433
20120303,0.0804582385084
20120304,1.77786847714
20120305,4.01759849657
20120306,3.72165317531
20120307,7.71241795624
20120308,3.53533166273
20120309,1.55979676699
20120310,12.0475375382
20120311,5.86853449002
20120312,5.88252687367
20120313,0.646288274992
20120314,0.946071544536
20120315,0.64107578953
20120316,0.58745434553
20120317,0.159785371146
20120318,2.26871161525
20120319,3.44864759895
