20010102,5.84569120664
20010103,3.58145828757
20010104,0.186315891407
20010105,0.00220551781562
20010106,0.0
20010107,0.0
20010108,0.0338237174417
20010109,0.00691506851961
20010110,0.00026461088849
20010111,2.70308632507e-06
20010112,0.0
20010113,0.0016882446451
20010114,2.98276376324e-05
20010115,0.00700188146865
20010116,0.101458726854
20010117,0.0222363032211
20010118,1.23727868619
20010119,0.0246954999447
20010120,5.02090860321e-05
20010121,1.05325345277e-06
20010122,0.0612111148438
20010123,0.00115558027717
20010124,0.0601167134273
20010125,0.278401064688
20010126,1.09987570993
20010127,2.09252869978
20010128,0.190990446171
20010129,0.91685664747
20010130,0.220254614998
20010131,0.261555116211
20010201,0.313578262633
20010202,0.115882834406
20010203,0.00291557579129
20010204,0.221530010521
20010205,21.4081666906
20010206,13.3188046414
20010207,6.81278225024
20010208,1.83432379549
20010209,2.70923652368
20010210,9.44472786425
20010211,6.91157128258
20010212,1.37811987281
20010213,0.0714451833968
20010214,0.649232348173
20010215,7.11927752533
20010216,1.53996742327
20010217,3.36570946355
20010218,9.43865877054
20010219,2.31850256755
20010220,3.95616536413
20010221,6.9789995082
20010222,5.66209439389
20010223,1.59216347789
20010224,1.17204325941
20010225,1.32324186217
20010226,0.243553583546
20010227,1.01170088771
20010228,1.93566997607
20010301,8.21324216321
20010302,13.3969766948
20010303,1.93779096365
20010304,0.226622070808
20010305,0.18021848041
20010306,0.439224361293
20010307,1.5866491151
20010308,2.4814308681
20010309,0.561782578226
20010310,0.152395113319
20010311,0.00254649059526
20010312,4.40832922641e-07
20010313,0.30126212097
20010314,5.71156694507
20010315,1.77165699524
20010316,4.13102273996
20010317,0.160765703733
20010318,0.111234569607
20010319,0.36721206698
20010320,0.859544694295
20010321,0.544821892896
20010322,0.893102320288
20010323,0.367087606385
20010324,1.13454839535
20010325,0.111095852311
20010326,0.00161061046636
20010327,0.000130650246635
20010328,0.0914099067175
20010329,0.00161497503188
20010330,0.0
20010331,0.0
20010401,0.0464802630103
20010402,0.0148074782823
20010403,0.0983354511954
20010404,0.359341030217
20010405,6.24199003579
20010406,1.03128773827
20010407,0.0242254375843
20010408,0.000140482133796
20010409,0.00371205756478
20010410,0.000294571131379
20010411,4.04570742056e-06
20010412,0.0
20010413,0.0
20010414,0.0
20010415,0.381243982892
20010416,0.151450850134
20010417,0.00255680358698
20010418,0.0401182534645
20010419,0.0257350056379
20010420,0.000442159025264
20010421,0.000106900707095
20010422,1.88870512005e-06
20010423,0.0149098840369
20010424,0.000263425509292
20010425,0.0
20010426,0.0
20010427,0.0
20010428,0.00130341548644
20010429,0.225326473902
20010430,0.00398062635879
20010501,0.0
20010502,0.0
20010503,0.43886201557
20010504,0.00837428472524
20010505,0.00245173600002
20010506,0.109877110145
20010507,0.00194052990617
20010508,0.0
20010509,0.0
20010510,0.0
20010511,0.0
20010512,0.0
20010513,0.0
20010514,0.0304432471365
20010515,0.000537866566388
20010516,0.0
20010517,0.0
20010518,0.0
20010519,0.0
20010520,0.0
20010521,0.00173239396276
20010522,3.0607666495e-05
20010523,0.0
20010524,0.0
20010525,0.0
20010526,0.0
20010527,0.0
20010528,2.43937012758
20010529,0.576624436349
20010530,0.0378312045946
20010531,0.000501854273834
20010601,0.0
20010602,0.0
20010603,0.0
20010604,0.0
20010605,0.0
20010606,0.0
20010607,0.0
20010608,0.0
20010609,0.0
20010610,0.0
20010611,0.0
20010612,2.23137066748
20010613,0.0424667888048
20010614,0.632774347586
20010615,0.0111829005259
20010616,7.23046111433e-08
20010617,0.0
20010618,0.00292241250166
20010619,5.16327397893e-05
20010620,0.000915555560058
20010621,1.61758929842e-05
20010622,0.0
20010623,0.0
20010624,0.0
20010625,0.000180782970545
20010626,3.19404453777e-06
20010627,0.368786735851
20010628,0.00651566658374
20010629,0.0
20010630,0.0
20010701,0.0
20010702,0.0
20010703,0.00296337007373
20010704,5.23563609576e-05
20010705,0.0
20010706,0.0133345538542
20010707,2.09870089353
20010708,0.609240724719
20010709,0.0101089282816
20010710,0.0
20010711,0.0
20010712,0.286775086586
20010713,0.00742379889284
20010714,0.00584015378791
20010715,0.00010244716127
20010716,0.0
20010717,0.0
20010718,0.00121510989755
20010719,0.00298451414861
20010720,5.23506394142e-05
20010721,0.0
20010722,0.0
20010723,0.00296939688989
20010724,0.0221327996119
20010725,0.00254453875838
20010726,0.222165060857
20010727,0.308709966478
20010728,0.005384901733
20010729,0.0586515701204
20010730,4.87853568557
20010731,2.9572420035
20010801,0.188281188095
20010802,0.00243031146764
20010803,0.0
20010804,0.0
20010805,0.0
20010806,0.0
20010807,0.250660833547
20010808,0.00442863651658
20010809,0.0
20010810,0.0
20010811,0.0
20010812,0.0
20010813,0.0
20010814,0.0
20010815,0.0
20010816,0.0
20010817,0.0
20010818,0.0
20010819,0.0
20010820,0.0
20010821,0.0
20010822,0.0
20010823,0.0
20010824,0.0
20010825,0.0
20010826,0.00180565644895
20010827,3.19020524321e-05
20010828,0.000882575221851
20010829,1.55932012279e-05
20010830,0.0
20010831,0.0
20010901,0.0
20010902,0.0
20010903,0.0
20010904,0.0
20010905,0.0
20010906,0.0
20010907,0.00292258118141
20010908,0.00664754934439
20010909,0.00011653555455
20010910,0.0
20010911,0.0
20010912,0.0
20010913,0.0
20010914,4.46296333419
20010915,1.33542910377
20010916,0.110100668214
20010917,0.00155299714433
20010918,0.0
20010919,0.000327920738843
20010920,0.0164477331969
20010921,0.00029049363046
20010922,0.0
20010923,0.0
20010924,0.0
20010925,0.0
20010926,0.000326439879759
20010927,5.76749063821e-06
20010928,0.802494814166
20010929,0.0141783520564
20010930,0.0
20011001,0.0
20011002,0.0
20011003,0.420289854551
20011004,0.00742561523255
20011005,0.0
20011006,0.277662892465
20011007,0.00603901896457
20011008,2.00232230638e-05
20011009,1.91697128913
20011010,0.0348682939387
20011011,1.76597243841e-05
20011012,0.0
20011013,0.0
20011014,0.0
20011015,0.0003337441992
20011016,0.000924390780433
20011017,0.453482505761
20011018,0.00801177170097
20011019,4.93127718884e-05
20011020,3.60394672154
20011021,0.941017521874
20011022,0.456096214456
20011023,0.00778437161441
20011024,0.0
20011025,0.0
20011026,0.0
20011027,0.00483592346625
20011028,0.0481955640913
20011029,0.00085000216921
20011030,1.01741941805
20011031,0.0316510325663
20011101,0.00238467682383
20011102,0.0265497631841
20011103,0.000870895559328
20011104,7.11108299637e-06
20011105,0.0
20011106,0.272112415198
20011107,0.11866848504
20011108,0.0235731469014
20011109,5.14594966765
20011110,3.6835990518
20011111,0.13867135002
20011112,0.00791190486861
20011113,0.445334919643
20011114,1.13815663999
20011115,0.174550445928
20011116,15.4630304789
20011117,4.52411099266
20011118,0.704084060978
20011119,5.13059842412
20011120,2.05167520542
20011121,1.45984590263
20011122,0.790305259723
20011123,2.87409835131
20011124,0.760621543603
20011125,0.0987999733633
20011126,0.00517977125243
20011127,0.0990083176681
20011128,11.0188395238
20011129,1.75278006977
20011130,0.0467161553737
20011201,0.498992574896
20011202,2.15036323259
20011203,2.28769506506
20011204,3.65586454618
20011205,0.964073852503
20011206,1.38719098212
20011207,7.51588054114
20011208,2.00985600476
20011209,0.620722756791
20011210,0.0114955798056
20011211,0.0720747579844
20011212,8.47267926665
20011213,1.01719302674
20011214,1.54692813359
20011215,1.18812229972
20011216,1.65480810348
20011217,0.698142706137
20011218,0.0234134661577
20011219,0.000204751582517
20011220,0.0
20011221,6.36746176739
20011222,0.114434275281
20011223,0.00484991535446
20011224,0.070166983446
20011225,0.231096807221
20011226,0.405895957629
20011227,13.1602101409
20011228,4.67308511897
20011229,1.28984361917
20011230,3.31929802045
20011231,0.797208084412
20020101,0.0298635623431
20020102,0.000296962197607
20020103,0.34937952695
20020104,0.0927925680007
20020105,0.00197636023931
20020106,7.87942369041e-06
20020107,0.0
20020108,0.0
20020109,2.92335646682
20020110,0.0645521853451
20020111,0.000227964270763
20020112,0.0
20020113,0.0293508863992
20020114,3.72956570744
20020115,0.822018413146
20020116,0.0691427050071
20020117,0.000985573205673
20020118,0.0
20020119,0.000229448425345
20020120,0.173154399703
20020121,0.00313016763779
20020122,1.25396095883e-06
20020123,0.0
20020124,0.0
20020125,0.0
20020126,4.85673708899
20020127,0.507292100221
20020128,0.00744671382516
20020129,0.237231051918
20020130,0.00419136142097
20020131,0.0
20020201,0.0
20020202,0.528002193569
20020203,0.339514697024
20020204,0.00723068574265
20020205,2.46821623522e-05
20020206,0.0595526574963
20020207,0.00105216702848
20020208,1.277429487
20020209,0.0966709422271
20020210,0.00130921401072
20020211,0.0
20020212,0.0
20020213,0.0
20020214,0.0
20020215,0.000267059377701
20020216,4.71836216039e-06
20020217,3.41627444542
20020218,1.13572408287
20020219,0.0568975033657
20020220,0.0300242616328
20020221,0.000518633926659
20020222,0.0
20020223,0.116743643082
20020224,0.00708428401848
20020225,8.8722177085e-05
20020226,0.0
20020227,0.0
20020228,0.0
20020301,0.0
20020302,0.0
20020303,0.0
20020304,0.0
20020305,0.898659335551
20020306,0.0336144986815
20020307,0.00496919885422
20020308,2.01831799841
20020309,2.50127623858
20020310,0.305291681313
20020311,0.00462419656305
20020312,0.0
20020313,0.0
20020314,0.191802120874
20020315,0.323504427143
20020316,9.25944389852
20020317,0.398368255813
20020318,0.290323299766
20020319,0.311512935149
20020320,0.136222150455
20020321,0.00716883828648
20020322,0.0552638341065
20020323,0.0201362724529
20020324,0.000338540587226
20020325,0.145488821071
20020326,0.0406833291703
20020327,0.000673371959781
20020328,0.0
20020329,0.0
20020330,0.848359913125
20020331,0.0524060033299
20020401,0.00066108325133
20020402,0.0
20020403,0.0
20020404,0.0
20020405,0.0
20020406,0.00181185821227
20020407,3.20116344996e-05
20020408,0.00609439083485
20020409,0.000107674749655
20020410,0.0184212969573
20020411,0.128496237795
20020412,1.44157543685
20020413,10.5221507536
20020414,2.05276562373
20020415,6.85988546703
20020416,7.22478229695
20020417,0.561497420266
20020418,0.00778837426999
20020419,1.51077979961e-06
20020420,0.0134555779765
20020421,0.000237731075623
20020422,0.0
20020423,0.0
20020424,0.0
20020425,0.0
20020426,0.0
20020427,0.0
20020428,0.0
20020429,0.0
20020430,0.0
20020501,0.0
20020502,0.0
20020503,0.0
20020504,0.0370798189462
20020505,0.00065512053418
20020506,0.0
20020507,0.0
20020508,0.00317059270816
20020509,5.60175349328e-05
20020510,0.00108495852824
20020511,0.00771374796068
20020512,0.00116101734483
20020513,1.81107867238e-05
20020514,0.0
20020515,0.187048942786
20020516,0.00330475167375
20020517,0.0
20020518,0.000226827452736
20020519,4.00755287965e-06
20020520,0.0170025918394
20020521,0.000300399141348
20020522,0.0
20020523,0.0
20020524,0.00378436280419
20020525,6.68615296778e-05
20020526,0.0
20020527,0.0
20020528,0.0
20020529,0.0
20020530,0.0
20020531,0.0
20020601,0.0
20020602,1.53461071181
20020603,0.171652201475
20020604,0.00703196646818
20020605,7.91214587129e-05
20020606,0.00152255463288
20020607,0.065150908996
20020608,0.00923182176576
20020609,0.000142777745212
20020610,0.0
20020611,0.00437233597905
20020612,0.014604360849
20020613,0.000256662737975
20020614,0.0
20020615,0.0
20020616,0.0
20020617,0.0110202082513
20020618,0.000194703322972
20020619,0.0
20020620,0.0270244234433
20020621,5.10358310152
20020622,0.151190157871
20020623,0.0010782559587
20020624,0.071050731222
20020625,0.00125531314102
20020626,0.0
20020627,0.0
20020628,0.0
20020629,0.0
20020630,0.0
20020701,1.14792668058
20020702,0.0230534403105
20020703,4.89761262938e-05
20020704,0.0
20020705,0.217487088273
20020706,0.0038425283636
20020707,0.0
20020708,0.018902007193
20020709,0.00033395769409
20020710,0.00841245508325
20020711,0.00446451193682
20020712,7.62523236157e-05
20020713,0.0
20020714,0.0
20020715,0.0
20020716,0.0
20020717,0.0
20020718,0.0710694353317
20020719,2.46615413613
20020720,1.47272836995
20020721,0.454520657293
20020722,2.07632843946
20020723,0.0365502508704
20020724,0.0
20020725,0.0
20020726,0.0
20020727,0.0
20020728,0.0
20020729,0.0
20020730,0.0
20020731,0.0
20020801,0.0
20020802,0.0319355671939
20020803,0.00532361408311
20020804,0.0303415850506
20020805,0.310997531126
20020806,0.00548521096792
20020807,0.0
20020808,0.0
20020809,0.00714314388271
20020810,0.000126203951675
20020811,0.0
20020812,0.0
20020813,0.0
20020814,0.00645119661124
20020815,0.741300260012
20020816,0.0130951636502
20020817,0.000633969689756
20020818,0.00865661728168
20020819,0.0111084845516
20020820,0.000193564287228
20020821,0.0
20020822,0.0
20020823,0.0
20020824,0.0
20020825,0.0
20020826,0.0249851765792
20020827,0.000441434205497
20020828,0.00112551511485
20020829,1.98854237947e-05
20020830,0.0
20020831,0.00149591992491
20020901,2.64296781046e-05
20020902,0.0
20020903,0.0
20020904,0.0
20020905,0.0
20020906,1.49752878772
20020907,0.136009637034
20020908,1.25059522419
20020909,0.0220611230424
20020910,3.99097710902
20020911,0.406808385073
20020912,0.00594163305279
20020913,0.0
20020914,0.00499821137679
20020915,8.83076320764e-05
20020916,0.0
20020917,0.0
20020918,0.0
20020919,0.0
20020920,0.0
20020921,0.0
20020922,0.0
20020923,0.148822430902
20020924,0.00262937140473
20020925,0.000216391481895
20020926,0.01547974588
20020927,0.583028644093
20020928,0.726254886112
20020929,0.327837097657
20020930,1.82151938053
20021001,0.0322596777983
20021002,3.1050110496e-06
20021003,0.887885023785
20021004,0.0156892074922
20021005,0.271786614977
20021006,0.0416681321494
20021007,0.313476147677
20021008,2.12620695842
20021009,0.631693576424
20021010,0.848986966861
20021011,0.0148142792566
20021012,0.0
20021013,0.0
20021014,0.0
20021015,0.0
20021016,0.0
20021017,0.0
20021018,0.0
20021019,0.0
20021020,0.0
20021021,0.00660416100602
20021022,0.000116681278902
20021023,0.0
20021024,0.000161698200472
20021025,3.19672404323
20021026,0.0565347594643
20021027,0.00851116749007
20021028,0.00209445583769
20021029,0.00253624648696
20021030,7.83778660486
20021031,7.54067850522
20021101,1.98939360154
20021102,0.176310743355
20021103,1.37716981973
20021104,0.19929657133
20021105,0.00987707153458
20021106,12.309143817
20021107,2.11826442191
20021108,0.188744140762
20021109,0.00274136523993
20021110,0.00638615498764
20021111,0.168681305023
20021112,0.0477232034879
20021113,0.000790546971305
20021114,0.0
20021115,0.111817709219
20021116,0.0048391091207
20021117,5.05924320101e-05
20021118,0.0
20021119,8.06804915681e-05
20021120,1.42545084911e-06
20021121,0.0
20021122,0.0008788167431
20021123,1.55267980967e-05
20021124,0.0391090519985
20021125,2.00318110828
20021126,0.0353796830919
20021127,0.0
20021128,0.0
20021129,0.0
20021130,0.000117913261402
20021201,2.50255126053e-05
20021202,4.05339970664e-07
20021203,0.0
20021204,0.0
20021205,0.0
20021206,0.145391906821
20021207,0.682345596013
20021208,0.0290375452687
20021209,0.032598142697
20021210,0.492454314297
20021211,2.39597281794
20021212,0.0602126500037
20021213,0.053703454034
20021214,1.17819373336
20021215,2.25215372293
20021216,0.046056524969
20021217,0.141774519205
20021218,0.869998500634
20021219,15.0679073147
20021220,0.988645689899
20021221,0.0681219825512
20021222,0.00119452937229
20021223,0.0021283867734
20021224,0.512762013521
20021225,6.10864218367
20021226,0.148872363607
20021227,0.15784166539
20021228,0.00398656865474
20021229,0.0580985500758
20021230,0.226736801498
20021231,0.00631175772558
20030101,0.0198185318628
20030102,0.396873487656
20030103,0.10907522962
20030104,0.00451874488106
20030105,0.0610920421106
20030106,0.348055995759
20030107,0.00697285268985
20030108,0.00318240652853
20030109,0.565182166735
20030110,51.7014422647
20030111,3.21325925918
20030112,0.42934683268
20030113,0.0102947085817
20030114,6.05480896365e-05
20030115,0.0
20030116,0.0
20030117,0.0325351116483
20030118,0.00922951072529
20030119,0.000152909618433
20030120,0.000383027602739
20030121,0.070238689691
20030122,0.0330329283332
20030123,0.197628305326
20030124,0.0200995918731
20030125,0.621285981639
20030126,3.39480035865
20030127,22.7327539745
20030128,1.05873106299
20030129,0.0339816433332
20030130,2.99485848507
20030131,0.200599707769
20030201,0.0568329098325
20030202,0.00301274545808
20030203,0.00100760166955
20030204,0.0786482685231
20030205,0.0877425217966
20030206,0.151100194459
20030207,1.46124334411
20030208,0.521735082614
20030209,0.0634461811767
20030210,12.4027552825
20030211,1.23267726182
20030212,0.0492136115702
20030213,0.000553111550608
20030214,0.0
20030215,0.0
20030216,1.04694751125
20030217,2.62897817408
20030218,0.608114402085
20030219,0.0111486452057
20030220,0.0449619154976
20030221,4.7232099119
20030222,13.8903071934
20030223,2.0750437599
20030224,0.211459016172
20030225,0.705357935772
20030226,0.666145647895
20030227,0.0195920293843
20030228,0.0025388879529
20030301,0.299104792064
20030302,0.118905343363
20030303,6.18796952169
20030304,60.7824183376
20030305,9.72942398277
20030306,14.6761092314
20030307,41.7140847484
20030308,7.35550572829
20030309,1.44974387595
20030310,0.489863674296
20030311,0.150573486895
20030312,0.361676670249
20030313,0.00919084048274
20030314,5.06054582521e-05
20030315,5.94512557995e-09
20030316,0.0
20030317,0.0
20030318,1.01498391368e-05
20030319,1.79325758203e-07
20030320,0.0
20030321,0.0
20030322,0.824852472994
20030323,0.0595982612344
20030324,0.399739397015
20030325,10.4864962488
20030326,1.94795950744
20030327,1.34762000227
20030328,1.51185532794
20030329,0.23957573078
20030330,0.0197768307557
20030331,0.0100842531128
20030401,0.000731918828816
20030402,0.0630469812349
20030403,0.00533512592404
20030404,0.0882801249181
20030405,0.228988625541
20030406,0.00402402872881
20030407,1.02954609689e-07
20030408,0.0
20030409,0.0
20030410,0.0
20030411,0.0
20030412,0.00456684439137
20030413,8.06863095581e-05
20030414,0.0265206347334
20030415,0.0329270524921
20030416,0.000575663103931
20030417,3.87197191801e-08
20030418,0.50820097395
20030419,0.00901236512532
20030420,0.0158821906859
20030421,0.000280593626665
20030422,0.0
20030423,0.0
20030424,0.00820959649351
20030425,0.000145045886473
20030426,0.0
20030427,0.00381179680324
20030428,6.73462376891e-05
20030429,0.0
20030430,0.0
20030501,0.0
20030502,0.000406296590647
20030503,7.17838031393e-06
20030504,0.0
20030505,0.0
20030506,0.0427953578666
20030507,0.0440167659839
20030508,0.00243359432577
20030509,2.94924256652e-05
20030510,0.0
20030511,0.0
20030512,0.0
20030513,0.0
20030514,0.0
20030515,2.67463363269
20030516,0.0472550208569
20030517,0.0
20030518,0.0
20030519,0.0
20030520,0.0
20030521,0.0
20030522,0.0
20030523,0.0
20030524,0.0
20030525,0.0
20030526,0.0
20030527,0.0
20030528,0.0
20030529,0.0
20030530,0.0
20030531,5.40057017403e-05
20030601,9.54163976872e-07
20030602,0.0
20030603,0.0
20030604,0.00262409353296
20030605,4.63620692781e-05
20030606,0.0
20030607,0.0041902807785
20030608,7.4033217439e-05
20030609,0.0431887630455
20030610,9.42412111233
20030611,0.677566494523
20030612,0.012237233361
20030613,5.66717273914e-05
20030614,0.0
20030615,0.0
20030616,0.000105111242345
20030617,0.0759212774974
20030618,0.00136254557309
20030619,0.108021926631
20030620,0.134285723433
20030621,0.00233882007947
20030622,0.0
20030623,0.0905692349963
20030624,0.305834458844
20030625,0.902363354317
20030626,0.417200202697
20030627,0.544363414494
20030628,0.209408126991
20030629,0.0825935932395
20030630,0.6006768028
20030701,0.0105879851305
20030702,0.0
20030703,0.447106364501
20030704,0.00790448970166
20030705,8.98241428432e-08
20030706,0.0626073988135
20030707,0.00153747385928
20030708,0.0448128300704
20030709,0.000791611435011
20030710,0.0
20030711,0.0
20030712,0.0
20030713,0.0877365857792
20030714,0.0217797462648
20030715,0.000357413951757
20030716,0.00918091310529
20030717,0.000162206955711
20030718,0.0
20030719,0.00260859998826
20030720,0.00726470721363
20030721,0.924733350491
20030722,0.240301317404
20030723,0.00395698820589
20030724,0.0
20030725,0.0
20030726,0.0
20030727,0.0
20030728,0.0
20030729,0.0
20030730,0.0
20030731,0.0
20030801,0.0
20030802,0.000230909459463
20030803,4.07967096936e-06
20030804,0.0
20030805,0.0
20030806,0.0162623236074
20030807,0.0620969736801
20030808,0.0010920433721
20030809,0.0
20030810,0.0
20030811,0.0
20030812,0.0
20030813,0.00270922150461
20030814,4.78660995619e-05
20030815,0.0
20030816,0.0
20030817,0.0
20030818,0.0
20030819,0.0
20030820,0.0
20030821,0.00377728270671
20030822,0.121377642054
20030823,0.00214330201724
20030824,0.0
20030825,0.0
20030826,0.0
20030827,0.0
20030828,0.0
20030829,0.000573648255097
20030830,0.000242925048357
20030831,0.00167968816622
20030901,2.96037982669e-05
20030902,0.0
20030903,0.0
20030904,0.0
20030905,0.036006176854
20030906,3.42608083206
20030907,0.0818704544561
20030908,0.000377212534867
20030909,0.0
20030910,0.0
20030911,0.0
20030912,0.0
20030913,0.299646168848
20030914,6.91518875112
20030915,0.747727440539
20030916,0.0777198916061
20030917,0.00117880628388
20030918,1.69571967029e-08
20030919,0.0
20030920,0.000524254501936
20030921,9.26244510002e-06
20030922,0.0111665160094
20030923,0.0394245921553
20030924,0.00578400366816
20030925,0.000527254625903
20030926,7.72629960011e-06
20030927,0.0
20030928,0.0
20030929,0.0
20030930,0.0
20031001,0.0
20031002,0.0
20031003,0.0
20031004,0.0
20031005,0.0
20031006,0.0
20031007,0.0
20031008,0.0
20031009,0.0
20031010,0.0
20031011,0.0
20031012,0.0
20031013,0.000206087994521
20031014,3.64113104519e-06
20031015,0.344658803792
20031016,0.13468318247
20031017,0.277279975585
20031018,5.69781256625
20031019,13.0297668143
20031020,11.8415408537
20031021,3.97757403717
20031022,2.21930385399
20031023,0.0401448064026
20031024,0.00194215862275
20031025,1.70197469381
20031026,0.0459849922547
20031027,13.9672688939
20031028,0.310013052989
20031029,0.00111742946016
20031030,0.0
20031031,0.0
20031101,0.0
20031102,0.0
20031103,0.0
20031104,0.0
20031105,0.0
20031106,3.00899141414
20031107,2.070544326
20031108,0.0415177281504
20031109,0.00010379750726
20031110,0.0549257900635
20031111,0.00097042034528
20031112,0.0
20031113,2.12943938349
20031114,0.322769623768
20031115,0.0161645103645
20031116,0.180839332626
20031117,0.11995486203
20031118,0.00206295563433
20031119,0.0119775430638
20031120,0.169475542603
20031121,0.0159183189362
20031122,0.0450297499379
20031123,0.000826857876496
20031124,6.23934934803e-07
20031125,0.092708661129
20031126,0.210941614193
20031127,0.10849658534
20031128,3.65728196456
20031129,7.18774062401
20031130,10.4218194678
20031201,0.209590022162
20031202,0.000489088957332
20031203,0.0
20031204,0.00260030022462
20031205,4.59416966832e-05
20031206,0.0
20031207,0.0
20031208,0.0
20031209,0.697266683552
20031210,0.362775070054
20031211,1.00589422031
20031212,1.0474073782
20031213,1.41710146587
20031214,0.0247315176785
20031215,0.201714811847
20031216,3.61623270141
20031217,0.0681147378629
20031218,7.57361622552e-05
20031219,0.0433597405714
20031220,0.00361144284973
20031221,0.0598888345323
20031222,3.01254221677
20031223,1.61436701835
20031224,0.0389087772872
20031225,1.06656756087
20031226,0.636944978829
20031227,0.16703651087
20031228,1.00492126305
20031229,0.679360290224
20031230,0.122306713034
20031231,0.0788837994522
20040101,0.806885628975
20040102,0.0387892258498
20040103,0.0342958251453
20040104,0.397386172717
20040105,0.365742179961
20040106,0.00633801669548
20040107,0.0
20040108,4.58548750275
20040109,0.448551495217
20040110,0.324260572144
20040111,0.276366657468
20040112,0.0162257866272
20040113,0.000202158572834
20040114,0.0
20040115,0.0
20040116,0.0168788591158
20040117,1.17620567719
20040118,0.951601196064
20040119,0.0908522181585
20040120,0.342349408699
20040121,0.886970411965
20040122,4.2017787214
20040123,10.6986061113
20040124,2.67807779452
20040125,3.06088297164
20040126,3.63375359512
20040127,6.6896772609
20040128,3.22568189184
20040129,0.330843787109
20040130,2.56808946452
20040131,6.18543581073
20040201,1.59916799676
20040202,0.0263371837546
20040203,0.0184831593979
20040204,0.000326557588434
20040205,0.000317489090353
20040206,5.60934695656e-06
20040207,0.0133973874393
20040208,0.137467162061
20040209,1.38482915182
20040210,0.0282280670826
20040211,6.72077219698e-05
20040212,0.321309496977
20040213,0.416013389822
20040214,0.089197772105
20040215,0.290059944669
20040216,0.419254668176
20040217,0.12762723656
20040218,0.349682814239
20040219,1.29362787701
20040220,0.13015682956
20040221,0.0107965691723
20040222,0.000157223870323
20040223,1.3488031421
20040224,2.43847056466
20040225,2.60840841426
20040226,1.75676693864
20040227,0.963381094824
20040228,2.49417217434
20040229,6.57640771138
20040301,0.587113118581
20040302,0.809463597751
20040303,1.76294278336
20040304,16.392347838
20040305,2.39770384808
20040306,13.0199159774
20040307,3.7861555519
20040308,0.640209652167
20040309,0.107836208555
20040310,0.0517356005559
20040311,0.00238101806177
20040312,2.64565149517e-05
20040313,0.00462169841965
20040314,1.95267793283
20040315,0.174573955287
20040316,0.00700761573721
20040317,0.0556543289275
20040318,0.00546624911695
20040319,0.000858873686087
20040320,0.0052368167135
20040321,0.00448823433719
20040322,0.00298787678543
20040323,0.566665351139
20040324,3.10969315706
20040325,1.31965257634
20040326,4.78945037185
20040327,0.757001520814
20040328,3.00673975556
20040329,0.0535663802291
20040330,0.204983265742
20040331,1.03750983544
20040401,2.37152209292
20040402,1.09191194661
20040403,0.905796605117
20040404,0.532539567066
20040405,0.0683852410604
20040406,0.544451305149
20040407,0.0157574249441
20040408,0.595716789852
20040409,0.881801432532
20040410,0.0153936089226
20040411,0.21464328328
20040412,0.780122155769
20040413,0.6215095578
20040414,0.287345441524
20040415,0.0058654021107
20040416,0.00289266530064
20040417,0.0884550725653
20040418,0.00156191287436
20040419,0.56621478706
20040420,0.0102880020801
20040421,0.00877304533593
20040422,0.000221913740286
20040423,1.56048584483e-06
20040424,0.125582193977
20040425,0.00221880038761
20040426,0.138720639284
20040427,1.64795675539
20040428,0.272175508046
20040429,0.00429510558398
20040430,0.0
20040501,0.0
20040502,0.0
20040503,0.443452207077
20040504,0.0145354906599
20040505,0.000118385969922
20040506,0.0
20040507,0.00121203076272
20040508,0.00622454497419
20040509,0.000109595946784
20040510,0.0
20040511,0.0
20040512,0.0
20040513,0.0
20040514,0.0
20040515,0.0
20040516,0.0
20040517,0.0
20040518,0.0
20040519,0.0
20040520,0.0305112795158
20040521,0.139017858246
20040522,0.00244662172409
20040523,0.0
20040524,0.0
20040525,0.0
20040526,0.218805002211
20040527,0.00461863958906
20040528,0.000104548079849
20040529,1.61214256202e-06
20040530,0.0355941698325
20040531,0.0534112605601
20040601,0.000932550994917
20040602,0.0130377556422
20040603,0.300699943789
20040604,0.017133290186
20040605,0.000208915885579
20040606,0.0
20040607,0.0
20040608,0.0
20040609,0.842279168303
20040610,0.332427242293
20040611,0.00561035282075
20040612,0.0
20040613,0.0
20040614,0.0
20040615,0.0
20040616,0.0
20040617,0.0
20040618,0.0
20040619,0.0
20040620,0.0
20040621,0.0
20040622,0.0
20040623,0.0
20040624,0.0
20040625,0.0782610339085
20040626,0.00138270391488
20040627,0.0
20040628,0.0
20040629,0.326251330696
20040630,0.00576415760696
20040701,0.0
20040702,0.0
20040703,0.0
20040704,0.0
20040705,0.0
20040706,1.43746118379
20040707,0.0556030787709
20040708,0.0808026645966
20040709,0.00141817994058
20040710,0.0
20040711,0.0
20040712,0.0
20040713,0.0
20040714,0.0
20040715,0.0078585508091
20040716,0.000138843651908
20040717,0.0
20040718,0.000617696448647
20040719,0.00156986804489
20040720,0.00289237362364
20040721,5.06153669156e-05
20040722,0.0
20040723,0.0
20040724,0.0
20040725,0.0
20040726,0.0
20040727,0.051550901167
20040728,0.0837239356691
20040729,0.629888335034
20040730,0.0111029191276
20040731,0.0
20040801,0.0
20040802,0.0
20040803,0.0
20040804,0.0
20040805,0.0
20040806,0.0
20040807,0.0
20040808,0.0
20040809,0.0
20040810,0.0
20040811,0.132927800536
20040812,0.0121632745593
20040813,0.000173405056323
20040814,0.00128951621021
20040815,2.2782972963e-05
20040816,0.00165234853532
20040817,2.9193437972e-05
20040818,0.0
20040819,0.0
20040820,0.000246522158885
20040821,4.35551632252e-06
20040822,0.0
20040823,0.0
20040824,0.0
20040825,0.0
20040826,0.0
20040827,0.0
20040828,0.0448760903604
20040829,0.000792864055725
20040830,0.0
20040831,0.0
20040901,0.0
20040902,0.0
20040903,0.905219227225
20040904,0.0159932719665
20040905,0.0
20040906,0.0
20040907,0.0
20040908,0.0273174783912
20040909,0.000773422602203
20040910,0.19151278343
20040911,0.00360655006611
20040912,3.94033256931e-06
20040913,0.0
20040914,0.0
20040915,0.00350041649798
20040916,6.1844809469e-05
20040917,0.0298637768691
20040918,0.000527628580837
20040919,0.0
20040920,0.00696788390834
20040921,0.25585205625
20040922,0.0281679604172
20040923,0.000417840600963
20040924,0.0
20040925,0.0
20040926,0.0
20040927,0.0
20040928,0.285887387514
20040929,0.00906161130112
20040930,0.00533030400178
20041001,9.29230910146e-05
20041002,0.0
20041003,0.0
20041004,0.0
20041005,0.0
20041006,0.0
20041007,0.0
20041008,0.0
20041009,0.00617177801115
20041010,2.483329174
20041011,7.38217413397
20041012,2.66612762243
20041013,2.01948602047
20041014,3.19176283067
20041015,0.552528128324
20041016,0.097589094877
20041017,0.0157706320257
20041018,0.000250909992966
20041019,0.0130637383318
20041020,0.000230808065887
20041021,0.0
20041022,0.0
20041023,0.0
20041024,0.0
20041025,0.0
20041026,0.158870759815
20041027,3.08731798363
20041028,1.05141366937
20041029,0.0359158195833
20041030,0.737286322263
20041031,0.558441732098
20041101,0.0126530980249
20041102,5.32982471684e-05
20041103,0.0
20041104,0.0
20041105,0.0
20041106,0.000528787913396
20041107,0.484553243555
20041108,0.00924774892663
20041109,0.0136310244062
20041110,0.000647000384375
20041111,7.17992893127e-06
20041112,0.440945373263
20041113,0.00779055432864
20041114,0.0145798112643
20041115,0.000984809457692
20041116,0.0578773019508
20041117,0.00576421521191
20041118,8.37787068815e-05
20041119,0.0
20041120,0.253810294567
20041121,0.126273260642
20041122,3.34805768622
20041123,2.79516292226
20041124,0.488945980535
20041125,0.0313153872046
20041126,0.000415739061889
20041127,0.00687182428618
20041128,0.000127469132304
20041129,1.07046218197e-07
20041130,0.0
20041201,0.00274022444661
20041202,0.0207388555169
20041203,2.01251382048
20041204,0.529424647208
20041205,0.349677312005
20041206,0.252695361844
20041207,0.0225053782379
20041208,3.12950579274
20041209,24.2248636398
20041210,10.9736427747
20041211,14.0637164896
20041212,2.67811680021
20041213,0.829290745931
20041214,0.212433016669
20041215,0.0863635898103
20041216,0.39143036229
20041217,0.11746078196
20041218,0.00195354967928
20041219,0.00167242517454
20041220,2.95481420559e-05
20041221,0.0
20041222,0.0
20041223,0.0
20041224,0.237347171928
20041225,6.70376054911
20041226,2.4744558122
20041227,0.052431874242
20041228,2.39764698746
20041229,4.16878601788
20041230,1.11620363852
20041231,0.0200459279345
20050101,0.0186530678717
20050102,0.0407138235393
20050103,0.0790525757563
20050104,0.0091203471017
20050105,0.000136683116458
20050106,0.00326576186975
20050107,0.0695404390418
20050108,0.00122761021921
20050109,0.0
20050110,0.249963585448
20050111,0.00441631754963
20050112,0.0
20050113,0.040146369029
20050114,0.0191816354132
20050115,0.0127366909098
20050116,12.9544364376
20050117,14.5604942928
20050118,0.564611007966
20050119,2.3555955381
20050120,0.238530197796
20050121,0.47229499369
20050122,0.876917625681
20050123,2.12089415423
20050124,7.41026185098
20050125,0.681691332406
20050126,0.291619064306
20050127,0.567169783642
20050128,0.49010989217
20050129,0.193199962674
20050130,0.0615591685025
20050131,0.396683611953
20050201,0.00699034722392
20050202,0.00771443467081
20050203,0.00013629742938
20050204,0.0
20050205,0.0
20050206,0.384381071115
20050207,0.101359722556
20050208,0.00167082221946
20050209,0.24065358347
20050210,0.0417090685036
20050211,0.00702342335136
20050212,1.64841746713
20050213,4.17986701021
20050214,0.0733347175794
20050215,0.344507441779
20050216,0.00608670431017
20050217,0.00149930304243
20050218,2.64894475833e-05
20050219,0.00244906736367
20050220,0.0746748336771
20050221,0.920219332243
20050222,13.1162506085
20050223,3.20729433792
20050224,10.0823354195
20050225,0.875183954267
20050226,0.0162300812861
20050227,0.23506818406
20050228,0.037298011761
20050301,0.000585619759792
20050302,0.0
20050303,0.000744147671705
20050304,1.31474839781e-05
20050305,0.0122286095791
20050306,0.000216053164724
20050307,0.0
20050308,0.074278555452
20050309,0.48492867104
20050310,2.65158295913
20050311,2.82457338078
20050312,3.53563344189
20050313,0.12623185923
20050314,0.00114190736614
20050315,0.306852959452
20050316,0.101557576122
20050317,0.00169851853048
20050318,0.0200544949822
20050319,0.000354319715272
20050320,0.0476038045116
20050321,0.000841056608475
20050322,0.0
20050323,0.0958286677717
20050324,0.671473823661
20050325,0.011833582191
20050326,0.0151840091248
20050327,0.000268268699314
20050328,3.12500684647
20050329,8.99044613839
20050330,1.01588879503
20050331,0.0437056421024
20050401,0.339797831133
20050402,0.0147188278082
20050403,0.164777683067
20050404,0.00290854346199
20050405,0.0
20050406,0.0
20050407,0.0
20050408,0.0
20050409,0.0
20050410,0.0
20050411,0.0
20050412,0.0
20050413,0.0
20050414,0.0
20050415,0.0
20050416,0.0
20050417,0.0
20050418,0.0
20050419,0.0
20050420,0.0
20050421,0.0439460373756
20050422,0.00077643185205
20050423,0.0
20050424,0.110101193804
20050425,0.0300497284114
20050426,1.42541315761
20050427,0.231106998063
20050428,0.118148672054
20050429,0.062265723935
20050430,0.00517322673455
20050501,7.25948871656e-05
20050502,0.0
20050503,0.0
20050504,0.0
20050505,0.0134116550014
20050506,0.000236955052533
20050507,0.0
20050508,0.0
20050509,0.0
20050510,0.0
20050511,0.0
20050512,0.0
20050513,0.0
20050514,0.0
20050515,0.0
20050516,0.0
20050517,0.0
20050518,0.0
20050519,0.0
20050520,0.307503152848
20050521,0.0436631128187
20050522,0.000675596955035
20050523,2.6816783942e-09
20050524,0.00861858316012
20050525,0.000152271790783
20050526,0.000230294105201
20050527,4.06880035852e-06
20050528,0.0
20050529,0.0
20050530,0.0
20050531,0.0
20050601,0.0
20050602,0.0
20050603,0.0
20050604,0.0
20050605,0.0
20050606,0.0
20050607,0.0
20050608,0.0
20050609,0.0
20050610,0.0
20050611,0.0
20050612,0.0
20050613,0.0
20050614,0.0
20050615,0.0
20050616,0.0
20050617,0.0
20050618,0.0
20050619,0.0
20050620,0.0
20050621,0.0
20050622,3.58004059809
20050623,0.249949179355
20050624,0.00684559233765
20050625,6.26686994734e-05
20050626,0.0
20050627,0.0
20050628,0.0
20050629,0.0
20050630,0.0
20050701,0.0
20050702,0.0
20050703,0.0
20050704,0.0574909424205
20050705,0.00101574099373
20050706,0.0
20050707,0.18609196955
20050708,0.00696396488937
20050709,6.4949114116e-05
20050710,0.0
20050711,0.150143394869
20050712,0.0132822743869
20050713,0.0477984639679
20050714,0.000996767098623
20050715,2.74893046181e-06
20050716,0.0
20050717,0.0
20050718,0.0
20050719,0.0
20050720,0.0
20050721,0.0
20050722,0.0
20050723,0.0
20050724,0.0
20050725,0.0
20050726,0.0
20050727,0.00291160085368
20050728,5.14417121336e-05
20050729,0.039563982374
20050730,0.000699010232181
20050731,0.0
20050801,0.0
20050802,0.0
20050803,0.0
20050804,0.0
20050805,0.0
20050806,0.0
20050807,0.0
20050808,0.0
20050809,0.0
20050810,0.0
20050811,0.0563932095967
20050812,0.000996346443459
20050813,0.0
20050814,0.0
20050815,0.0
20050816,0.0134138872364
20050817,0.000236994490947
20050818,0.0
20050819,0.0
20050820,0.0
20050821,0.0134129618643
20050822,0.000872626685915
20050823,1.12305418826e-05
20050824,0.0
20050825,0.0
20050826,0.0
20050827,0.0
20050828,0.0
20050829,0.0
20050830,0.0
20050831,0.0
20050901,0.0
20050902,0.0
20050903,0.00366334287458
20050904,6.47233905916e-05
20050905,0.0
20050906,0.0
20050907,0.0
20050908,0.0
20050909,0.0
20050910,0.0
20050911,0.0
20050912,0.0
20050913,0.0
20050914,0.0
20050915,0.0
20050916,0.0
20050917,0.0
20050918,0.0
20050919,0.00406018075635
20050920,0.000600789446865
20050921,9.34725975829e-06
20050922,0.00684211540064
20050923,0.0098373101297
20050924,0.000488855599961
20050925,5.60401425594e-06
20050926,0.000422916419477
20050927,7.47201855768e-06
20050928,0.25160670611
20050929,2.91906885194
20050930,0.0520757961778
20051001,0.0511979756082
20051002,0.0215888527334
20051003,0.00036545005674
20051004,0.0
20051005,0.0
20051006,0.0444200278622
20051007,0.150581636125
20051008,0.00264658705478
20051009,0.0
20051010,0.0
20051011,0.0
20051012,0.0
20051013,0.0134071948322
20051014,0.000871746694073
20051015,0.000238416344198
20051016,4.01412598738e-06
20051017,0.0
20051018,0.0
20051019,0.0
20051020,0.00598622903246
20051021,0.00576854005946
20051022,0.000449734169377
20051023,6.17818287618e-06
20051024,0.0
20051025,0.000634374521156
20051026,1.12080285119e-05
20051027,1.02181817725
20051028,0.0193234765617
20051029,2.24408504347e-05
20051030,0.0070266111951
20051031,0.000124145067095
20051101,0.636891563045
20051102,0.0142741957648
20051103,0.0454602566144
20051104,0.000802241557969
20051105,0.0310031380182
20051106,0.814050393448
20051107,0.790026746055
20051108,0.531830186245
20051109,0.321243693581
20051110,0.17988779542
20051111,0.0183159477488
20051112,0.0222660258549
20051113,0.131445016119
20051114,0.199011936892
20051115,9.06099202309
20051116,0.160026795168
20051117,0.511038322343
20051118,0.284272805054
20051119,0.0259869702253
20051120,0.351768445635
20051121,0.38686803404
20051122,1.59881922096
20051123,2.15033392672
20051124,0.325239057497
20051125,0.00508422831073
20051126,0.556643482391
20051127,0.422757615536
20051128,0.57394036523
20051129,0.246540147679
20051130,0.00619804773645
20051201,3.17315214659
20051202,7.03480012134
20051203,10.6120934982
20051204,6.68299475461
20051205,8.01679773784
20051206,5.20156783928
20051207,4.2771459708
20051208,1.16069831023
20051209,1.50394269791
20051210,1.68179611888
20051211,0.458970953198
20051212,0.292642788008
20051213,0.663121835234
20051214,0.0519597138955
20051215,0.000712592914592
20051216,0.0
20051217,0.0327498014638
20051218,0.428641490369
20051219,4.82574758103
20051220,2.58554408249
20051221,17.883078066
20051222,2.6389801034
20051223,0.167036547401
20051224,2.09461643397
20051225,4.36969797796
20051226,13.5316937603
20051227,0.74525407022
20051228,0.0269299014388
20051229,0.232783180818
20051230,0.284865920297
20051231,0.340048013725
20060101,0.00592027581231
20060102,0.307119016711
20060103,0.420317708577
20060104,0.0133181390505
20060105,0.0573603729583
20060106,0.940206709736
20060107,2.25611686257
20060108,0.118879756154
20060109,0.950592220387
20060110,6.1270875339
20060111,8.48644177193
20060112,1.89658241596
20060113,0.626202174095
20060114,2.1453286361
20060115,0.280590028786
20060116,3.97819322558
20060117,2.07323649317
20060118,0.983134670374
20060119,1.06778653769
20060120,4.74654267313
20060121,0.609946121573
20060122,0.145320117889
20060123,0.976838475272
20060124,0.472509769873
20060125,0.0529543500707
20060126,0.000793468133923
20060127,0.00959631055359
20060128,0.0160770175392
20060129,0.0442414871374
20060130,1.10225220858
20060131,0.113626844695
20060201,3.45388455889
20060202,3.89861064623
20060203,0.170801999521
20060204,0.00251544221246
20060205,0.703665396056
20060206,0.576086539623
20060207,4.82537530542
20060208,6.0352739006
20060209,0.988726502042
20060210,1.22243280399
20060211,0.409347079132
20060212,0.110045338764
20060213,0.367613168535
20060214,0.037032160353
20060215,0.0237270410138
20060216,1.67467955922
20060217,0.998160479671
20060218,0.294800119679
20060219,0.695089394971
20060220,0.13459575345
20060221,0.595867425655
20060222,0.0839913197205
20060223,0.00139399438032
20060224,0.135747547331
20060225,0.704430174595
20060226,0.233472217759
20060227,0.743346006331
20060228,5.59196337571
20060301,3.80667668275
20060302,3.48870301633
20060303,1.63323103308
20060304,24.2546631718
20060305,4.84233068435
20060306,2.21489084992
20060307,1.6778444813
20060308,0.255837121197
20060309,0.297424090817
20060310,0.00597363462842
20060311,0.0703404962036
20060312,0.00151934871433
20060313,0.548590788368
20060314,10.822923798
20060315,0.689997620057
20060316,0.0154737659702
20060317,0.00011763913466
20060318,0.129810391462
20060319,0.0627023058937
20060320,0.00555133873767
20060321,0.0201617780226
20060322,0.00097503681775
20060323,1.14699402141
20060324,0.409327746433
20060325,0.188444103197
20060326,0.0200559731435
20060327,0.00478701043625
20060328,2.05823468715
20060329,4.62268908366
20060330,0.874024660783
20060331,0.223655865678
20060401,0.0527815812357
20060402,0.0233151534153
20060403,0.000435049166033
20060404,0.0115252337841
20060405,0.000203614044099
20060406,0.0
20060407,0.0
20060408,0.0
20060409,0.318227608008
20060410,0.00562239584885
20060411,1.19690754436
20060412,0.175166896785
20060413,0.355996437213
20060414,0.00624161024022
20060415,0.0
20060416,0.652292194559
20060417,0.0115245965574
20060418,0.0
20060419,0.564496506491
20060420,4.73385879626
20060421,0.19319537206
20060422,0.182227501897
20060423,0.0041480237066
20060424,1.0622773553
20060425,1.49399331574
20060426,1.22349030473
20060427,0.205847280519
20060428,0.70140274103
20060429,0.0123437361046
20060430,1.61009542332e-07
20060501,1.72552415438
20060502,0.362778638675
20060503,0.03293228327
20060504,0.000478116512644
20060505,0.0898912680832
20060506,0.177572274991
20060507,0.00310925940373
20060508,1.0619816676
20060509,0.0833450930301
20060510,0.00114102761758
20060511,0.0
20060512,0.0
20060513,0.0
20060514,0.0
20060515,0.0
20060516,0.00195427988494
20060517,3.45279164943e-05
20060518,0.000954336039538
20060519,0.73440639704
20060520,0.0129750799597
20060521,0.000248586600197
20060522,0.00217384390363
20060523,0.0361747103381
20060524,0.0563581170819
20060525,0.000984446540901
20060526,0.168802938481
20060527,0.00298238379941
20060528,0.0
20060529,0.0
20060530,0.0
20060531,0.0
20060601,0.0
20060602,0.0
20060603,0.0
20060604,4.12694678834
20060605,0.23931646926
20060606,0.00293996842803
20060607,0.0553696930966
20060608,0.137617899066
20060609,0.00546912830902
20060610,0.000655078800941
20060611,1.06202043015e-05
20060612,0.0
20060613,0.0
20060614,0.0
20060615,0.210788389112
20060616,0.00469415958224
20060617,1.71375155558e-05
20060618,0.0
20060619,0.00635475700601
20060620,0.000112274857103
20060621,0.00588275927452
20060622,0.268420536497
20060623,0.0105113043357
20060624,0.000101956339398
20060625,0.0
20060626,0.000910389291567
20060627,0.0343222024904
20060628,0.000606115154108
20060629,0.0115963617195
20060630,0.0485183397819
20060701,0.527303455794
20060702,0.120993273706
20060703,0.00197335749801
20060704,0.0
20060705,0.0
20060706,0.0132586965499
20060707,0.000234252581552
20060708,0.0
20060709,0.0
20060710,0.0
20060711,0.0
20060712,0.0
20060713,0.0
20060714,0.100495650186
20060715,0.00245708275275
20060716,1.20413642885e-05
20060717,0.0
20060718,0.0
20060719,0.000220703999604
20060720,3.8993657834e-06
20060721,0.0378309319569
20060722,0.000668391041724
20060723,0.0
20060724,0.0
20060725,0.0
20060726,0.0
20060727,0.0
20060728,0.0
20060729,0.000771668902137
20060730,1.36337228081e-05
20060731,0.0
20060801,0.355917744137
20060802,0.857676035179
20060803,0.063899995727
20060804,0.181570552651
20060805,0.285812566042
20060806,0.0702556146983
20060807,0.00903320711769
20060808,0.000139225463243
20060809,0.0
20060810,0.0
20060811,0.0
20060812,0.0
20060813,0.0
20060814,0.0
20060815,0.0
20060816,0.0
20060817,0.108908541287
20060818,0.590861557402
20060819,0.0104052526595
20060820,0.0
20060821,0.0126429554464
20060822,0.00022337375444
20060823,0.188322663721
20060824,0.00332725552684
20060825,0.0
20060826,0.0283211369948
20060827,0.0223133288162
20060828,0.00413448003898
20060829,6.62383766635e-05
20060830,0.0
20060831,0.0588885481391
20060901,0.00104043377691
20060902,0.0
20060903,0.0
20060904,0.0
20060905,0.0
20060906,0.0
20060907,0.0
20060908,0.0
20060909,0.0
20060910,0.0
20060911,0.0
20060912,0.0
20060913,0.0
20060914,0.0
20060915,0.0
20060916,0.0
20060917,0.0
20060918,0.703241326673
20060919,0.0124247582899
20060920,0.0134090711648
20060921,0.000236909372373
20060922,0.0
20060923,0.0
20060924,0.0
20060925,0.0
20060926,0.0
20060927,0.0
20060928,0.0128622822585
20060929,0.0306824956515
20060930,0.00658596740275
20061001,0.00184806253743
20061002,0.393244084675
20061003,6.59425179973
20061004,4.6465724123
20061005,3.17739819824
20061006,0.662673628571
20061007,0.0107548597385
20061008,2.41948328039e-07
20061009,0.0
20061010,0.0
20061011,0.120855842345
20061012,0.00213526219793
20061013,0.81959425014
20061014,0.0206656913365
20061015,0.000440847584106
20061016,0.251803995156
20061017,2.20978022128
20061018,1.3072867077
20061019,0.529410462494
20061020,0.0100710330083
20061021,0.0656405561572
20061022,0.0232638694907
20061023,0.35007929057
20061024,0.00617824635384
20061025,0.0
20061026,0.000423788799591
20061027,0.0163969534075
20061028,1.91904126323
20061029,0.142161393968
20061030,0.00233591374018
20061031,0.138990810523
20061101,0.596810674323
20061102,0.0230739788424
20061103,0.000222137880135
20061104,0.651465576544
20061105,0.334405911081
20061106,9.90235937454
20061107,0.577401535998
20061108,0.00881638107751
20061109,0.271816322594
20061110,2.05795154012
20061111,0.224139469122
20061112,0.537266287354
20061113,2.50150343354
20061114,0.671436912133
20061115,2.36066783447
20061116,0.93575055141
20061117,2.28249085118
20061118,1.30285161055
20061119,7.19847421943
20061120,0.268443449865
20061121,0.00407242871103
20061122,3.12515720286e-05
20061123,0.767257257554
20061124,1.05172849302
20061125,0.493122492865
20061126,2.36030958581
20061127,0.676585839454
20061128,0.0112196548624
20061129,0.0
20061130,0.0
20061201,0.0
20061202,0.0
20061203,0.0
20061204,0.000160936306172
20061205,7.1252755489
20061206,0.582070372738
20061207,0.0080597553575
20061208,0.0
20061209,0.0
20061210,0.000327077232034
20061211,18.7535917326
20061212,4.16269469506
20061213,0.196573543042
20061214,0.00227706144749
20061215,0.0621828708582
20061216,0.00792777265821
20061217,0.208167632656
20061218,0.379554699162
20061219,0.654088296723
20061220,0.213156414518
20061221,3.35113081678
20061222,0.198953739656
20061223,0.0237595600264
20061224,0.0553938858919
20061225,0.325249801756
20061226,0.102071355298
20061227,0.543719518902
20061228,0.0807438391333
20061229,0.480706757824
20061230,0.51264761296
20061231,1.11536470566
20070101,21.7747627288
20070102,5.69840389029
20070103,0.925763116901
20070104,0.118867026485
20070105,0.912273500146
20070106,0.200630269382
20070107,0.0484734067116
20070108,0.00357334341861
20070109,1.2302557958
20070110,0.0217351010426
20070111,0.0
20070112,0.0
20070113,0.0
20070114,0.0
20070115,0.0135406759079
20070116,0.180255732057
20070117,1.90245470388
20070118,1.0651630126
20070119,0.449110497289
20070120,6.74535873816
20070121,2.85788784197
20070122,0.132737235464
20070123,0.0448585645724
20070124,0.0107766720199
20070125,0.401229839862
20070126,1.31464016604
20070127,0.0253294653406
20070128,0.00956136342146
20070129,0.0180605732249
20070130,0.0222054759726
20070131,1.94134922229
20070201,0.189474185459
20070202,0.0755279905942
20070203,0.0580935173322
20070204,0.0932029973775
20070205,0.570664713188
20070206,0.0203861257824
20070207,0.0200816935987
20070208,0.824537396299
20070209,0.0152644441499
20070210,0.0231938455273
20070211,1.21525246075
20070212,10.5684671158
20070213,1.35369535111
20070214,0.0514440110323
20070215,0.000544512519805
20070216,0.0
20070217,0.0
20070218,0.00948575481309
20070219,9.60513075947
20070220,5.79195349424
20070221,0.11819808994
20070222,0.854838536593
20070223,7.77130415512
20070224,4.16482572941
20070225,2.5620808656
20070226,11.4220790161
20070227,0.946743297165
20070228,0.0142290166377
20070301,1.86183620125e-05
20070302,1.61369486011e-05
20070303,2.85105061671e-07
20070304,0.0419238736273
20070305,0.00103626795439
20070306,0.7781278765
20070307,0.0247709441699
20070308,1.51303720316
20070309,0.730169691826
20070310,0.292541015116
20070311,0.00494898809241
20070312,0.0
20070313,0.0
20070314,0.0
20070315,0.0
20070316,0.0121577799687
20070317,0.00185316648674
20070318,0.0137995446183
20070319,1.80890128695
20070320,0.32300353153
20070321,0.178207217137
20070322,0.00328253712766
20070323,0.00194278486085
20070324,0.0057262449909
20070325,0.0915209698696
20070326,0.0284143503945
20070327,0.820988157383
20070328,1.82733350417
20070329,0.282479789246
20070330,0.00613455090782
20070331,10.2292734782
20070401,4.72687522226
20070402,2.88266284662
20070403,3.65608906785
20070404,3.35335479796
20070405,2.35906605871
20070406,0.115387590258
20070407,4.68038421317
20070408,0.268159072744
20070409,0.193552479054
20070410,0.00925394743384
20070411,0.00010410236902
20070412,0.0
20070413,0.0
20070414,0.72046531263
20070415,0.0239458674885
20070416,0.000198176660296
20070417,0.0379856403771
20070418,0.000671124278727
20070419,0.0
20070420,0.0
20070421,0.00608795919539
20070422,0.000107561144551
20070423,0.0
20070424,0.000740005971093
20070425,1.30743128887e-05
20070426,0.0
20070427,0.0
20070428,0.00557695976649
20070429,0.709838065608
20070430,0.012539567828
20070501,0.0
20070502,0.0
20070503,7.86687710354e-07
20070504,1.38990771038e-08
20070505,0.0
20070506,0.161041332338
20070507,0.0104301423808
20070508,0.0279067194603
20070509,0.000490683929034
20070510,0.0
20070511,0.00886525582732
20070512,0.00149395823349
20070513,2.36277040441e-05
20070514,0.0
20070515,0.0
20070516,0.0
20070517,0.0
20070518,0.0
20070519,0.0
20070520,0.0
20070521,0.0
20070522,0.0351416163053
20070523,0.000620876626204
20070524,0.0
20070525,0.0
20070526,0.0
20070527,0.0206555517696
20070528,0.000364939148169
20070529,0.0
20070530,0.0
20070531,0.0
20070601,0.00631428659533
20070602,0.232997699165
20070603,0.160743822687
20070604,2.36762479251
20070605,0.0428247389664
20070606,0.00663868287618
20070607,0.028772628052
20070608,0.000506283812445
20070609,0.0
20070610,0.0
20070611,0.157274949551
20070612,0.00277870947248
20070613,0.0
20070614,0.0
20070615,0.0
20070616,0.0
20070617,0.0
20070618,0.0
20070619,0.0
20070620,0.0
20070621,3.56737503894e-06
20070622,0.00199157193401
20070623,3.51856690292e-05
20070624,0.0
20070625,0.0
20070626,0.0
20070627,0.0
20070628,0.0
20070629,0.0
20070630,0.0
20070701,0.000278847920247
20070702,0.0353145524331
20070703,0.0105139592568
20070704,0.00017473700442
20070705,0.0
20070706,0.03176468438
20070707,0.000561213477125
20070708,0.0
20070709,0.0
20070710,0.0
20070711,0.0
20070712,0.0
20070713,0.0
20070714,0.0
20070715,0.0
20070716,0.0
20070717,0.0
20070718,0.0
20070719,0.0
20070720,0.0
20070721,0.0
20070722,0.0
20070723,0.0
20070724,0.000811740554325
20070725,1.4341709391e-05
20070726,0.0
20070727,0.0
20070728,0.0
20070729,0.0
20070730,0.0
20070731,0.0
20070801,0.0
20070802,0.0
20070803,0.0
20070804,0.0
20070805,0.0
20070806,0.663981525657
20070807,0.0117311221274
20070808,0.0585388846777
20070809,0.0588238070451
20070810,0.00102101676067
20070811,0.0
20070812,0.0
20070813,0.0
20070814,0.0
20070815,0.0
20070816,0.0
20070817,0.0
20070818,0.0
20070819,0.0
20070820,0.0
20070821,0.0
20070822,0.0
20070823,0.0
20070824,0.0
20070825,0.196880312281
20070826,0.301267089147
20070827,0.00526128327178
20070828,0.0
20070829,0.0
20070830,0.0
20070831,0.0
20070901,0.0
20070902,0.0
20070903,0.0
20070904,0.0
20070905,0.0
20070906,0.00819389896795
20070907,0.000144768547882
20070908,0.0
20070909,0.0
20070910,0.0
20070911,0.0
20070912,0.0
20070913,0.0
20070914,0.0
20070915,0.00555670071257
20070916,9.81749082874e-05
20070917,0.000633918037661
20070918,1.11999639503e-05
20070919,0.0
20070920,0.0
20070921,0.0
20070922,0.0217277598549
20070923,0.0341945330952
20070924,0.0524973431058
20070925,0.791845892378
20070926,0.0152110177195
20070927,2.18553018956e-05
20070928,0.528880161034
20070929,3.44454754969
20070930,2.34812467231
20071001,2.63230067055
20071002,0.0496340779896
20071003,1.24267933206
20071004,0.195478520148
20071005,0.0714374902045
20071006,0.395753544149
20071007,1.56247068449
20071008,0.0399621973393
20071009,0.000220492386751
20071010,0.0
20071011,5.63753224952
20071012,0.114653156251
20071013,0.000265903085393
20071014,0.0
20071015,0.639434320501
20071016,1.73788266446
20071017,0.030506566737
20071018,2.7025921105e-08
20071019,0.0
20071020,0.0488027187133
20071021,0.00610664456842
20071022,9.26573599022e-05
20071023,0.0
20071024,0.0
20071025,0.410487749339
20071026,2.83622416266
20071027,0.0547018889841
20071028,0.107643903618
20071029,0.0187449135675
20071030,0.0494236930874
20071031,0.0727716574316
20071101,0.0654390255033
20071102,1.23871738446
20071103,0.0387293221791
20071104,0.0110455958984
20071105,1.10822262952
20071106,8.52166902557
20071107,17.9257922791
20071108,0.344754854572
20071109,3.70807191359
20071110,0.065809955239
20071111,0.968252942957
20071112,0.0171068447217
20071113,0.000320515859904
20071114,5.66282355661e-06
20071115,0.0890072117435
20071116,0.065901554593
20071117,0.0016313428099
20071118,0.313057625693
20071119,0.00592406847634
20071120,6.94646439624e-06
20071121,0.0293804679555
20071122,1.28278612478
20071123,4.91054054852
20071124,4.88716586636
20071125,4.94384561534
20071126,0.910264986231
20071127,0.0659733514507
20071128,8.71445972604
20071129,1.16734253129
20071130,0.0179536108078
20071201,0.0908804729336
20071202,0.124609622482
20071203,0.0313342822023
20071204,0.827898977155
20071205,1.64847112616
20071206,2.38436265584
20071207,12.6535280499
20071208,6.35743774335
20071209,3.47817189428
20071210,1.86554853422
20071211,3.63805088107
20071212,4.26533267185
20071213,1.51433304691
20071214,1.33575368625
20071215,1.23877078264
20071216,0.795978637661
20071217,3.04809249909
20071218,5.87893404579
20071219,9.28279164827
20071220,0.599557850709
20071221,1.40501442568
20071222,0.090307077924
20071223,0.447608268712
20071224,0.0283704601103
20071225,0.226752663229
20071226,1.23152133852
20071227,3.61788360144
20071228,5.18100906985
20071229,19.6845706033
20071230,0.916762245672
20071231,0.289907403954
20080101,0.900671568892
20080102,0.460783918411
20080103,0.0189573289802
20080104,0.0163659483685
20080105,1.46294495385
20080106,0.374270807683
20080107,0.129084061341
20080108,1.60634415594
20080109,15.3729751872
20080110,1.50934580089
20080111,4.83162646408
20080112,0.0907086695419
20080113,0.000701327108588
20080114,0.00558246518055
20080115,0.0124808366473
20080116,0.0142240490511
20080117,0.468456333936
20080118,4.55597128813
20080119,6.18138734545
20080120,0.545855773434
20080121,0.0383174623025
20080122,1.9834305691
20080123,0.0585206904345
20080124,0.293142872413
20080125,10.3978084177
20080126,2.73014839868
20080127,0.479130442138
20080128,0.33829885933
20080129,3.89935274605
20080130,2.65545552936
20080131,0.0536876529805
20080201,0.0357655758223
20080202,0.184599850063
20080203,0.238074619617
20080204,0.025444736995
20080205,0.0812893524294
20080206,0.00142956007865
20080207,0.0314144270107
20080208,0.0162514825161
20080209,0.123328022256
20080210,0.429151399003
20080211,0.0209849792776
20080212,0.000237477223101
20080213,0.0
20080214,3.45979563942e-06
20080215,6.11271304201e-08
20080216,0.069421834972
20080217,0.00122653411983
20080218,0.0
20080219,0.0
20080220,1.09665221521
20080221,0.0823426546691
20080222,0.0011124942142
20080223,0.0
20080224,0.00667031763622
20080225,0.0813729474267
20080226,0.0322967646367
20080227,0.22048554759
20080228,0.650008553927
20080229,0.314015816634
20080301,0.363150946769
20080302,0.0131347842048
20080303,0.0373004392602
20080304,0.0034126173004
20080305,0.00472623876924
20080306,0.990985755229
20080307,0.0656153747038
20080308,0.00113177628141
20080309,0.000227693639959
20080310,0.00128745320646
20080311,0.00185229850125
20080312,0.00176789646575
20080313,0.241542587434
20080314,0.555414131814
20080315,0.139166195931
20080316,0.0878602096255
20080317,2.24192057606
20080318,2.85303417326
20080319,0.058042294631
20080320,0.000147255809004
20080321,0.0
20080322,0.121851689655
20080323,0.00455729693878
20080324,1.25600137208
20080325,0.0221900865763
20080326,0.0
20080327,0.0
20080328,0.0
20080329,0.0
20080330,0.000432297217978
20080331,7.63775573216e-06
20080401,0.0224409096455
20080402,0.000396482478479
20080403,0.00207578795927
20080404,3.66746996073e-05
20080405,0.00240469181687
20080406,0.590113956417
20080407,0.812083843562
20080408,0.0191669513904
20080409,1.07852747307
20080410,0.0191796812525
20080411,0.000417240777479
20080412,0.0928824089053
20080413,0.181057384915
20080414,1.78646027978
20080415,0.039148014505
20080416,0.000135002076654
20080417,0.0
20080418,0.0
20080419,0.1601970427
20080420,0.00356448980832
20080421,1.29709041184e-05
20080422,1.54696495185
20080423,0.0273315353901
20080424,0.0132912882007
20080425,0.000234828386925
20080426,0.0
20080427,0.0
20080428,0.0
20080429,1.82842549039
20080430,0.0323043362081
20080501,0.0737621175545
20080502,0.01157255179
20080503,0.0361498909732
20080504,0.000635484991624
20080505,0.128695280591
20080506,0.0153741622224
20080507,0.000231455725282
20080508,0.0
20080509,0.0
20080510,0.0
20080511,0.0
20080512,0.0
20080513,0.0
20080514,0.046225328452
20080515,0.000816746153818
20080516,0.00109248573332
20080517,0.0502489495921
20080518,0.000887449535028
20080519,0.0151553563599
20080520,0.0067584421541
20080521,0.00011467632154
20080522,0.0
20080523,0.0
20080524,0.0
20080525,0.0
20080526,0.00731192582799
20080527,0.00012918596917
20080528,0.0
20080529,0.00276363659546
20080530,4.88274918583e-05
20080531,0.0
20080601,0.0
20080602,0.0
20080603,0.0
20080604,0.0
20080605,0.0328968317028
20080606,0.00058121606776
20080607,0.0
20080608,0.0
20080609,0.0496531822929
20080610,0.0666317252031
20080611,0.0273219549942
20080612,0.000462194603616
20080613,0.00499532786964
20080614,0.0538560695885
20080615,0.000949961326573
20080616,3.2828041476e-05
20080617,5.80000646191e-07
20080618,0.00076771604726
20080619,0.247686140406
20080620,0.0178751865615
20080621,0.000300942800164
20080622,1.10315309429e-06
20080623,0.00557434299354
20080624,0.000168210064628
20080625,1.23186343238e-06
20080626,0.0
20080627,0.0
20080628,0.0
20080629,0.0
20080630,0.0
20080701,0.0
20080702,0.0
20080703,0.000229249568598
20080704,4.05034753196e-06
20080705,0.000280935896761
20080706,0.0326134455757
20080707,0.000576121581027
20080708,0.0
20080709,0.0
20080710,0.000637153619993
20080711,1.12571337967e-05
20080712,1.37955157816
20080713,0.0246109822693
20080714,0.87990930704
20080715,0.0308130942645
20080716,0.0928994841927
20080717,0.00163656787204
20080718,0.0830414823843
20080719,0.02400668269
20080720,0.000398224712643
20080721,0.0
20080722,0.00137022105282
20080723,0.0220175113338
20080724,0.00589072736458
20080725,0.23192719929
20080726,0.00409593646659
20080727,0.00811692148316
20080728,0.000143408500198
20080729,0.0
20080730,0.0
20080731,0.0
20080801,0.0
20080802,0.0
20080803,0.0
20080804,0.0413545894556
20080805,0.000730646376278
20080806,0.0
20080807,0.0
20080808,0.0
20080809,0.00181400195792
20080810,3.20494996456e-05
20080811,0.0
20080812,0.0
20080813,0.0167242593811
20080814,0.000295481579249
20080815,0.0
20080816,0.0
20080817,0.0
20080818,0.0646218148825
20080819,1.67997839816
20080820,0.0296614131453
20080821,0.0
20080822,0.0
20080823,0.0
20080824,0.0
20080825,0.0
20080826,0.0
20080827,0.0038271335485
20080828,6.76171897668e-05
20080829,0.0
20080830,0.0
20080831,0.0
20080901,0.000648387410392
20080902,0.000443916302751
20080903,7.64065170737e-06
20080904,0.0
20080905,0.0
20080906,0.0
20080907,0.0
20080908,0.0
20080909,0.0
20080910,0.0
20080911,0.0
20080912,0.0
20080913,0.00198375422373
20080914,3.50486574786e-05
20080915,0.0
20080916,0.0
20080917,0.0
20080918,0.0
20080919,0.0
20080920,0.0
20080921,0.0
20080922,0.0
20080923,0.0
20080924,0.0
20080925,0.0
20080926,0.0
20080927,0.3823399496
20080928,0.211718414511
20080929,0.111424148493
20080930,0.0019046446167
20081001,0.0
20081002,0.0
20081003,0.0
20081004,0.0401436486601
20081005,0.000709251723902
20081006,0.774370096301
20081007,0.0168634736856
20081008,5.62195145566e-05
20081009,0.0
20081010,0.000637715309513
20081011,0.195030697538
20081012,0.00344557307809
20081013,0.0
20081014,0.0
20081015,0.0
20081016,0.000979459002701
20081017,1.73049318931e-05
20081018,0.00042493309881
20081019,7.50764823775e-06
20081020,0.0
20081021,0.17836558904
20081022,0.00378910903538
20081023,1.12680855537e-05
20081024,0.00098419095053
20081025,1.73885400547e-05
20081026,0.00089941322135
20081027,1.58906927801e-05
20081028,0.0
20081029,0.0665518861869
20081030,0.468206753848
20081031,0.0258118181193
20081101,1.38550209631
20081102,0.0244733616445
20081103,0.0
20081104,0.284594344271
20081105,7.22260941728
20081106,0.127529098567
20081107,0.167051112184
20081108,2.95685524312
20081109,2.53500580882
20081110,0.0438660183619
20081111,0.00471653477842
20081112,5.75380442843
20081113,9.00905106056
20081114,1.80593363188
20081115,6.80941714765
20081116,3.42010937347
20081117,0.116245126708
20081118,0.751772253861
20081119,0.969378188382
20081120,1.6985621957
20081121,0.0554237999597
20081122,0.575243426243
20081123,0.708587924191
20081124,1.31179276602
20081125,0.0418906522687
20081126,0.000334489748016
20081127,0.0
20081128,0.00461982169804
20081129,8.16222822242e-05
20081130,0.0
20081201,0.0
20081202,0.0
20081203,0.0
20081204,0.0800285383262
20081205,0.0591863034182
20081206,0.707609006606
20081207,1.09785276388
20081208,0.0505071370733
20081209,0.000553551428304
20081210,0.80970058342
20081211,3.85368066302
20081212,0.665096420863
20081213,1.55317397793
20081214,0.211411877063
20081215,0.117442960704
20081216,5.12710792609
20081217,12.7525375508
20081218,6.76425446713
20081219,1.897832755
20081220,0.0327341717274
20081221,0.53780576002
20081222,0.703507625087
20081223,1.54730418383
20081224,3.49570841369
20081225,14.265473313
20081226,10.9139967402
20081227,4.78312449284
20081228,2.01328982093
20081229,1.41987337416
20081230,2.27457326666
20081231,4.02221976066
20090101,7.89087338303
20090102,0.989789327356
20090103,4.08625372811
20090104,0.248705194631
20090105,0.0358962356045
20090106,6.36863144181
20090107,0.867828296883
20090108,0.631895009386
20090109,0.0430412417367
20090110,0.478275440661
20090111,0.0260756354314
20090112,1.25993765527
20090113,0.120620214713
20090114,3.03037727777
20090115,12.0828853371
20090116,2.48758647709
20090117,0.332828235324
20090118,0.0587642780118
20090119,0.755165697218
20090120,0.0145917299457
20090121,0.478724329391
20090122,0.00845763203484
20090123,0.0
20090124,0.0
20090125,0.00327337158599
20090126,0.124445552696
20090127,4.02449389141
20090128,0.0
20090130,0.0
20090131,0.0
20090201,0.0
20090202,0.0
20090204,0.0
20090205,0.0
20090206,0.0
20090207,0.0
20090210,0.0
20090211,0.0
20090212,0.0
20090213,0.0
20090214,0.0
20090215,0.0
20090217,0.0
20090218,0.0
20090219,0.0
20090220,0.0
20090222,0.0
20090223,0.0
20090226,0.0
20090227,0.0
20090228,0.0
20090302,0.0
20090303,0.0
20090304,0.0
20090305,0.0
20090306,0.0
20090307,0.0
20090308,0.0
20090310,0.0
20090311,0.0
20090312,1.34038795831
20090313,0.239987248381
20090314,1.22056679876
20090315,12.3511497992
20090316,10.5613419036
20090317,0.252355344928
20090318,7.49999124672
20090319,1.68066734634
20090320,0.499383416079
20090321,0.243749218092
20090322,0.0524053579195
20090323,0.00118780769305
20090324,5.92582781261e-06
20090325,0.0
20090326,0.0
20090327,0.0
20090328,0.0
20090329,0.0
20090330,1.65655041701
20090331,0.632357592059
20090401,0.0575843306576
20090402,0.0230771587049
20090403,0.000393074645393
20090404,0.000660788646201
20090405,0.0400588254163
20090406,0.000707546797009
20090407,0.0
20090408,0.133270579206
20090409,0.00235460388129
20090410,0.0
20090411,0.489389052439
20090412,0.00864644888058
20090413,0.0
20090414,0.0304845967782
20090415,0.000538597060939
20090416,0.0
20090417,0.0
20090418,0.0
20090419,0.0
20090420,0.0
20090421,0.0
20090422,1.44606740816
20090423,0.0437422000414
20090424,0.000321436489763
20090425,0.0
20090426,0.100667224723
20090427,1.48858703178
20090428,0.0415409892818
20090429,0.000269828450709
20090430,0.0
20090501,0.0
20090502,0.0
20090503,0.990098234049
20090504,0.456810981649
20090505,0.435285804468
20090506,0.00755342713872
20090507,0.0
20090508,0.0068691814875
20090509,1.77143611845
20090510,0.136768912955
20090511,0.00209878311624
20090512,6.47907179346e-05
20090513,1.07126566891e-06
20090514,0.0
20090515,0.0
20090516,0.0
20090517,0.0
20090518,0.262386625983
20090519,0.00463580567121
20090520,0.00109016860139
20090521,0.00329949973525
20090522,5.79547323504e-05
20090523,0.0
20090524,0.0
20090525,0.000424029640992
20090526,7.4916872811e-06
20090527,0.0
20090528,0.0
20090529,0.0
20090530,0.0
20090531,0.0
20090601,0.0
20090602,0.0
20090603,0.0
20090604,0.0
20090605,0.0
20090606,0.0129300052439
20090607,0.000228445334063
20090608,0.00558151880949
20090609,0.471466753095
20090610,1.2776183177
20090611,0.141449632264
20090612,0.00424280364254
20090613,3.7807526897e-05
20090614,0.0
20090615,0.0
20090616,0.0
20090617,0.0
20090618,0.0
20090619,0.0
20090620,2.36743679323
20090621,0.184656065734
20090622,0.00252347281793
20090623,0.0
20090624,0.0
20090625,0.0
20090626,0.0
20090627,0.0115033153976
20090628,0.000203238796575
20090629,0.0556456014508
20090630,0.00163256661223
20090701,0.0334149590644
20090702,1.4511472138
20090703,2.49796121037
20090704,0.0812917000159
20090705,4.46114739918
20090706,0.966343935151
20090707,0.016754924236
20090708,1.89763952248e-05
20090709,0.136792490766
20090710,0.00241682838288
20090711,0.083383031496
20090712,0.00569650917318
20090713,7.46167932511e-05
20090714,0.0
20090715,0.0
20090716,0.0054648480079
20090717,9.65520788812e-05
20090718,8.9508562674e-07
20090719,1.58142291341e-08
20090720,0.0
20090721,0.0
20090722,0.0
20090723,0.0
20090724,0.0406779857375
20090725,2.9568997436
20090726,0.0710000550377
20090727,0.00033163793629
20090728,0.886075330165
20090729,0.0156550383315
20090730,0.64490880759
20090731,0.0178879489925
20090801,0.050996964043
20090802,0.000898979424457
20090803,0.719495084591
20090804,0.0127119270243
20090805,0.0
20090806,0.0
20090807,0.0103838378846
20090808,0.000183460040284
20090809,0.167206167759
20090810,0.00295417254831
20090811,0.0
20090812,0.0
20090813,0.0
20090814,0.000432297217978
20090815,7.63775573216e-06
20090816,0.0
20090817,0.0
20090818,0.0
20090819,0.0
20090820,0.0
20090821,0.0316365836229
20090822,0.00055895018407
20090823,0.0
20090824,0.0
20090825,0.0240974272181
20090826,0.000425749565936
20090827,0.0179430662287
20090828,0.000317015327246
20090829,0.00880210532745
20090830,0.000155514228009
20090831,0.0
20090901,0.0
20090902,0.0
20090903,0.0
20090904,0.0
20090905,0.0
20090906,0.0
20090907,0.0
20090908,0.0
20090909,0.0
20090910,0.0
20090911,0.013231477106
20090912,0.000233771657525
20090913,0.0
20090914,0.0022159864631
20090915,3.91517035874e-05
20090916,0.0
20090917,0.0
20090918,0.315457824986
20090919,0.00557345959684
20090920,0.0201261313105
20090921,0.000355585342504
20090922,0.0
20090923,0.0
20090924,0.0
20090925,0.0323326177786
20090926,0.408444588591
20090927,0.0394615804296
20090928,0.0708456277423
20090929,2.73949034892
20090930,0.246637216231
20091001,0.00417591575719
20091002,4.55045762299
20091003,0.424574492178
20091004,0.155681736806
20091005,0.0957034271065
20091006,0.00164417497411
20091007,0.0
20091008,0.0
20091009,0.0
20091010,0.0
20091011,0.0
20091012,0.0
20091013,0.00231938459968
20091014,0.436915655575
20091015,0.00771863375382
20091016,0.0
20091017,0.0
20091018,0.05480032492
20091019,0.0739267006052
20091020,0.0498983032496
20091021,0.000858821227214
20091022,0.0
20091023,0.0
20091024,0.0
20091025,0.0
20091026,0.0
20091027,0.179721364327
20091028,0.00317528908086
20091029,0.0
20091030,0.14914890923
20091031,3.03501504991
20091101,0.537588931255
20091102,0.698237981583
20091103,0.0169207920453
20091104,8.36664084865e-05
20091105,0.0
20091106,0.053663527098
20091107,0.0397644359503
20091108,0.604833658661
20091109,0.0770352633477
20091110,2.44987575816
20091111,0.538680169589
20091112,0.0620627376772
20091113,2.52747426201
20091114,0.438985727441
20091115,0.00724682380969
20091116,0.190074207254
20091117,0.868384249517
20091118,0.0644881672836
20091119,0.0532662737948
20091120,22.4895786695
20091121,16.8392868359
20091122,3.91461953885
20091123,0.934083493484
20091124,0.65168995629
20091125,0.0112423672668
20091126,0.0
20091127,0.0
20091128,0.15608729642
20091129,0.0032911877093
20091130,3.82585117733
20091201,0.627580666879
20091202,4.51307539287
20091203,0.239649505373
20091204,0.0715904621565
20091205,1.11528323745
20091206,2.39758085026
20091207,0.0470032867123
20091208,0.176428291331
20091209,0.191367609154
20091210,0.0260698175861
20091211,0.397889445655
20091212,6.45951317112
20091213,1.64627818341
20091214,0.793825625609
20091215,0.203878310841
20091216,0.00336274613284
20091217,0.669465278875
20091218,0.0665886535224
20091219,0.385980653193
20091220,1.1510907147
20091221,1.59548069739
20091222,0.0469413862399
20091223,0.000337630300768
20091224,0.000428703701755
20091225,0.149319102493
20091226,0.0515263801823
20091227,0.0632348097974
20091228,1.3377256337
20091229,0.0236171137298
20091230,0.0176894316616
20091231,0.75576030287
20100101,0.0154530370501
20100102,3.72067681905e-05
20100103,0.0
20100104,0.281174074744
20100105,2.25205865932
20100106,2.24564664626
20100107,0.11664199654
20100108,0.00137222086894
20100109,0.0
20100110,0.0
20100111,0.0
20100112,0.00083431888486
20100113,0.0125946090794
20100114,0.000222259130187
20100115,0.0
20100116,0.0
20100117,0.0466172791542
20100118,0.0629011936392
20100119,0.00704804956688
20100120,0.0320539647502
20100121,2.43986741779
20100122,0.167039942943
20100123,0.0123282335105
20100124,0.03237044503
20100125,0.0968412077529
20100126,0.598886070294
20100127,1.05678114834
20100128,1.55627665201
20100129,7.81197653877
20100130,8.12360933821
20100131,1.51219772105
20100201,0.51400888842
20100202,0.0507575347774
20100203,0.0206822909359
20100204,0.000356083595019
20100205,0.033297459636
20100206,0.00331078671762
20100207,4.8921056423e-05
20100208,1.4495717745e-08
20100209,0.0
20100210,0.146569320196
20100211,0.0156132241635
20100212,0.272973081439
20100213,0.00481878047247
20100214,0.0
20100215,0.041974898833
20100216,0.0491010915113
20100217,0.668165001468
20100218,3.16857880135
20100219,8.03128653743
20100220,4.36498440234
20100221,1.24553785831
20100222,0.897929452886
20100223,2.49032562981
20100224,1.31758167571
20100225,0.211931555485
20100226,0.0395034425282
20100227,19.2384031054
20100228,3.59367704872
20100301,0.30168458957
20100302,0.00938527442656
20100303,4.78057338218
20100304,3.50432099604
20100305,0.256004099596
20100306,0.284468286349
20100307,0.00496488998276
20100308,0.00074947474246
20100309,1.3241606718e-05
20100310,0.0
20100311,0.0
20100312,0.0
20100313,0.109492377578
20100314,0.00868465429016
20100315,0.5467088378
20100316,0.0791300246409
20100317,0.00990154381793
20100318,0.26576603171
20100319,0.124792843597
20100320,0.0546732587342
20100321,0.0286689451189
20100322,0.0141816968483
20100323,0.000241900728569
20100324,0.0
20100325,0.0302729946676
20100326,0.00529494930009
20100327,0.00158631659268
20100328,6.09759759881e-05
20100329,0.00417477127569
20100330,0.0022586814582
20100331,0.000511225769403
20100401,0.101283073275
20100402,0.00178930590191
20100403,0.128545899953
20100404,0.670788877585
20100405,2.54484465252
20100406,2.05823179317
20100407,0.407695599894
20100408,2.71251063733
20100409,0.288304461516
20100410,2.31242485312
20100411,3.50575924902
20100412,0.124545515922
20100413,0.00203004676556
20100414,1.60989193409e-05
20100415,0.0
20100416,0.0
20100417,0.208650681235
20100418,0.00384981762596
20100419,0.00936316420695
20100420,0.00542863049466
20100421,2.62945372496
20100422,0.128984049811
20100423,0.319491037502
20100424,0.880705710921
20100425,0.106328199586
20100426,0.0145531351045
20100427,0.000228758040798
20100428,0.0206593171729
20100429,0.00036500560559
20100430,0.0
20100501,0.0
20100502,0.0122086078131
20100503,0.0316571993048
20100504,0.202682342659
20100505,0.00357114540027
20100506,0.0
20100507,0.0
20100508,0.0
20100509,0.0
20100510,0.0
20100511,0.0
20100512,0.0130558388894
20100513,0.0185104352917
20100514,0.00626180197181
20100515,0.000104926460954
20100516,0.0
20100517,0.0
20100518,0.0
20100519,0.0138527123891
20100520,0.000641840823571
20100521,0.233625574471
20100522,2.74288227389
20100523,5.68771932284
20100524,0.131169090663
20100525,0.000557142426129
20100526,0.0142752821817
20100527,0.000252213474839
20100528,0.0
20100529,0.0
20100530,0.0
20100531,0.694567135392
20100601,1.0191502103
20100602,0.13224411826
20100603,0.00202216844842
20100604,0.0
20100605,0.0
20100606,0.0
20100607,0.0
20100608,0.0
20100609,0.000634785144507
20100610,1.12152853341e-05
20100611,0.0
20100612,0.02302834868
20100613,0.0242062072554
20100614,0.000420483136499
20100615,0.0
20100616,0.0
20100617,0.0
20100618,0.158359259907
20100619,0.0539508539804
20100620,0.000903762866028
20100621,0.0
20100622,0.0
20100623,0.00143904989011
20100624,2.5424907729e-05
20100625,0.0
20100626,0.0
20100627,0.0
20100628,0.606336202161
20100629,0.0208650869919
20100630,0.00237369785525
20100701,3.87690179049e-05
20100702,0.0
20100703,0.0
20100704,0.0760480352922
20100705,0.0221847434018
20100706,0.000368217994197
20100707,0.0
20100708,0.0
20100709,0.0
20100710,0.0
20100711,0.0
20100712,0.153951894293
20100713,0.0187443122352
20100714,0.00635579429015
20100715,0.0530020217001
20100716,0.0626369190476
20100717,0.00109014807799
20100718,0.0
20100719,0.0
20100720,0.0528833866579
20100721,0.00169159522916
20100722,0.0788301679167
20100723,1.05261599463
20100724,0.0185728518267
20100725,0.0
20100726,0.356061332531
20100727,0.00629083561753
20100728,0.0
20100729,0.0
20100730,0.0162868725299
20100731,0.218279665314
20100801,0.00520212629438
20100802,0.000310432502944
20100803,1.56324802555e-05
20100804,0.000861394569625
20100805,1.52156914764e-05
20100806,0.0
20100807,0.0
20100808,5.8394911718e-05
20100809,1.03171234064e-06
20100810,0.0146687072647
20100811,0.0274617414513
20100812,0.0068744372328
20100813,0.00011296512057
20100814,0.0
20100815,0.105746147446
20100816,0.00798807597376
20100817,0.000108123127476
20100818,0.0
20100819,0.0
20100820,0.0
20100821,0.0
20100822,0.0
20100823,0.0
20100824,0.0134032691217
20100825,1.29595506559
20100826,0.0228925461589
20100827,0.0
20100828,0.0
20100829,0.0
20100830,0.0
20100831,0.0
20100901,0.0
20100902,0.0
20100903,0.0
20100904,0.0
20100905,0.0
20100906,0.0
20100907,0.0
20100908,0.0
20100909,0.0
20100910,0.0
20100911,0.178868647489
20100912,0.334687876355
20100913,0.0127796110106
20100914,0.00674938621907
20100915,0.000117086307847
20100916,0.0
20100917,0.0
20100918,0.0
20100919,0.0
20100920,0.0
20100921,0.0
20100922,0.0
20100923,0.0
20100924,0.0
20100925,0.0143554440721
20100926,0.000253629733685
20100927,0.0
20100928,0.224388760009
20100929,0.0225658143813
20100930,0.00032864575017
20101001,0.0
20101002,0.0
20101003,0.0
20101004,0.0
20101005,0.0
20101006,0.0
20101007,0.0
20101008,0.0
20101009,0.0
20101010,0.0
20101011,0.0
20101012,0.0
20101013,0.0
20101014,1.34337320146e-05
20101015,0.011660328625
20101016,1.48120140656
20101017,0.712877989294
20101018,0.0125967172409
20101019,8.71755099395e-06
20101020,0.101721462417
20101021,0.0753187716525
20101022,0.00129896766874
20101023,0.0
20101024,1.23477244705
20101025,0.424056628996
20101026,0.688643144888
20101027,0.435778119967
20101028,1.93554640255
20101029,3.20960371873
20101030,0.651674028692
20101031,0.0291770957148
20101101,0.299154300282
20101102,0.0186433381419
20101103,0.0364527850655
20101104,0.389581917725
20101105,0.0928822831234
20101106,9.12563072308
20101107,1.36268790629
20101108,0.0278160600948
20101109,0.00494283838915
20101110,4.18370430464
20101111,5.95547194126
20101112,0.186166386969
20101113,0.440706951296
20101114,0.570299947204
20101115,0.608857872854
20101116,0.0666163635479
20101117,0.000990013390451
20101118,5.42875990945
20101119,0.293516506806
20101120,0.689906782235
20101121,0.0258283634313
20101122,0.00998735431666
20101123,0.0112445102427
20101124,0.0678055639923
20101125,2.35274586106
20101126,1.45636574945
20101127,0.574454706511
20101128,0.38119911316
20101129,0.00743884776668
20101130,9.07798270643
20101201,1.32535134221
20101202,0.0100212321493
20101203,1.099687126
20101204,0.938337431469
20101205,8.85742039277
20101206,6.48683549286
20101207,1.77142274712
20101208,0.131020450611
20101209,0.0263938048556
20101210,0.000434575901179
20101211,0.00797889076806
20101212,0.0909095725865
20101213,0.0671591795585
20101214,0.154082897211
20101215,20.9148420972
20101216,0.539595850392
20101217,3.75145617793
20101218,0.769234742752
20101219,1.12938866664
20101220,0.149507056358
20101221,0.094640335502
20101222,0.00572832343429
20101223,7.23805911082e-05
20101224,0.00419676220111
20101225,0.129709868069
20101226,7.19979426329
20101227,2.67715849861
20101228,0.229556865851
20101229,0.0405033940897
20101230,0.520987156875
20101231,0.110160787993
20110101,0.168972321182
20110102,0.505809050028
20110103,0.0215965725038
20110104,0.0594716240559
20110105,0.00538346481352
20110106,0.384544664231
20110107,1.47761750257
20110108,2.5203534251
20110109,3.64817346448
20110110,4.0489581476
20110111,3.85436213282
20110112,6.54637274294
20110113,3.98168594501
20110114,9.43352261405
20110115,5.8440683361
20110116,3.80306552881
20110117,2.13462270226
20110118,3.33396127253
20110119,9.88195910322
20110120,5.37439996833
20110121,1.20926990872
20110122,0.643641597605
20110123,0.62107799048
20110124,1.63838718442
20110125,0.735160011043
20110126,0.43838530624
20110127,0.0364837819033
20110128,18.6936045837
20110129,2.03543216375
20110130,0.0695151882839
20110131,0.000695911449918
20110201,0.15226709575
20110202,0.00296777194579
20110203,0.000604153919163
20110204,0.128957923987
20110205,0.266929938032
20110206,0.00467582539167
20110207,0.0
20110208,0.0
20110209,0.0
20110210,0.000148373895865
20110211,2.62144783504e-06
20110212,0.0
20110213,0.00151957896123
20110214,4.3125150776e-05
20110215,0.01274313826
20110216,0.0100888284857
20110217,0.0189830817457
20110218,0.000445000125248
20110219,0.0017083584768
20110220,3.01478320381e-05
20110221,0.00291896328713
20110222,0.0345302617074
20110223,0.00119517861608
20110224,6.59296150451e-05
20110225,0.0392285847684
20110226,0.021979741323
20110227,2.05791435039
20110228,0.15800698017
20110301,0.00214937660718
20110302,0.0152956570241
20110303,0.00625585957015
20110304,0.00186882014333
20110305,0.00924112858962
20110306,0.00537209869853
20110307,9.20384859788e-05
20110308,0.0
20110309,0.0
20110310,0.0
20110311,0.00945484216221
20110312,1.28171362386
20110313,0.190560635954
20110314,1.70679528285
20110315,0.189996368921
20110316,0.0354264918669
20110317,0.218164622784
20110318,0.00384432211017
20110319,0.0
20110320,0.00200570831986
20110321,7.77128266451e-05
20110322,0.00323215856129
20110323,0.216257295906
20110324,0.0298962389387
20110325,0.0375104946999
20110326,0.0901119257371
20110327,0.264298168724
20110328,0.0853113626603
20110329,0.00142525985946
20110330,0.00881506319562
20110331,0.0096842868352
20110401,0.000168348836524
20110402,0.00544635581358
20110403,0.0009601759006
20110404,1.52641423303e-05
20110405,0.314388876354
20110406,1.133287469
20110407,0.0540570051272
20110408,1.48266170952
20110409,1.53854594252
20110410,0.0366069289648
20110411,0.000174677847932
20110412,0.0
20110413,0.0
20110414,0.0
20110415,0.00247896724873
20110416,4.45426318457e-05
20110417,0.00699753586284
20110418,2.50400182885
20110419,0.643238326435
20110420,0.0105830425782
20110421,0.00117223307558
20110422,8.51285722617
20110423,0.79543168068
20110424,0.465483177248
20110425,0.04659401044
20110426,0.00128319469094
20110427,0.0229697576025
20110428,0.210455836774
20110429,1.25139579319
20110430,0.143924357593
20110501,0.0117537618107
20110502,0.0524082522806
20110503,0.00131890840617
20110504,6.99583718216e-06
20110505,0.0
20110506,0.0
20110507,0.0
20110508,0.0
20110509,0.531139638085
20110510,0.00938409214604
20110511,0.0
20110512,0.0
20110513,0.0
20110514,0.0
20110515,0.0
20110516,0.0
20110517,0.0
20110518,0.00108665969519
20110519,0.166863170871
20110520,2.69559259691
20110521,0.0708930671489
20110522,0.00352376488735
20110523,5.49779799033e-05
20110524,0.0
20110525,0.0
20110526,0.0
20110527,0.0
20110528,0.0
20110529,0.0
20110530,0.0
20110531,0.0
20110601,0.0
20110602,0.0
20110603,0.0
20110604,0.0
20110605,0.0
20110606,0.0379928227847
20110607,0.0389399997818
20110608,0.000676126340039
20110609,4.38515536825
20110610,0.141655049373
20110611,0.00154361931058
20110612,0.00377344837475
20110613,6.65407936698e-05
20110614,0.00921685317069
20110615,0.000162841909631
20110616,0.00547361142339
20110617,0.000319799954977
20110618,3.94157185306e-06
20110619,0.0
20110620,0.0
20110621,0.00149249228145
20110622,0.0378592093996
20110623,0.000668424678733
20110624,0.000218744656258
20110625,0.0477913437983
20110626,0.497499942716
20110627,0.102719660118
20110628,0.0550795489972
20110629,0.000943811822834
20110630,0.00417137933183
20110701,0.0188044833098
20110702,0.0435209212515
20110703,0.000763073936437
20110704,0.0138089263718
20110705,0.000243973969159
20110706,0.0
20110707,0.0547242522883
20110708,0.0241555327003
20110709,0.000409693876701
20110710,0.313339985695
20110711,0.168302370017
20110712,0.00287572998507
20110713,0.0226380219137
20110714,0.134754968576
20110715,0.00303339562271
20110716,1.16542791787e-05
20110717,5.06547440875
20110718,0.136166854529
20110719,0.0203629397566
20110720,0.000345200848669
20110721,0.0
20110722,0.000682033282603
20110723,0.0133115977396
20110724,0.000234974325705
20110725,0.0
20110726,0.0388913001954
20110727,0.00743013740286
20110728,0.000119134507249
20110729,0.0
20110730,0.579702392501
20110731,0.0102420906581
20110801,0.0
20110802,0.0
20110803,0.0113073373856
20110804,0.000199776280007
20110805,0.0
20110806,0.0
20110807,0.0
20110808,0.0
20110809,0.0
20110810,0.0
20110811,0.0
20110812,0.0
20110813,0.039421703393
20110814,0.000696496609446
20110815,0.0
20110816,0.968137107054
20110817,0.0965508756172
20110818,0.0158809388079
20110819,0.000255782651498
20110820,0.000278816691261
20110821,4.92609165076e-06
20110822,0.00595681956136
20110823,0.00158543391231
20110824,2.61517674526e-05
20110825,0.0
20110826,0.0
20110827,0.000406385285291
20110828,0.369873490465
20110829,0.00669050062351
20110830,2.75195514693e-06
20110831,0.0
20110901,0.0
20110902,0.0
20110903,0.0
20110904,0.0
20110905,0.0
20110906,0.0
20110907,0.0
20110908,0.011459705512
20110909,0.000202468268612
20110910,0.0
20110911,0.0
20110912,0.0
20110913,0.0
20110914,0.0
20110915,0.0
20110916,0.0102459868929
20110917,0.0709648662297
20110918,0.00125059775791
20110919,0.0
20110920,0.0
20110921,2.26995272744e-06
20110922,4.01051845199e-08
20110923,0.00339357809413
20110924,0.0081586608625
20110925,0.000143086644769
20110926,0.0
20110927,0.0
20110928,0.0
20110929,0.0
20110930,0.000407175367841
20111001,0.0819869304352
20111002,0.266478481017
20111003,2.80555289907
20111004,4.9416641657
20111005,0.103209660927
20111006,0.100396153478
20111007,0.00176854715779
20111008,0.0
20111009,0.0
20111010,0.0389685048846
20111011,0.0311670380709
20111012,0.156558909757
20111013,0.082728308375
20111014,0.00141292855851
20111015,0.0
20111016,0.00300301668921
20111017,2.36848575124
20111018,0.0456521989532
20111019,0.156952058475
20111020,0.409746172791
20111021,4.59811223749
20111022,0.0949756720938
20111023,0.000244946590673
20111024,0.0
20111025,0.0
20111026,0.0
20111027,0.0836135552464
20111028,0.32352089235
20111029,0.558790901451
20111030,3.59380974607
20111031,1.46347891221
20111101,0.209510097138
20111102,4.0569883832
20111103,0.501491161626
20111104,0.00811285866082
20111105,0.135881626363
20111106,0.026869796678
20111107,0.122217261847
20111108,0.00215167773038
20111109,0.0
20111110,0.0
20111111,0.0
20111112,0.0
20111113,0.000224284527162
20111114,3.9626260926e-06
20111115,8.88259799354
20111116,0.620957897533
20111117,0.0100240269613
20111118,0.223981633437
20111119,0.00395670157332
20111120,0.0
20111121,0.115258634627
20111122,9.54470049293
20111123,4.82908692548
20111124,5.90852500964
20111125,13.8151940356
20111126,4.04282988824
20111127,0.174315029303
20111128,2.16556516448
20111129,0.0730651796106
20111130,0.000615508136778
20111201,0.0
20111202,0.0
20111203,0.324978164551
20111204,6.58334501558
20111205,0.315714288658
20111206,0.00432091387466
20111207,1.4066072766e-05
20111208,0.0
20111209,0.0171335547443
20111210,0.0119114884383
20111211,0.00707160312266
20111212,0.00244440943849
20111213,2.71322546895
20111214,5.33494238836
20111215,3.60766740643
20111216,8.67903773473
20111217,5.26626038701
20111218,1.69972106074
20111219,0.0284340538592
20111220,0.00080516593419
20111221,0.00490248530133
20111222,0.00664211936217
20111223,0.191149233381
20111224,0.0796006838958
20111225,2.75968929991
20111226,0.071640087396
20111227,1.59221819009
20111228,0.555842197596
20111229,17.7443509545
20111230,5.28469069433
20111231,0.497544233801
20120101,0.866563316351
20120102,0.0181900652426
20120103,0.00660398769868
20120104,0.000115739389096
20120105,0.000308335599009
20120106,0.00879533493888
20120107,0.000155298344656
20120108,0.0
20120109,2.57875556842e-05
20120110,4.55610667345e-07
20120111,0.0
20120112,4.44914715868e-05
20120113,1.15037705702
20120114,0.986588371486
20120115,0.742457186505
20120116,0.0445432417968
20120117,0.517828293575
20120118,0.0345894800692
20120119,3.3513491554
20120120,3.02001418927
20120121,0.231240735897
20120122,0.0846392111994
20120123,0.175958562677
20120124,0.0030864333272
20120125,0.187808951632
20120126,0.190826876927
20120127,0.00503054740534
20120128,3.03475785289e-05
20120129,0.0
20120130,0.0
20120131,0.00010433747532
20120201,0.112673733492
20120202,0.00402257831845
20120203,0.0153271660116
20120204,0.120556349898
20120205,0.0032945210818
20120206,0.470803192546
20120207,0.652675656176
20120208,0.128273692425
20120209,0.00246190590963
20120210,0.00541817974789
20120211,0.00321201839575
20120212,1.58388988293
20120213,7.1003307793
20120214,0.323835404761
20120215,2.29964961828
20120216,1.89934741743
20120217,0.121872210488
20120218,0.00464582296642
20120219,0.438457581971
20120220,0.00774564073321
20120221,0.0
20120222,0.0
20120223,0.0010660944027
20120224,7.5896495872
20120225,0.772429728313
20120226,0.0112839742461
20120227,1.04766094892e-07
20120228,0.0095682106722
20120229,0.134219192801
20120301,0.0171857621248
20120302,0.106160771148
20120303,0.00359908120676
20120304,3.05313530375e-05
20120305,0.0
20120306,3.64750898736
20120307,1.32759432306
20120308,0.10504504014
20120309,0.00211223216976
20120310,0.00788226431671
20120311,0.000207206617738
20120312,1.2040123301e-06
20120313,0.0
20120314,0.101783405109
20120315,0.00348980789865
20120316,0.000471958871234
20120317,1.98934385609
20120318,1.66890317182
20120319,0.42082304457
