20010102,0.00254051374793
20010103,4.41061350747e-05
20010104,0.0
20010105,0.0
20010106,0.0
20010107,0.0
20010108,0.0
20010109,0.0180402603803
20010110,0.000318732528298
20010111,0.0
20010112,0.0
20010113,0.0
20010114,0.0
20010115,0.000105162947211
20010116,1.51710116986e-05
20010117,1.79542225611e-06
20010118,2.75655498427e-08
20010119,0.0
20010120,0.0
20010121,0.0
20010122,0.0
20010123,0.00832028236444
20010124,0.000147001464385
20010125,0.0
20010126,0.0
20010127,0.0
20010128,0.0
20010129,0.00307029416938
20010130,5.42454795789e-05
20010131,0.0
20010201,0.0
20010202,0.00774433093308
20010203,0.000136825633749
20010204,0.0
20010205,1.2450767347
20010206,0.15683445496
20010207,0.00360392942254
20010208,2.15840474984e-05
20010209,0.0
20010210,0.0
20010211,0.0
20010212,0.110929644655
20010213,0.0129953179817
20010214,0.000194972262554
20010215,0.00468089145444
20010216,8.27012587933e-05
20010217,0.0
20010218,0.0
20010219,0.000835236931262
20010220,0.0380380771601
20010221,0.091694273762
20010222,0.00160817100339
20010223,0.00233329561324
20010224,4.12242896245e-05
20010225,0.0384661673418
20010226,0.000679614363824
20010227,0.873669561748
20010228,0.0957274033821
20010301,0.0328434139377
20010302,0.0012820759457
20010303,0.796126343463
20010304,1.16825263728
20010305,0.0361472281351
20010306,3.640684119
20010307,1.41332674851
20010308,0.0238411423607
20010309,0.108096788801
20010310,0.278642835859
20010311,0.0995729827721
20010312,0.0676069168085
20010313,0.414485272234
20010314,1.60026852501
20010315,0.702551661701
20010316,3.40211823453
20010317,1.94489472758
20010318,0.394823234001
20010319,0.287176918236
20010320,5.11586255177
20010321,0.0978198049241
20010322,0.542171239061
20010323,0.214368424312
20010324,2.65020026385
20010325,0.207334166933
20010326,15.6361524424
20010327,1.37494855448
20010328,0.201472507819
20010329,0.0986424206648
20010330,2.10257705878
20010331,0.0672265855948
20010401,0.813296223296
20010402,0.510698176445
20010403,1.49287623394
20010404,0.807088218503
20010405,0.2494338977
20010406,5.77020070704
20010407,0.427497235209
20010408,0.610708293105
20010409,0.0575452954094
20010410,0.721957851201
20010411,2.68504527504
20010412,1.25135490273
20010413,1.50093478848
20010414,0.836957665815
20010415,0.0166020700868
20010416,35.0550997333
20010417,2.91300978185
20010418,0.610186093506
20010419,7.79179225525
20010420,1.88258405709
20010421,0.0308321136251
20010422,19.3173678656
20010423,0.341305140326
20010424,0.00957745224623
20010425,0.634627357672
20010426,0.0544950841355
20010427,0.843291493942
20010428,0.02000955556
20010429,9.05286937879e-05
20010430,1.00651492832
20010501,1.45477330719
20010502,0.0409275241656
20010503,5.04394947266
20010504,0.334159562216
20010505,0.49897841643
20010506,1.37365607744
20010507,0.994135406517
20010508,0.384203748132
20010509,0.00651686034415
20010510,1.42663046255
20010511,0.0253801694205
20010512,0.867587794668
20010513,1.83527782692
20010514,0.267262512045
20010515,0.00929183447082
20010516,1.43387986976
20010517,1.26530875806
20010518,0.0219259981621
20010519,4.61135024327
20010520,3.51469338908
20010521,1.31182223906
20010522,0.022105382
20010523,0.340351691011
20010524,1.07337941163
20010525,7.06038607094
20010526,1.23505134458
20010527,0.0196227882833
20010528,0.516010565979
20010529,1.07002776507
20010530,10.1911245902
20010531,2.13078312886
20010601,0.982271589641
20010602,0.10217802616
20010603,0.0639367629505
20010604,0.209528007667
20010605,0.0547715689884
20010606,0.273748344563
20010607,0.238825250952
20010608,0.292055181912
20010609,0.39487876619
20010610,13.2425519225
20010611,0.397044754131
20010612,0.056766781414
20010613,0.302917498927
20010614,2.6036673765
20010615,4.43695727582
20010616,0.083434745672
20010617,0.000103433741265
20010618,0.929282408268
20010619,0.16107791908
20010620,0.277401948904
20010621,0.663044987196
20010622,0.284383084034
20010623,2.38176755408
20010624,1.46180867301
20010625,1.77492486094
20010626,0.581739070001
20010627,0.111852933109
20010628,0.51327712417
20010629,6.19169890584
20010630,1.71885187994
20010701,2.53138213377
20010702,0.173343204069
20010703,0.089754113798
20010704,0.645519794329
20010705,1.56079687951
20010706,4.20647087171
20010707,1.22482716734
20010708,0.0406430697321
20010709,0.00818840804695
20010710,0.467603360869
20010711,0.61253019334
20010712,2.43789986393
20010713,0.0528787012676
20010714,0.00017658816772
20010715,6.08527700731
20010716,0.128399733981
20010717,0.157344973231
20010718,0.0072408133339
20010719,7.89290549512e-05
20010720,7.43500895831e-06
20010721,1.35962352787
20010722,5.23194059255
20010723,8.9873952894
20010724,1.3371230335
20010725,0.0419112315499
20010726,0.570304378077
20010727,0.0731925314956
20010728,0.00111524830241
20010729,0.320582295985
20010730,5.56940589696
20010731,0.41519089649
20010801,0.0156942415509
20010802,1.33290004804
20010803,0.0905193909187
20010804,0.00162698370223
20010805,0.00013168317657
20010806,0.00712988882333
20010807,0.0323000717299
20010808,3.90826421636
20010809,1.33693973932
20010810,1.10574875586
20010811,0.0219776190554
20010812,0.00098986847261
20010813,2.45665841487
20010814,10.5105601567
20010815,6.73863409749
20010816,1.21800055546
20010817,0.0504135721471
20010818,0.000561968334957
20010819,2.70799580478e-07
20010820,1.14169644058
20010821,0.0289866256001
20010822,2.39642802977
20010823,0.0988152110659
20010824,0.0206855657141
20010825,0.601997888134
20010826,0.222379734953
20010827,0.151762432625
20010828,0.706184227525
20010829,14.7557596584
20010830,0.452571000236
20010831,0.00341385064201
20010901,0.433827232773
20010902,0.0299608161867
20010903,0.0171799601201
20010904,0.990911713319
20010905,0.772364698848
20010906,0.582449416327
20010907,2.70194006735
20010908,0.106220678943
20010909,0.35126039786
20010910,2.09607892278
20010911,0.481759121049
20010912,0.034293842667
20010913,1.880784252
20010914,0.40344440384
20010915,0.460443638834
20010916,0.96849725642
20010917,0.0486830823646
20010918,0.246877986151
20010919,4.77480474729
20010920,2.67892746418
20010921,0.045841763906
20010922,0.0436058273581
20010923,0.264533949086
20010924,1.02767384692
20010925,0.0301900166197
20010926,3.02233655527
20010927,0.054042967748
20010928,0.276776773159
20010929,2.86455569424
20010930,0.052953480921
20011001,0.105617743517
20011002,11.2006686389
20011003,1.225753663
20011004,2.84525376182
20011005,0.0534336232562
20011006,0.158760112535
20011007,0.137465897529
20011008,3.56868252004
20011009,0.513303556438
20011010,0.0334036248614
20011011,0.0221777205227
20011012,2.90233475434
20011013,0.145431268559
20011014,0.00220160598574
20011015,0.0208306974559
20011016,0.273237387097
20011017,0.338078889704
20011018,3.35187398744
20011019,0.947128320148
20011020,0.0358130905766
20011021,0.186338746235
20011022,0.173688520116
20011023,0.306016271104
20011024,0.260477564677
20011025,0.00450749292286
20011026,0.414693243519
20011027,0.0425040215408
20011028,0.0816441293831
20011029,0.0208205666001
20011030,0.164893385661
20011031,0.00290725840941
20011101,0.0143954546319
20011102,0.0345614338676
20011103,0.00060613252451
20011104,0.000583513867467
20011105,1.07062699447
20011106,0.0397922484018
20011107,0.0264874421358
20011108,0.000461459257075
20011109,1.32658631637
20011110,0.0759073400814
20011111,0.144771910073
20011112,3.1846824131
20011113,8.17203853626
20011114,2.82940869526
20011115,1.0479286594
20011116,0.0233430246322
20011117,0.0150687674127
20011118,0.00859142381078
20011119,0.000439571338986
20011120,0.0618430362815
20011121,0.810454306961
20011122,0.614864638289
20011123,0.907883136924
20011124,1.59536572675
20011125,1.48921926193
20011126,2.01369687158
20011127,0.635113783643
20011128,0.59692138685
20011129,3.59249150458
20011130,0.150929440934
20011201,0.00206869692174
20011202,1.76145190145
20011203,0.0319657227207
20011204,0.0208588758595
20011205,0.00716118478273
20011206,0.000134013194373
20011207,2.47296669074e-07
20011208,0.0
20011209,0.0
20011210,0.0
20011211,0.275381723777
20011212,0.00712752088579
20011213,3.99667806439e-05
20011214,0.0
20011215,0.0
20011216,0.0
20011217,0.0749086485708
20011218,0.161037480419
20011219,0.00282180204286
20011220,0.0
20011221,0.00053496864565
20011222,9.45174101115e-06
20011223,0.0182729237081
20011224,0.000529659550287
20011225,0.000196431205935
20011226,3.405957556e-06
20011227,0.0
20011228,0.0
20011229,0.0
20011230,8.30785752664e-06
20011231,1.46781930194e-07
20020101,0.0
20020102,0.192502054069
20020103,0.00613705481441
20020104,5.64036905759e-05
20020105,1.4249504998e-07
20020106,0.00152687558914
20020107,4.25011273338
20020108,0.557964077786
20020109,2.85042130458
20020110,1.7294345263
20020111,2.23180641127
20020112,0.0466746065266
20020113,0.0001372362614
20020114,0.0
20020115,0.0
20020116,0.0
20020117,0.0
20020118,0.0
20020119,0.0
20020120,0.0
20020121,0.0479234503878
20020122,0.000846704113094
20020123,0.0
20020124,0.0
20020125,0.0
20020126,0.0
20020127,0.0
20020128,0.0
20020129,0.0
20020130,0.0
20020131,0.0
20020201,0.000628786503042
20020202,1.11092970503e-05
20020203,0.0
20020204,0.0
20020205,0.0
20020206,0.0
20020207,0.0
20020208,0.0
20020209,0.000101769297828
20020210,1.7980442914e-06
20020211,0.0
20020212,0.771755047981
20020213,0.0180390968198
20020214,7.78065069225e-05
20020215,0.0
20020216,0.0
20020217,0.0314453157033
20020218,0.00432829618654
20020219,0.0775120004752
20020220,0.0201908377542
20020221,0.000339377810529
20020222,1.20564804433e-07
20020223,0.0368831267784
20020224,0.617773988542
20020225,0.0110999795097
20020226,3.47629377679e-06
20020227,0.0337198430773
20020228,0.356294762157
20020301,0.114515358098
20020302,0.0121620035324
20020303,5.9981452619
20020304,8.49768455969
20020305,0.205993398437
20020306,0.00101996313414
20020307,0.0898663495576
20020308,0.996148968191
20020309,0.523121766221
20020310,1.52592963216
20020311,1.12724883452
20020312,0.0782426670947
20020313,0.724672967967
20020314,1.32413612182
20020315,0.953152618413
20020316,2.08956598683
20020317,1.20665845675
20020318,6.46432317032
20020319,0.247341629726
20020320,0.00246323731184
20020321,0.0648233756278
20020322,6.6839736124
20020323,0.121030970233
20020324,2.55421945616
20020325,0.279890361713
20020326,0.259064253732
20020327,0.379306601484
20020328,0.359985307359
20020329,0.0822670611402
20020330,0.175209609329
20020331,0.00649209629498
20020401,0.128632412215
20020402,0.3196839565
20020403,2.2094954895
20020404,0.136493254631
20020405,0.245912307567
20020406,0.577052128533
20020407,0.377817764401
20020408,5.54613143506
20020409,0.354204147735
20020410,0.0415279207027
20020411,0.399997215022
20020412,0.0239186537022
20020413,0.0107081474031
20020414,2.61964653076
20020415,0.166979354432
20020416,5.14289042167
20020417,0.358827676493
20020418,0.00803405073831
20020419,2.41292516554
20020420,0.651115963009
20020421,0.3996873198
20020422,3.6584116889
20020423,0.365246024655
20020424,0.00531327136874
20020425,0.107104777975
20020426,1.10245102015
20020427,0.67828413064
20020428,0.316499686694
20020429,0.00538620851971
20020430,1.02308632942
20020501,0.0180757298376
20020502,0.505684408371
20020503,0.166715442576
20020504,0.381082226318
20020505,3.9137127259
20020506,0.12178402368
20020507,0.121371228031
20020508,0.830061337637
20020509,1.66100927563
20020510,19.3701008119
20020511,0.341714001185
20020512,3.01354969331
20020513,0.163367306328
20020514,0.0019456602666
20020515,7.43268379388
20020516,0.131319502787
20020517,0.0015031582296
20020518,2.17597241733
20020519,0.0385908415543
20020520,3.25549678627
20020521,0.057575791009
20020522,0.199820987011
20020523,3.55778919956
20020524,3.61044577971
20020525,1.28373096062
20020526,0.111618182612
20020527,0.57763028297
20020528,0.0187223597213
20020529,0.080418611588
20020530,0.325606499441
20020531,1.50292992194
20020601,0.429736983814
20020602,0.0105521365697
20020603,1.22356668369
20020604,17.212389585
20020605,0.309806535593
20020606,0.22845914628
20020607,0.520477103686
20020608,0.439403303401
20020609,0.00765166119983
20020610,11.893002993
20020611,13.8264172993
20020612,0.243153863324
20020613,0.790850720415
20020614,0.536852798114
20020615,0.751345023785
20020616,0.357335519024
20020617,0.18283415427
20020618,2.12135686144
20020619,0.547644154008
20020620,7.40875758706
20020621,0.329936964853
20020622,1.2080904593
20020623,0.0214251381234
20020624,0.00230488152941
20020625,0.100509156925
20020626,16.8758723731
20020627,2.08075366926
20020628,17.9510031853
20020629,0.316599079203
20020630,2.41736350066
20020701,0.123565635717
20020702,0.00518713323672
20020703,1.93235285445
20020704,3.77505631756
20020705,3.8548266807
20020706,0.192879048542
20020707,0.456369266397
20020708,2.85784837683
20020709,0.050350257515
20020710,2.46066618694
20020711,0.739408302812
20020712,0.0206790143439
20020713,0.913674929448
20020714,0.0296853657646
20020715,0.0179938494036
20020716,0.114475640021
20020717,4.32673580009
20020718,4.18260925132
20020719,1.65319804081
20020720,0.202048646212
20020721,2.44269108914
20020722,0.170182332243
20020723,7.82758755459
20020724,0.746474593715
20020725,0.0136341848473
20020726,5.10298569361e-05
20020727,0.0
20020728,0.0808974301186
20020729,2.24981084469
20020730,3.31107253163
20020731,0.0583747497516
20020801,0.452574804363
20020802,6.94201261725
20020803,0.566364627321
20020804,0.00795653626086
20020805,0.605157017492
20020806,10.6953899609
20020807,6.23816116591
20020808,1.33929410602
20020809,0.0255636361781
20020810,8.4690330255
20020811,2.59733883481
20020812,0.615078135599
20020813,0.0443645322118
20020814,0.000605326504613
20020815,2.48039339123
20020816,0.0455933444928
20020817,3.12745611431e-05
20020818,0.331509215679
20020819,0.010341539201
20020820,7.92312049338e-05
20020821,0.0
20020822,3.04950380281
20020823,0.054352676617
20020824,0.000204823190023
20020825,0.204067820583
20020826,0.0277147622854
20020827,2.5273744773
20020828,0.591446337261
20020829,0.00966078783975
20020830,5.23853844357
20020831,0.557895833074
20020901,0.0339723101941
20020902,1.26746113656
20020903,0.0494712924543
20020904,0.0121031911121
20020905,16.0263096571
20020906,0.287609253471
20020907,4.00450271594
20020908,0.115365429539
20020909,0.00078826656859
20020910,0.0279786684922
20020911,0.166665303322
20020912,0.0511804567899
20020913,0.00118482511415
20020914,0.0268381921901
20020915,0.00116497039893
20020916,1.36906784478
20020917,0.0448944114023
20020918,1.36487047466
20020919,0.0415668128528
20020920,0.508288588137
20020921,0.0147414834286
20020922,0.00125800919926
20020923,0.637590972636
20020924,0.0125158662054
20020925,0.397744083659
20020926,0.287448065172
20020927,0.153941628117
20020928,1.19960313822
20020929,0.0241272555274
20020930,0.561490103313
20021001,0.759791369325
20021002,1.40426582895
20021003,0.139547907119
20021004,0.0199617071646
20021005,0.0347119649212
20021006,1.96091410315
20021007,0.157143924886
20021008,0.195645422212
20021009,0.0219294772256
20021010,2.06733149588
20021011,0.256151615749
20021012,0.0195892704221
20021013,0.490943407917
20021014,0.0275681894974
20021015,0.591768872086
20021016,1.34532473954
20021017,2.28257317275
20021018,1.29517494249
20021019,1.29370142836
20021020,1.25181657097
20021021,0.0359803089902
20021022,0.409626817724
20021023,0.303407325046
20021024,1.56419343707
20021025,0.662222749495
20021026,0.0854208875932
20021027,2.17532688546
20021028,0.108132036939
20021029,1.74398501852
20021030,0.227834973675
20021031,0.00530125058651
20021101,3.70728618521e-05
20021102,0.0106251191031
20021103,0.0567041730079
20021104,0.548000604115
20021105,0.0509199050962
20021106,0.759746139116
20021107,0.38739919773
20021108,0.0176192997467
20021109,1.03288268705
20021110,0.0868847146618
20021111,0.248572871095
20021112,0.0282003140988
20021113,0.0519166898508
20021114,0.00222953888156
20021115,2.33166363684e-05
20021116,0.0
20021117,7.12884845695e-05
20021118,0.00924133469276
20021119,0.00278523876145
20021120,0.00128153383554
20021121,2.18234800154e-05
20021122,0.000262817958301
20021123,4.64342643727e-06
20021124,0.0612279890426
20021125,0.0795977583568
20021126,0.0695259006425
20021127,0.172800214931
20021128,0.00546461342719
20021129,4.29836712438e-05
20021130,8.45689012355e-06
20021201,0.00160420701881
20021202,0.00086163355222
20021203,4.78415897846e-05
20021204,0.0967602069217
20021205,0.0318682586896
20021206,0.00149111246137
20021207,0.621216567794
20021208,0.0714134779275
20021209,1.07077640063
20021210,0.0298437009421
20021211,0.0449407753763
20021212,0.000790590347792
20021213,0.0
20021214,0.0
20021215,0.0
20021216,0.0
20021217,0.000378566412007
20021218,6.68845230151e-06
20021219,0.0
20021220,0.0
20021221,0.0
20021222,0.00858623866689
20021223,0.000151700319912
20021224,0.0
20021225,0.0
20021226,0.0
20021227,0.0
20021228,0.0
20021229,0.0
20021230,0.0
20021231,0.0
20030101,0.00227493838022
20030102,4.0193255653e-05
20030103,0.220594720088
20030104,0.00389743310039
20030105,0.0
20030106,0.0
20030107,0.0
20030108,0.0
20030109,0.0
20030110,0.0
20030111,0.0280031923042
20030112,0.147236297305
20030113,0.210027855918
20030114,0.00367738298441
20030115,0.724886994421
20030116,0.0145002684888
20030117,2.99131133885e-05
20030118,0.0130843177445
20030119,0.883362613832
20030120,0.0163518951432
20030121,1.32308613675e-05
20030122,0.0
20030123,0.0370477615107
20030124,0.113578068509
20030125,0.0266898979777
20030126,0.00590277969587
20030127,9.65808385358e-05
20030128,0.0
20030129,0.0
20030130,0.0
20030131,0.0
20030201,0.0
20030202,0.0
20030203,0.0
20030204,0.0
20030205,0.0
20030206,0.00263174158396
20030207,0.0032673563474
20030208,5.6905629129e-05
20030209,0.0
20030210,0.0
20030211,0.701544776476
20030212,0.012394784581
20030213,0.0755696178635
20030214,0.0496442625186
20030215,2.95547316311
20030216,0.0541159470626
20030217,18.5617691024
20030218,0.929116057814
20030219,0.0123952535185
20030220,0.00369158624151
20030221,0.000337319881885
20030222,0.00189785447731
20030223,1.19237522166
20030224,0.852358055959
20030225,1.40954525054
20030226,0.0285295745371
20030227,0.639574343976
20030228,0.0114692655544
20030301,0.1814608557
20030302,0.0726236982962
20030303,1.40016731188
20030304,0.223977967536
20030305,0.436985018613
20030306,0.356754465894
20030307,0.0648502502656
20030308,0.0212798773192
20030309,0.000358605130482
20030310,1.20219756704e-05
20030311,0.0553812162159
20030312,0.784915811284
20030313,0.404026188288
20030314,0.0579748081167
20030315,0.00230493528139
20030316,2.4778085445e-05
20030317,0.0
20030318,4.03248009615e-05
20030319,0.0457606242095
20030320,0.345646475398
20030321,0.616642026105
20030322,0.0108534080921
20030323,0.484479314808
20030324,0.223800672869
20030325,1.008228899
20030326,0.0851056269955
20030327,0.0102002849887
20030328,0.132270729866
20030329,0.00284877366536
20030330,0.981860260841
20030331,0.111330451425
20030401,0.0872444914692
20030402,0.0885300287474
20030403,0.00627059910753
20030404,0.119660371469
20030405,0.0390509426284
20030406,0.161013796328
20030407,3.53397037288
20030408,1.63806740819
20030409,0.226709386958
20030410,1.58966283839
20030411,0.0280238383446
20030412,7.91259408003
20030413,0.309718413018
20030414,0.00320062131254
20030415,0.140692817288
20030416,2.12542127588
20030417,0.523094596475
20030418,0.0352126119461
20030419,0.076952431799
20030420,6.57953093144
20030421,3.92322717457
20030422,0.0784000546536
20030423,0.148155602303
20030424,0.64643708616
20030425,0.0317545909611
20030426,2.44491500001
20030427,0.100547187911
20030428,0.0128123803314
20030429,0.000301456987341
20030430,0.0001561793267
20030501,0.822819659423
20030502,0.0148551194244
20030503,5.61339089699e-06
20030504,0.501642199679
20030505,1.96326585283
20030506,0.778339484654
20030507,0.0245578130084
20030508,0.000328964667926
20030509,0.0201442817858
20030510,0.769810348553
20030511,4.47567786838
20030512,0.0789831844668
20030513,0.537704158156
20030514,0.0161400807624
20030515,0.000117315438003
20030516,1.0280346783e-07
20030517,0.200811879111
20030518,0.386174653372
20030519,0.0080959989173
20030520,3.08788740007
20030521,0.0551952286101
20030522,0.292410141852
20030523,0.0106815696477
20030524,1.61689737668
20030525,1.9642719039
20030526,0.0496054421523
20030527,0.0406154688114
20030528,7.75613024317
20030529,8.47203780494
20030530,0.927231726133
20030531,0.363787785076
20030601,3.8948722434
20030602,5.66793847235
20030603,5.90665600809
20030604,0.32972823599
20030605,0.268021982802
20030606,1.14928663108
20030607,0.0481673294424
20030608,0.512732776203
20030609,0.787309232979
20030610,3.16419673327
20030611,0.842760024239
20030612,2.62468500567
20030613,2.00650332306
20030614,1.91382624061
20030615,0.0366812700062
20030616,0.000738807614683
20030617,3.8548108981e-05
20030618,0.616275992841
20030619,1.2404115805
20030620,0.100528404717
20030621,1.16893886635
20030622,2.72322708575
20030623,0.199389758384
20030624,0.1125884967
20030625,0.539710543431
20030626,0.0468406503359
20030627,1.5172945007
20030628,0.644213092764
20030629,0.0413047548241
20030630,6.0434489341
20030701,1.0560635172
20030702,0.0167720543526
20030703,0.425849591551
20030704,0.0179758590513
20030705,0.167269141059
20030706,0.00295202264045
20030707,0.0
20030708,0.0
20030709,0.674519030666
20030710,0.341455299846
20030711,2.01211089263
20030712,0.129251446673
20030713,0.00239080398445
20030714,0.0676832812233
20030715,0.833593392716
20030716,0.790943417322
20030717,0.376561122425
20030718,8.40849461883
20030719,0.895403504477
20030720,3.83229880742
20030721,8.78971616036
20030722,0.21026257088
20030723,0.396986572357
20030724,0.00759627081543
20030725,0.00311059731444
20030726,5.47702882044e-05
20030727,0.073233711946
20030728,0.320918075093
20030729,0.347473996941
20030730,0.00614545815233
20030731,0.924619114109
20030801,0.0301917489532
20030802,1.10429705854
20030803,0.377866683094
20030804,0.136130608638
20030805,2.90265858971
20030806,0.124787641619
20030807,0.196306035971
20030808,0.54452760505
20030809,0.143812424666
20030810,0.00237195511364
20030811,0.000187608229715
20030812,3.78115013913
20030813,0.908054767565
20030814,1.21911734808
20030815,0.388460404707
20030816,0.889151384685
20030817,2.5069309627
20030818,0.284269051684
20030819,1.21529335335
20030820,1.26504717858
20030821,2.4333952758
20030822,0.0708966959822
20030823,0.000499935813682
20030824,11.0150525933
20030825,0.387322570011
20030826,0.00340477606313
20030827,0.0
20030828,0.0879060214224
20030829,0.136995763994
20030830,0.00853061345667
20030831,6.83905000052
20030901,0.31230965522
20030902,1.32514623255
20030903,1.03854711487
20030904,4.56433841641
20030905,0.42799866456
20030906,15.7198095672
20030907,2.88196543712
20030908,1.18121714407
20030909,0.0426526673288
20030910,0.267573392274
20030911,2.73403358194
20030912,0.781624772064
20030913,0.0277758941969
20030914,3.09797128645
20030915,2.5667204769
20030916,1.87404983724
20030917,0.98957346235
20030918,1.06198397004
20030919,0.261716872042
20030920,4.4847129651
20030921,2.22802996477
20030922,0.121355302576
20030923,2.53846394993
20030924,0.108761792227
20030925,1.36736094936
20030926,2.06571358027
20030927,0.0944225017263
20030928,0.00103095864648
20030929,0.200622699792
20030930,0.00429915157887
20031001,0.208163691274
20031002,0.00367756815899
20031003,1.76594535618
20031004,8.05215706827
20031005,1.02344619771
20031006,0.0380480928664
20031007,0.144428457678
20031008,3.6510517092
20031009,1.97907147523
20031010,0.0709562272183
20031011,0.0603056359701
20031012,0.00221298105413
20031013,1.3676060084
20031014,0.162660594439
20031015,0.124909564584
20031016,3.75099894372
20031017,6.59771653653
20031018,3.00211433201
20031019,0.16509685393
20031020,0.010200836793
20031021,0.00120410353113
20031022,0.0128260534685
20031023,0.608965750261
20031024,0.36746100763
20031025,0.0633733936694
20031026,0.00108362774795
20031027,0.0421246948078
20031028,0.363100128572
20031029,1.96608350361
20031030,0.0346434896889
20031031,0.0038531442258
20031101,0.459767140372
20031102,0.587155790464
20031103,0.335534049588
20031104,0.118601448256
20031105,0.0214055023268
20031106,0.942890227889
20031107,0.427372182861
20031108,2.02593523933
20031109,0.536744598371
20031110,5.31424759897
20031111,0.276636535058
20031112,0.570746241905
20031113,0.0318269645928
20031114,0.407090520685
20031115,0.602445165322
20031116,0.0217257419032
20031117,0.0473327146033
20031118,0.304800394929
20031119,0.309435590449
20031120,0.443751964383
20031121,0.00783473792929
20031122,0.0148703792842
20031123,0.000383849416279
20031124,2.14045551625e-06
20031125,0.0127807106884
20031126,0.00104137469351
20031127,1.44093162163e-05
20031128,0.0380256371377
20031129,0.0015876899852
20031130,0.0198740549078
20031201,0.0539232293248
20031202,0.0012720506191
20031203,2.5758017796
20031204,1.41297803406
20031205,0.0241602335604
20031206,0.0128908877365
20031207,0.689391422442
20031208,0.0397600489391
20031209,0.000487350082589
20031210,0.0
20031211,0.0
20031212,0.0
20031213,0.0701298923535
20031214,2.00263455029
20031215,0.57745884456
20031216,0.0853004221584
20031217,0.0704625689694
20031218,0.00122128467813
20031219,0.0
20031220,0.0102372641798
20031221,0.00907128934572
20031222,0.000157074544957
20031223,0.0
20031224,0.0
20031225,0.0
20031226,0.0
20031227,0.0
20031228,0.0
20031229,0.0
20031230,0.0
20031231,0.00535078239831
20040101,9.45367801441e-05
20040102,0.0
20040103,0.0
20040104,0.0
20040105,0.0
20040106,0.0
20040107,0.0
20040108,0.0
20040109,0.0894297710572
20040110,0.00228607472106
20040111,1.24742674783e-05
20040112,0.0
20040113,0.0
20040114,0.0
20040115,0.0604112547723
20040116,0.0409667788068
20040117,0.642322683461
20040118,0.166099225882
20040119,0.00273433264977
20040120,0.126278447847
20040121,0.185674552936
20040122,0.0653895542673
20040123,0.0772287686828
20040124,0.412513670777
20040125,0.00726446263985
20040126,0.0
20040127,0.0
20040128,0.0
20040129,0.0
20040130,0.0
20040131,0.0
20040201,0.0
20040202,0.0
20040203,0.214382930712
20040204,0.0446974071902
20040205,0.000722786639391
20040206,0.0
20040207,0.0
20040208,0.0
20040209,0.00245246367329
20040210,4.33297400758e-05
20040211,0.0
20040212,0.0
20040213,0.0
20040214,0.0
20040215,9.9340970564
20040216,2.20757063722
20040217,0.0663555631272
20040218,0.0013765090061
20040219,0.0194365775119
20040220,0.0985075082463
20040221,4.16799387317
20040222,0.178560800445
20040223,0.00478676855759
20040224,0.0678422018455
20040225,0.00721919256668
20040226,0.43645981486
20040227,0.0577604925662
20040228,3.11250218672
20040229,0.65156154107
20040301,0.122817385378
20040302,0.522961864243
20040303,4.40407768515
20040304,2.50209159048
20040305,0.058332485032
20040306,0.000273812555923
20040307,0.0
20040308,0.0
20040309,0.0
20040310,0.0
20040311,0.0
20040312,0.0370172437806
20040313,0.415488049861
20040314,0.0859064427608
20040315,0.164757812165
20040316,0.182905830669
20040317,0.258217594338
20040318,1.58217387511
20040319,0.0278739916322
20040320,0.0
20040321,0.103709439431
20040322,0.339784911036
20040323,2.42827148383
20040324,0.0578553129378
20040325,0.0282763682115
20040326,0.390132749013
20040327,1.48359900634
20040328,0.0309385809612
20040329,1.78251445659
20040330,1.36235492183
20040331,0.0272075717397
20040401,4.90155498048
20040402,0.0989804793113
20040403,0.148693556082
20040404,0.00310832457235
20040405,0.000156508040611
20040406,4.49233787077e-06
20040407,2.39431121558e-05
20040408,5.98530749213
20040409,0.275560444865
20040410,0.859482407227
20040411,0.535835598754
20040412,0.0725081661681
20040413,0.0733223408159
20040414,0.0307450438208
20040415,0.51623980665
20040416,0.0720030161663
20040417,2.56939710457
20040418,3.48857424721
20040419,0.15351152166
20040420,1.45488968412
20040421,0.111676589669
20040422,0.838684379061
20040423,4.35980613603
20040424,3.90256214196
20040425,0.152139762134
20040426,0.00660899132075
20040427,1.00801704811
20040428,2.65969330368
20040429,0.440040384405
20040430,3.09679687229
20040501,0.0660794749195
20040502,0.00289508080815
20040503,1.52660084476
20040504,0.027062925926
20040505,0.086709281456
20040506,3.83923436401
20040507,4.30824332242
20040508,0.0749638305795
20040509,7.84638413558e-07
20040510,0.000280407440865
20040511,0.0951294518224
20040512,1.13008347202
20040513,1.25025994696
20040514,1.2305599539
20040515,2.02105232351
20040516,0.721617800272
20040517,0.0217196217181
20040518,0.0275487170518
20040519,0.24162148422
20040520,1.85518703257
20040521,2.02537205042
20040522,0.0376896105009
20040523,0.670090764831
20040524,0.0134178502546
20040525,0.458142960359
20040526,0.134200447334
20040527,4.00074123694
20040528,0.327675299733
20040529,0.00454116951037
20040530,2.8063465108
20040531,0.0496694587796
20040601,0.0655344799163
20040602,4.39570541865
20040603,0.0791548169586
20040604,0.230712438741
20040605,0.0767491943337
20040606,0.00419059391271
20040607,8.32726469012e-05
20040608,2.06882686415
20040609,0.12670661105
20040610,1.99414486093
20040611,0.990362441458
20040612,0.0320271821817
20040613,0.71350902974
20040614,0.0264792470217
20040615,0.00585307809523
20040616,2.96003186566
20040617,0.125221578882
20040618,0.332606472467
20040619,0.00585367526302
20040620,0.0
20040621,0.00045924795681
20040622,0.360656604389
20040623,0.129284917804
20040624,0.296467931419
20040625,0.00907324866268
20040626,0.0356760895571
20040627,0.000629110400623
20040628,0.150886281243
20040629,1.08889195386
20040630,0.136305958814
20040701,1.51639141205
20040702,3.76765184964
20040703,0.0670865837495
20040704,0.138884604825
20040705,0.00536747679627
20040706,0.511061766948
20040707,1.25513936132
20040708,0.434885647212
20040709,0.127539267068
20040710,0.112057822725
20040711,22.588320157
20040712,0.628871951501
20040713,0.00406779574397
20040714,0.0240856526663
20040715,0.840639318069
20040716,0.0148447661364
20040717,0.0
20040718,1.3645417926
20040719,0.0245586463664
20040720,0.627080334
20040721,0.177513617813
20040722,0.00558884779995
20040723,0.000153023328397
20040724,1.87691638809e-06
20040725,0.0
20040726,0.308524754342
20040727,0.00738154691845
20040728,0.270852044784
20040729,1.11180802999
20040730,2.44873972296
20040731,0.279564021006
20040801,0.520475486452
20040802,0.0243504563696
20040803,0.35761525617
20040804,0.218672450854
20040805,1.29106396571
20040806,0.0304838648907
20040807,0.0796513591827
20040808,0.0390559247154
20040809,0.288978082533
20040810,0.298985931472
20040811,4.80770128993
20040812,1.16015131717
20040813,1.02283577984
20040814,0.0571792520355
20040815,3.52308071209
20040816,0.132399817859
20040817,0.0710191178069
20040818,0.841704967496
20040819,0.0660873129309
20040820,1.42190582318
20040821,0.02600173783
20040822,1.44742194524
20040823,1.16994047863
20040824,1.98553005348
20040825,2.12371713956
20040826,0.784923172391
20040827,4.61868670915
20040828,0.383385248133
20040829,0.20900196979
20040830,7.33435992743
20040831,0.557302024646
20040901,0.961060096032
20040902,0.425881403735
20040903,4.96046190995
20040904,0.475299615283
20040905,0.469968596685
20040906,2.3955909194
20040907,0.0422213072689
20040908,2.39945892584
20040909,0.107176023872
20040910,1.09000162682
20040911,0.213592127812
20040912,0.29128826831
20040913,3.21677614748
20040914,0.100840232398
20040915,4.735870172
20040916,0.406594404679
20040917,0.480520102052
20040918,1.99206149694
20040919,0.0704725506738
20040920,4.00317145827
20040921,1.86152333932
20040922,1.841261221
20040923,0.0755940467266
20040924,1.28400184448
20040925,11.620788737
20040926,0.229044196237
20040927,0.666886743492
20040928,0.0631387498437
20040929,0.00129249796283
20040930,1.41587115986
20041001,9.62193814743
20041002,0.585696515112
20041003,0.0763729307519
20041004,2.63792230529
20041005,0.847292020009
20041006,1.41255406145
20041007,0.843245404599
20041008,0.0536101165408
20041009,0.0333860700226
20041010,0.0133834399687
20041011,3.14217732306
20041012,0.232993832781
20041013,0.00388804491406
20041014,1.24892481223
20041015,1.36983621758
20041016,0.427640019728
20041017,0.00909564428863
20041018,0.115996582228
20041019,0.00757579043375
20041020,9.76500555337e-05
20041021,0.00333387660584
20041022,0.270682735624
20041023,0.45886550713
20041024,0.28193823201
20041025,0.055249120282
20041026,0.583435023283
20041027,0.136803050849
20041028,0.0311722904013
20041029,0.580170919325
20041030,1.38731012274
20041031,0.0256659811899
20041101,0.0492265091735
20041102,0.0677755794358
20041103,2.60134036091
20041104,0.945190539501
20041105,0.0308853858066
20041106,0.205449890453
20041107,0.235384407671
20041108,0.0653703515783
20041109,0.00313740077545
20041110,0.000481683948692
20041111,5.12128275392e-05
20041112,7.65793965883e-07
20041113,0.0202396033135
20041114,0.0896141857922
20041115,2.51333835144
20041116,0.699746169109
20041117,0.0481609947597
20041118,0.0110196120647
20041119,0.0125990640793
20041120,0.000918603440202
20041121,2.12796941627
20041122,0.0404031573494
20041123,4.95903968771e-05
20041124,0.00247870611705
20041125,3.39702792412
20041126,0.0604881251856
20041127,0.514746281953
20041128,0.358322228086
20041129,0.00617010426372
20041130,0.0
20041201,0.0
20041202,0.0
20041203,0.0
20041204,0.0
20041205,0.0120186450326
20041206,0.000212343549673
20041207,0.00560361758127
20041208,9.90038226792e-05
20041209,0.519202342703
20041210,0.269402408679
20041211,0.544159407147
20041212,0.0212075165576
20041213,2.23941877235
20041214,0.317554483604
20041215,0.00491436640908
20041216,0.221940410472
20041217,0.448737109106
20041218,0.194373573173
20041219,0.411274129391
20041220,0.00720810582711
20041221,0.000579924105841
20041222,1.02460097377e-05
20041223,0.0
20041224,0.463182768469
20041225,0.028777736571
20041226,0.751663881912
20041227,0.476302446808
20041228,0.010241500862
20041229,0.327350216651
20041230,0.00578580471974
20041231,5.07989870701e-08
20050101,0.0353500166322
20050102,0.0132101204399
20050103,0.000222359766712
20050104,0.0
20050105,0.0
20050106,0.0
20050107,0.0
20050108,0.0
20050109,0.0
20050110,0.0
20050111,0.0
20050112,0.000715625499811
20050113,0.0371861933305
20050114,0.000656776484112
20050115,0.00264429591697
20050116,4.67189997472e-05
20050117,0.0
20050118,0.0
20050119,0.0
20050120,0.0
20050121,0.0
20050122,0.266070810491
20050123,0.00470089748693
20050124,0.0
20050125,0.0
20050126,3.22041470023e-05
20050127,0.244939814069
20050128,0.783400281396
20050129,1.47428610364
20050130,0.0344851444863
20050131,0.0284520543036
20050201,0.000499976697551
20050202,0.0
20050203,0.0
20050204,0.0
20050205,0.0651705021258
20050206,0.00363843012178
20050207,0.0279522953992
20050208,0.0350519538287
20050209,0.000610730844638
20050210,0.101162763586
20050211,0.00402383666328
20050212,3.95142865747e-05
20050213,0.0
20050214,0.1024336251
20050215,0.0158060717375
20050216,0.000247284290035
20050217,0.0
20050218,0.0
20050219,2.62940566477
20050220,0.0477065868212
20050221,1.21832783229
20050222,0.0241578531122
20050223,0.0407014124906
20050224,0.000718284291209
20050225,0.354296334421
20050226,0.0952998516915
20050227,0.0173279055329
20050228,0.00505797120486
20050301,0.265640371814
20050302,0.437006724475
20050303,0.835480942742
20050304,0.391140757858
20050305,0.00665251409749
20050306,0.000183439216073
20050307,0.0124482208785
20050308,0.160966957636
20050309,1.55558646611
20050310,0.459400237409
20050311,0.249942974086
20050312,0.0240774719214
20050313,1.26730340521
20050314,0.238619171401
20050315,0.0256130729727
20050316,0.000503099965079
20050317,0.387563970429
20050318,0.0543021003704
20050319,0.287552912797
20050320,0.0218380573542
20050321,0.171449146846
20050322,0.00316847345938
20050323,0.0272439012517
20050324,0.441435679622
20050325,1.44289702323
20050326,0.0393452503999
20050327,0.0211019246707
20050328,0.132879638095
20050329,0.0234719850913
20050330,0.840519504271
20050331,0.386703341914
20050401,0.0535074463716
20050402,0.450110816199
20050403,0.206701948902
20050404,1.89719073041
20050405,1.73525484242
20050406,0.0650377165881
20050407,0.108129780208
20050408,0.182155482009
20050409,0.00336099983413
20050410,3.07791790833
20050411,6.29577074815
20050412,0.115413176456
20050413,0.0640754639948
20050414,0.681559409979
20050415,4.61047252335
20050416,3.03713997136
20050417,0.912699296649
20050418,0.0152027381081
20050419,4.16792961521
20050420,0.731725898739
20050421,0.0835340480557
20050422,0.01927808823
20050423,0.0104413540218
20050424,5.02092679604
20050425,0.606095555007
20050426,0.596655098772
20050427,0.162317051212
20050428,0.00507292464012
20050429,2.47121575138
20050430,1.1496166698
20050501,0.0200957865194
20050502,7.12726103409e-05
20050503,0.00286391793225
20050504,5.23345913521e-05
20050505,0.0576210881451
20050506,9.37315773087
20050507,2.13789476448
20050508,0.115991618649
20050509,0.406332146862
20050510,1.81791508158
20050511,0.240436354173
20050512,0.179404389858
20050513,0.738424622655
20050514,0.0130022710347
20050515,1.89960429821e-07
20050516,0.0619033504363
20050517,0.258332293088
20050518,3.17273711683
20050519,0.422470828495
20050520,0.0657624562354
20050521,0.00105379008113
20050522,0.0365941671135
20050523,0.0618307178476
20050524,0.00108099254395
20050525,0.0
20050526,0.0543691840505
20050527,3.01611859464
20050528,0.23689701331
20050529,0.141208059788
20050530,0.260537316838
20050531,0.997803649512
20050601,9.52649122846
20050602,0.359943789982
20050603,0.334547466752
20050604,2.06345798677
20050605,2.73760628891
20050606,0.357628745223
20050607,0.00551960192736
20050608,0.00352564457821
20050609,1.11000758627
20050610,0.0202030439023
20050611,0.0263527895227
20050612,0.698194646005
20050613,0.119450540776
20050614,2.91039198945
20050615,0.0609171284519
20050616,10.5355811711
20050617,0.191313915821
20050618,9.14468217229e-05
20050619,0.00310744548777
20050620,0.280766109908
20050621,0.00496440654091
20050622,0.0299154918647
20050623,0.26479314648
20050624,2.4545894835
20050625,0.127690852134
20050626,21.8496429333
20050627,0.481990725092
20050628,0.0315405218773
20050629,0.000527292262102
20050630,0.0
20050701,0.0318421326572
20050702,0.000562581728398
20050703,0.0871128825918
20050704,0.254356331536
20050705,0.017162028143
20050706,0.0025764211322
20050707,0.00591834267093
20050708,0.000268165975315
20050709,6.53984138309
20050710,5.341913108
20050711,0.215083865269
20050712,1.20594761152
20050713,2.1606424958
20050714,0.158435730788
20050715,2.32796052758
20050716,0.0465022457506
20050717,9.55805349056e-05
20050718,25.1387910948
20050719,2.25509799329
20050720,0.100276804226
20050721,0.222283753219
20050722,2.69025906582
20050723,0.051037660435
20050724,0.00135628568044
20050725,0.0526154551847
20050726,1.48867626286
20050727,0.0262852830564
20050728,0.0
20050729,9.84879876897
20050730,0.55194366546
20050731,0.00667732507775
20050801,0.00142583264102
20050802,0.519757856702
20050803,0.0997509980728
20050804,0.00160014906143
20050805,0.0
20050806,0.00123865183625
20050807,2.24971167262e-05
20050808,1.08270328064e-08
20050809,0.000641417322006
20050810,1.13324685058e-05
20050811,0.00221987453748
20050812,0.104297566578
20050813,3.37331062383
20050814,2.56603126737
20050815,0.553833985899
20050816,0.313205339882
20050817,2.25782464158
20050818,4.42068910055
20050819,0.434819166361
20050820,0.0063148097942
20050821,0.503934984655
20050822,3.46498887733
20050823,0.0610615800832
20050824,0.173362780529
20050825,0.0794083028609
20050826,0.0188247662482
20050827,0.306874349568
20050828,0.00541635332772
20050829,0.038210691792
20050830,1.42885848787
20050831,0.052818382217
20050901,0.00048737559953
20050902,1.59737984936
20050903,4.7659028193
20050904,0.0946928610377
20050905,0.000194138898515
20050906,10.6785828253
20050907,4.88917489706
20050908,0.083136942319
20050909,0.589241403773
20050910,0.0104404724894
20050911,0.228507157408
20050912,0.155132605533
20050913,0.405314734575
20050914,0.0295011774993
20050915,0.450089419671
20050916,0.0762703679928
20050917,0.0012071598037
20050918,1.98597420425e-05
20050919,0.0976688939105
20050920,4.03345914068
20050921,0.328552443739
20050922,0.523111417142
20050923,0.243476511808
20050924,12.0717060621
20050925,1.55284738994
20050926,8.60666611347
20050927,0.796899590975
20050928,2.23637546645
20050929,9.26138592092
20050930,1.24651354582
20051001,0.0198528941329
20051002,2.83013404972
20051003,0.585704361216
20051004,13.592937761
20051005,0.430627357363
20051006,0.378300018483
20051007,3.430982897
20051008,10.8716522714
20051009,0.245314056121
20051010,0.878349166327
20051011,2.90433783563
20051012,1.37559470689
20051013,0.033114153897
20051014,0.950406993639
20051015,0.4015010657
20051016,0.00785699592327
20051017,0.218455544742
20051018,0.00844388521496
20051019,0.000158532607999
20051020,0.0254956920375
20051021,4.39406799778
20051022,3.22427346582
20051023,0.201414158994
20051024,0.473864444447
20051025,0.00832664535514
20051026,0.0
20051027,0.00692558740132
20051028,0.222269570507
20051029,0.0189771493887
20051030,1.17896202215
20051031,0.480493417779
20051101,0.0206793694109
20051102,1.14614021759
20051103,0.270728291768
20051104,0.00561440979343
20051105,2.245258859
20051106,0.682260134065
20051107,0.111163567188
20051108,0.00176343390032
20051109,0.0
20051110,0.0187093492308
20051111,0.00206756551527
20051112,0.608706415561
20051113,0.010804041198
20051114,0.00508575252013
20051115,0.00126495149535
20051116,0.869216667043
20051117,0.0158192031808
20051118,0.62720564766
20051119,0.0140105344841
20051120,5.17545383036e-05
20051121,0.0113641505502
20051122,2.54274120685
20051123,0.0449212063092
20051124,7.15814557134e-05
20051125,0.00140218096347
20051126,6.41758446415e-05
20051127,0.292852364905
20051128,0.649554985315
20051129,0.99074787787
20051130,0.111589639412
20051201,0.0561846280647
20051202,0.344738437506
20051203,3.7676330157
20051204,0.0788051972454
20051205,0.56266143593
20051206,0.0266946105676
20051207,0.0140981758322
20051208,0.0697873342337
20051209,1.04222348488
20051210,0.0183921344075
20051211,0.192981834936
20051212,1.08428463721
20051213,3.24633471177
20051214,0.502858513907
20051215,0.00787703491609
20051216,0.0
20051217,0.0
20051218,0.0
20051219,0.0
20051220,0.0
20051221,0.0
20051222,0.0826333378614
20051223,0.20125912958
20051224,0.0165581581461
20051225,0.0719941917923
20051226,0.00126791533714
20051227,0.0
20051228,0.0
20051229,0.0
20051230,0.0041174281973
20051231,7.27460669467e-05
20060101,1.45764177246e-05
20060102,2.57533861917e-07
20060103,0.288165103793
20060104,0.00541546333948
20060105,0.0583403642438
20060106,0.0639087238482
20060107,0.306646031302
20060108,2.96001364587
20060109,0.921788091646
20060110,0.0168922084964
20060111,0.122216567482
20060112,0.00215882615104
20060113,0.00081104192305
20060114,0.00957572601725
20060115,0.000168929290745
20060116,5.36171006605e-06
20060117,0.0781659596385
20060118,0.00138102234065
20060119,0.0258826281988
20060120,0.0122911306795
20060121,0.00232251557134
20060122,0.130658972875
20060123,0.00230780259195
20060124,0.0
20060125,0.0
20060126,0.0
20060127,0.00334839906056
20060128,0.866178917163
20060129,3.92353738534
20060130,4.93758261679
20060131,0.0921397410837
20060201,0.0170687245124
20060202,0.000302716679931
20060203,5.40713481594e-08
20060204,0.317273690131
20060205,0.0925580949517
20060206,0.0015362642297
20060207,0.0173077441032
20060208,0.00157453894903
20060209,5.6529872308e-05
20060210,0.388538468305
20060211,0.268915661422
20060212,0.870419961483
20060213,1.76797394157
20060214,0.220879098117
20060215,0.405990820337
20060216,0.00900926866833
20060217,0.367349061305
20060218,0.901855793771
20060219,0.149324181862
20060220,0.0375444023701
20060221,0.0010145531578
20060222,0.0336814402494
20060223,2.61357364742
20060224,0.0461656999792
20060225,0.00431541264035
20060226,7.62440332468e-05
20060227,0.0101651484125
20060228,0.000179596246791
20060301,2.864899114
20060302,1.812975662
20060303,0.53609250668
20060304,0.0663353797336
20060305,0.314848266995
20060306,0.232681307632
20060307,1.56575550482
20060308,0.0562562264158
20060309,0.000982948566537
20060310,0.858417791115
20060311,3.54852244463
20060312,0.147386819178
20060313,0.794637424827
20060314,0.107389672022
20060315,4.96331643458
20060316,6.42101945576
20060317,0.535084395015
20060318,0.505834786549
20060319,1.44911092847
20060320,0.224926090115
20060321,3.94715020274
20060322,0.246802258284
20060323,4.63200939013
20060324,1.17145012821
20060325,2.91051829056
20060326,1.82867016795
20060327,1.00725740909
20060328,1.37654787572
20060329,1.55146710768
20060330,2.72096863833
20060331,3.33601868461
20060401,0.0624630320558
20060402,0.387556222985
20060403,0.360229304317
20060404,0.809659601904
20060405,0.16935763473
20060406,3.31230307973
20060407,3.91899594315
20060408,0.719053110815
20060409,0.452128801062
20060410,0.511095831171
20060411,2.32441337134
20060412,0.0481381800759
20060413,0.110917070638
20060414,0.00259242388904
20060415,1.28467401035
20060416,0.590666792837
20060417,3.27578019797
20060418,1.94315077841
20060419,1.67150786252
20060420,2.26217843423
20060421,0.393317465547
20060422,1.66723682391
20060423,0.0783867370684
20060424,0.823945555504
20060425,3.69579966667
20060426,1.74427472433
20060427,1.34019286939
20060428,1.68237169914
20060429,0.835206016837
20060430,0.0978351688754
20060501,0.589738913945
20060502,0.16756430949
20060503,3.23024070086
20060504,0.186081702404
20060505,1.6349331217
20060506,2.17858415666
20060507,0.204416766866
20060508,1.71707304591
20060509,2.25227318458
20060510,0.159847421564
20060511,5.35655428737
20060512,9.13082313571
20060513,0.212241604354
20060514,1.00572052786
20060515,1.0893109943
20060516,0.675164563373
20060517,4.94307806646
20060518,1.65071640973
20060519,0.594765114012
20060520,1.39326085604
20060521,13.6186954278
20060522,0.947316270345
20060523,0.263011078263
20060524,0.750699680763
20060525,0.668103729724
20060526,6.30266899949
20060527,3.98313416872
20060528,0.322452643387
20060529,0.914118627061
20060530,0.0161548811084
20060531,8.53753704343e-05
20060601,0.244292220893
20060602,0.489894183414
20060603,0.975088394366
20060604,0.0718112701944
20060605,0.0118845757722
20060606,0.713301937792
20060607,0.0877649073929
20060608,3.78822950648
20060609,4.98310574413
20060610,0.150784633728
20060611,0.0899848951933
20060612,8.3919180432
20060613,0.175414675128
20060614,0.000519628967838
20060615,1.64429257413
20060616,4.71485501961
20060617,10.674704817
20060618,0.261882655832
20060619,2.57645448145
20060620,2.41579926618
20060621,0.0675124470117
20060622,7.76170617071
20060623,2.07716486805
20060624,1.58624285804
20060625,0.149089618989
20060626,0.0327397941442
20060627,0.0239680220518
20060628,0.000432774394385
20060629,5.78837261012e-07
20060630,0.597660924716
20060701,0.0779485273929
20060702,0.640164801758
20060703,0.0124245855879
20060704,0.550516803685
20060705,0.857235401969
20060706,4.36578400041
20060707,0.0768696302381
20060708,2.42841992362
20060709,0.0453376093396
20060710,0.0199442962008
20060711,0.254659504803
20060712,0.00454300660232
20060713,9.45351128736e-05
20060714,0.0674182801687
20060715,3.65832286027
20060716,1.29237634714
20060717,0.0303495410481
20060718,0.296971273997
20060719,0.511942249242
20060720,0.00931080441788
20060721,0.0660520164809
20060722,1.86536748967
20060723,1.39369456671
20060724,0.0720168691999
20060725,0.000847618360522
20060726,0.0547990226678
20060727,0.0010980353873
20060728,2.29425427132e-06
20060729,6.40279067782
20060730,0.620876416663
20060731,0.515400262408
20060801,4.22763934819
20060802,0.823745939416
20060803,3.02917900085
20060804,0.489170703986
20060805,3.117387739
20060806,0.499009677619
20060807,0.374261694357
20060808,0.0716979813661
20060809,0.192109863467
20060810,0.227352411974
20060811,0.0177809252236
20060812,12.1465129798
20060813,0.405788137135
20060814,0.00337791077758
20060815,0.7005774996
20060816,0.182860343402
20060817,2.58711655465
20060818,0.0555923041622
20060819,0.000518034374277
20060820,0.344707957553
20060821,0.00609013946486
20060822,0.0
20060823,2.96696961644
20060824,6.07879668369
20060825,0.108755449456
20060826,4.03244055455e-05
20060827,0.213818955603
20060828,0.288991147723
20060829,0.00503916948827
20060830,0.0233616370199
20060831,9.49865584831
20060901,0.975129518322
20060902,0.823901692565
20060903,3.19396609319
20060904,7.7000870064
20060905,0.570251007905
20060906,1.00844688385
20060907,4.60705013398
20060908,0.815755377033
20060909,0.291784757361
20060910,1.56814948968
20060911,0.0839018446045
20060912,0.940848532342
20060913,3.01421244323
20060914,2.03757270779
20060915,0.170589065039
20060916,14.6411232013
20060917,1.52514177488
20060918,0.662228954105
20060919,0.0296143799032
20060920,2.19957368504
20060921,0.0628360373601
20060922,0.631082825624
20060923,2.1249853656
20060924,20.2337833771
20060925,0.468266938228
20060926,8.05933708593
20060927,1.46000056548
20060928,0.0258944273287
20060929,1.92296528907
20060930,2.43846680344
20061001,0.0527245105994
20061002,3.88912802183
20061003,2.04997641996
20061004,0.494460236285
20061005,0.569289606585
20061006,0.425667060478
20061007,0.0274288971768
20061008,0.00485429176955
20061009,0.321930913448
20061010,0.152577089544
20061011,1.21282530747
20061012,6.86775529642
20061013,0.718939657112
20061014,3.54176916079
20061015,0.555790751374
20061016,0.4383613024
20061017,0.0244786416686
20061018,0.00474941939079
20061019,8.28452133604
20061020,4.00780768358
20061021,0.0798042163529
20061022,0.339163210471
20061023,1.87725074347
20061024,1.25293273202
20061025,0.827660495585
20061026,0.0380260473809
20061027,0.0436146896896
20061028,0.0218025318601
20061029,1.84811776168
20061030,1.36017263053
20061031,0.506342813005
20061101,0.334321599533
20061102,2.4740088802
20061103,2.03006927141
20061104,1.47130081507
20061105,0.104139322314
20061106,0.0172060573344
20061107,0.000921456131102
20061108,0.210753948382
20061109,0.00525692893563
20061110,3.18438974526e-05
20061111,0.00953939142589
20061112,0.0248648623855
20061113,0.0510093514455
20061114,0.155050397842
20061115,0.0031384089061
20061116,0.00316468601289
20061117,0.0073874391038
20061118,0.018752199199
20061119,0.000329022352208
20061120,0.0
20061121,0.0
20061122,0.151214232747
20061123,0.00267162962784
20061124,0.0
20061125,0.0630062664233
20061126,0.00283020831743
20061127,0.893982734653
20061128,0.015794211493
20061129,0.0
20061130,0.0022941762224
20061201,4.05331382754e-05
20061202,0.203358474809
20061203,0.0524282036837
20061204,0.0393763777504
20061205,0.00140654430112
20061206,1.282849258e-05
20061207,0.0
20061208,0.0
20061209,0.0
20061210,0.0
20061211,0.0975583365337
20061212,0.00172364536369
20061213,0.0
20061214,0.0
20061215,0.000598326528654
20061216,1.95956520191e-05
20061217,0.00374470900273
20061218,6.61581208068e-05
20061219,0.0
20061220,0.0221157714552
20061221,0.000390737986441
20061222,0.171194518212
20061223,0.187044793102
20061224,0.0175826087813
20061225,0.000253204425056
20061226,0.0
20061227,0.0
20061228,0.0
20061229,0.0
20061230,0.0
20061231,0.0
20070101,0.0571360004375
20070102,0.122902255469
20070103,0.036307019257
20070104,0.135234382827
20070105,0.00237863885515
20070106,0.0
20070107,0.0
20070108,0.0
20070109,0.0
20070110,0.0
20070111,0.0
20070112,0.0
20070113,0.0
20070114,0.0
20070115,0.0
20070116,0.0
20070117,0.0
20070118,0.0
20070119,0.0
20070120,0.0
20070121,0.0
20070122,0.0
20070123,0.0
20070124,0.0
20070125,0.0
20070126,0.0
20070127,0.0
20070128,0.0
20070129,0.00180835948435
20070130,0.0216612299173
20070131,0.000424747073683
20070201,0.00213686639153
20070202,1.07612662664
20070203,0.151743463674
20070204,0.00407264494567
20070205,0.0138393526743
20070206,0.0175127565404
20070207,0.0114738393725
20070208,1.46902369073
20070209,2.6075198134
20070210,1.82157670316
20070211,0.0341962612995
20070212,0.0227326684571
20070213,0.000962231497924
20070214,9.92003991955e-06
20070215,0.0
20070216,0.0
20070217,0.0
20070218,5.05226883675e-06
20070219,0.389085671532
20070220,0.00687430348328
20070221,0.115215912628
20070222,0.00660349624122
20070223,0.243842114637
20070224,0.134206748257
20070225,0.00989741868617
20070226,0.000134317449318
20070227,0.0
20070228,0.00349282438414
20070301,6.17106724656e-05
20070302,0.0325256191059
20070303,0.000574657658377
20070304,0.0
20070305,0.0
20070306,0.0
20070307,0.122085718674
20070308,0.255948666155
20070309,0.00448395182907
20070310,0.0
20070311,0.00059120735779
20070312,0.0312722394364
20070313,0.000552328568201
20070314,0.00277202691176
20070315,4.89757378521e-05
20070316,0.159250816393
20070317,5.92557450654
20070318,0.112329423967
20070319,5.06501149431
20070320,0.658745221989
20070321,2.81111800394
20070322,3.67604636422
20070323,0.064955584474
20070324,0.964352618103
20070325,0.183096039857
20070326,3.00335812577
20070327,2.21303592359
20070328,0.516590326861
20070329,0.386919744404
20070330,3.03029241649
20070331,9.43227308411
20070401,0.187194817723
20070402,0.0696525648931
20070403,0.424767397607
20070404,0.00944498152468
20070405,0.000318906679972
20070406,5.02198663491e-06
20070407,0.453558451839
20070408,0.902641192334
20070409,0.121752897984
20070410,0.724278420596
20070411,0.0268992431753
20070412,0.144917414599
20070413,4.23425570492
20070414,0.415880232199
20070415,0.071753355367
20070416,0.552463473308
20070417,1.02350979564
20070418,0.0357539428291
20070419,0.501842139075
20070420,0.00886089871119
20070421,0.488069216285
20070422,0.0655220700134
20070423,3.20710189148
20070424,2.6852224585
20070425,1.20791142865
20070426,0.0217920377081
20070427,0.585335269406
20070428,0.0983356485079
20070429,2.8691462867
20070430,2.3788397104
20070501,1.39550936184
20070502,0.0792541553086
20070503,11.7065029022
20070504,0.209413557915
20070505,9.85227467839
20070506,1.95316865483
20070507,0.381980196276
20070508,0.730053316789
20070509,13.0095192279
20070510,0.343291337293
20070511,1.82348496769
20070512,0.0971586753206
20070513,0.0186526990913
20070514,0.0438646006592
20070515,1.35584163691
20070516,0.0368346327189
20070517,0.781465139662
20070518,0.103316458014
20070519,0.370633253013
20070520,0.853233791803
20070521,0.586881914115
20070522,5.9561710191
20070523,2.06555091038
20070524,1.25330180994
20070525,0.330664552046
20070526,0.190287655897
20070527,2.61476382052
20070528,5.07364115604
20070529,7.48298815203
20070530,0.36520785687
20070531,4.78805087591
20070601,0.197855269363
20070602,0.0195477853031
20070603,17.0086900887
20070604,0.424551727871
20070605,0.0338248695562
20070606,0.0419811872285
20070607,21.8183584287
20070608,0.576396286168
20070609,0.70586592282
20070610,0.0154787344634
20070611,0.0393122883967
20070612,0.361862693387
20070613,0.208798165453
20070614,0.833920423032
20070615,0.422489360191
20070616,0.00720528193128
20070617,0.772445538559
20070618,3.22478021484
20070619,0.0567462293719
20070620,0.308298778181
20070621,0.390318382611
20070622,5.31175470183
20070623,0.0937497840945
20070624,0.0180613410881
20070625,0.103326554317
20070626,1.95696408136
20070627,0.0345593508602
20070628,0.0821541067616
20070629,0.73511105397
20070630,0.0180419691271
20070701,0.616976270488
20070702,1.80881776362
20070703,0.181362451652
20070704,0.611336517437
20070705,0.192789823023
20070706,0.00921584920045
20070707,1.58483094954
20070708,0.433884021465
20070709,0.0279407595325
20070710,0.000366954730224
20070711,0.0
20070712,0.156017420254
20070713,0.359760629536
20070714,0.0552256013171
20070715,0.0162755333478
20070716,5.1342091534
20070717,1.21154921757
20070718,8.36200289296
20070719,0.56684754763
20070720,0.13608006658
20070721,0.527153456785
20070722,3.64703673617
20070723,6.93114021622
20070724,1.71649343129
20070725,0.0495954286842
20070726,6.56430045747
20070727,23.4555327339
20070728,9.70431577127
20070729,0.573051659634
20070730,2.70246617727
20070731,0.53014603695
20070801,0.00852521061797
20070802,0.00870041465528
20070803,0.0526708716619
20070804,0.171774212548
20070805,0.00305611562715
20070806,3.65697421164
20070807,0.238865705242
20070808,0.00307870798518
20070809,5.62386515558
20070810,1.61642720771
20070811,1.75732927273
20070812,0.501820366128
20070813,0.204058477169
20070814,3.42162259622
20070815,2.95755584836
20070816,0.271334368428
20070817,0.0716602887613
20070818,2.55596378308
20070819,0.0496492415817
20070820,7.97178019657e-05
20070821,5.41006017531
20070822,3.86861732409
20070823,0.0832502983358
20070824,1.05565157853
20070825,5.00745420249
20070826,0.394273751939
20070827,0.427509932125
20070828,2.00896074578
20070829,1.07266515473
20070830,0.797139015078
20070831,4.52024932575
20070901,4.26319641083
20070902,5.37487352373
20070903,0.824347366055
20070904,0.318632780803
20070905,1.81189633624
20070906,5.35283641261
20070907,2.50780518641
20070908,2.41027299186
20070909,0.423207396421
20070910,1.47540110221
20070911,0.929349832861
20070912,0.202899647091
20070913,0.677320908468
20070914,0.133698764013
20070915,1.09724736785
20070916,0.868279760122
20070917,1.36402215031
20070918,1.0663623759
20070919,16.3895859703
20070920,3.77862724318
20070921,0.0619302627086
20070922,1.89790849044
20070923,1.99471430401
20070924,2.06372726035
20070925,0.584107761572
20070926,1.78596755407
20070927,2.35881338779
20070928,0.0544028097239
20070929,4.53950764414
20070930,1.48934304866
20071001,0.0333119239058
20071002,0.0234655721043
20071003,0.759033577067
20071004,0.173114706275
20071005,0.636594276519
20071006,2.20562030808
20071007,3.66169493294
20071008,0.47431372326
20071009,1.44252873208
20071010,1.78809738287
20071011,0.0420955755019
20071012,0.31730523772
20071013,3.12239804208
20071014,5.49575627323
20071015,0.114848262171
20071016,0.000330881692992
20071017,0.101597608667
20071018,0.0900666038718
20071019,0.0740140543833
20071020,1.11488894194
20071021,2.21033054721
20071022,0.838437434019
20071023,0.851943214483
20071024,1.55054166382
20071025,0.816992169684
20071026,0.458902926548
20071027,0.0888341146482
20071028,7.38314071523
20071029,0.290045231278
20071030,4.54339729958
20071031,0.182668110897
20071101,0.00203453120777
20071102,0.000551830588348
20071103,0.879807038074
20071104,0.141791177846
20071105,1.62369023087
20071106,0.0394628543687
20071107,0.24593305052
20071108,2.57646641484
20071109,1.31195196538
20071110,0.222820197026
20071111,0.90111145705
20071112,0.087908354959
20071113,0.00288885406347
20071114,0.000131816761025
20071115,0.000476784340363
20071116,0.427179432207
20071117,1.11079617839
20071118,4.55453360646
20071119,0.0802902227897
20071120,0.42709028084
20071121,0.593361557652
20071122,0.261695120136
20071123,0.125730443736
20071124,0.0877086920024
20071125,0.263056242426
20071126,0.546411221949
20071127,0.520333549711
20071128,0.0110041513024
20071129,0.256816590971
20071130,0.00673613279823
20071201,0.12886340216
20071202,2.05977092096
20071203,0.0949167919379
20071204,0.315328430162
20071205,0.837825451666
20071206,0.0660444591729
20071207,0.536686009084
20071208,0.0100098709147
20071209,0.1936696014
20071210,0.00342155425384
20071211,0.0
20071212,1.64357434126e-06
20071213,2.90384043807e-08
20071214,0.0
20071215,0.0
20071216,1.21320134598
20071217,3.01083434082
20071218,0.10725143202
20071219,0.56474962445
20071220,0.0380867729748
20071221,0.0446873661749
20071222,0.000780749852456
20071223,0.0461880914718
20071224,0.000816044034755
20071225,0.0
20071226,0.00164549452622
20071227,0.286413446423
20071228,0.005059794341
20071229,0.000361841735355
20071230,6.39296250918e-06
20071231,0.0
20080101,0.0
20080102,0.0090106351464
20080103,0.0610793055798
20080104,0.0157715249009
20080105,0.000259632461927
20080106,0.0
20080107,0.0490878957039
20080108,0.00086727727683
20080109,0.0
20080110,0.0179115026925
20080111,0.892154985064
20080112,0.0157568640419
20080113,0.0
20080114,0.0
20080115,0.0
20080116,0.0
20080117,0.880318691415
20080118,0.0155533334407
20080119,0.0
20080120,24.1630313085
20080121,0.426908645393
20080122,0.0
20080123,0.0
20080124,0.0
20080125,0.0
20080126,0.0
20080127,0.0
20080128,0.0
20080129,0.0
20080130,0.0
20080131,0.0
20080201,0.0
20080202,0.0
20080203,0.0
20080204,0.0
20080205,0.0
20080206,0.0
20080207,0.0
20080208,0.00721336293955
20080209,4.43869897096
20080210,0.0900240549747
20080211,0.000755469598805
20080212,9.72528217653e-06
20080213,0.02822830828
20080214,0.000769222838624
20080215,0.0063686559844
20080216,0.000112435978204
20080217,0.0121889475075
20080218,0.000215352426629
20080219,0.0
20080220,0.0
20080221,0.0
20080222,0.0
20080223,0.0
20080224,0.0
20080225,0.0
20080226,1.20726588373
20080227,2.32184587907
20080228,0.200158638545
20080229,3.43568699739
20080301,1.31595723355
20080302,0.0302551032539
20080303,0.168465544336
20080304,1.88834801604
20080305,10.1806002338
20080306,0.480444782277
20080307,2.02917411786
20080308,0.0464598628449
20080309,0.0195191867494
20080310,0.524731902049
20080311,0.124464349724
20080312,0.938060516649
20080313,1.20050089889
20080314,0.0620504414654
20080315,0.000726720103216
20080316,0.280945178138
20080317,2.91434174151
20080318,0.648574530577
20080319,0.481206499236
20080320,3.09982415796
20080321,0.880583632382
20080322,3.22026508468
20080323,2.12288739623
20080324,2.09601732431
20080325,0.0789888390291
20080326,1.00696029566
20080327,0.176420829367
20080328,0.0219840854425
20080329,0.52673670529
20080330,3.58664506367
20080331,0.129421623566
20080401,0.640883579952
20080402,0.0462552213641
20080403,6.37168248014
20080404,0.199304117571
20080405,0.0024765254804
20080406,0.0114662408077
20080407,0.235170267798
20080408,7.09908654514
20080409,0.575012876005
20080410,2.43039778493
20080411,0.0597454823985
20080412,4.44431910744
20080413,0.0808326304398
20080414,1.2139926015
20080415,1.65237279988
20080416,1.0675565843
20080417,15.6823392476
20080418,0.712389686029
20080419,1.87263028228
20080420,3.4426884918
20080421,0.0667533218536
20080422,2.59611901098
20080423,0.458671090798
20080424,4.95052291995
20080425,0.164374735092
20080426,4.79314814539
20080427,1.23177556644
20080428,5.28719571963
20080429,0.104364094059
20080430,1.67050375465
20080501,0.565502766586
20080502,0.3415639426
20080503,0.329444479977
20080504,0.429540209962
20080505,0.0429559034471
20080506,1.01023932458
20080507,2.46754815762
20080508,0.674846505062
20080509,9.97623484623
20080510,3.09160956675
20080511,0.701275509682
20080512,12.0069280218
20080513,1.46049551134
20080514,0.587704452293
20080515,0.775225396663
20080516,0.724647948652
20080517,6.41913314633
20080518,9.49732582504
20080519,2.11978304176
20080520,0.748724779823
20080521,4.54592868998
20080522,0.892263540611
20080523,0.591649820948
20080524,0.478978345086
20080525,33.0728926092
20080526,0.990145305651
20080527,0.007781691838
20080528,1.07626499731e-05
20080529,0.183991512089
20080530,0.387807370068
20080531,0.484541074196
20080601,1.05927837382
20080602,4.78816135816
20080603,0.100446656325
20080604,7.36236723871
20080605,0.285075059963
20080606,0.56356620286
20080607,6.89126447055
20080608,2.9938400986
20080609,0.104251298677
20080610,0.00171079690189
20080611,2.3045819939
20080612,0.0443273175717
20080613,6.15614157837
20080614,3.44473875028
20080615,0.58013146065
20080616,0.00927281812159
20080617,0.587345118755
20080618,2.97141413831
20080619,0.081984059248
20080620,0.000524185910697
20080621,0.0
20080622,0.00025146419128
20080623,0.00255064661512
20080624,1.37487593277
20080625,4.14359237619
20080626,1.52237547342
20080627,0.184241284419
20080628,0.0319910692442
20080629,23.2382282471
20080630,4.10613925572
20080701,1.03596214751
20080702,0.0988159525793
20080703,0.0248859438713
20080704,1.35596864647
20080705,0.194848751971
20080706,1.99837938997
20080707,0.569929622751
20080708,5.58675571295
20080709,0.247144766055
20080710,1.94818324382
20080711,0.0355220548344
20080712,0.252753396925
20080713,4.34123880068
20080714,0.905189638568
20080715,0.0470964533522
20080716,12.7664811772
20080717,0.802198511915
20080718,0.0206260521137
20080719,1.3305373224
20080720,18.2870058776
20080721,1.16499410567
20080722,0.016794477984
20080723,7.50028616697
20080724,15.0310311033
20080725,0.264730523831
20080726,2.66050445775e-05
20080727,6.28044472138
20080728,2.81401727447
20080729,0.246958184995
20080730,0.137346087546
20080731,3.55954223228
20080801,0.297121044437
20080802,0.0663609637615
20080803,1.32636347448
20080804,1.89342922774
20080805,0.101499695952
20080806,0.00469814336857
20080807,1.59689962731
20080808,0.0775459917144
20080809,3.04353441718
20080810,0.71194299083
20080811,0.0220026409793
20080812,0.586522416899
20080813,8.38236644729
20080814,3.4744087962
20080815,0.0621107648085
20080816,2.87815102264
20080817,1.57799461438
20080818,1.91974016093
20080819,1.44681351301
20080820,2.53479289409
20080821,0.0531456004293
20080822,0.0010473367762
20080823,9.3056310857
20080824,2.81478615571
20080825,0.187873929929
20080826,0.0874600266005
20080827,0.50075838024
20080828,0.583716841694
20080829,40.7905168128
20080830,11.2663712131
20080831,0.232647902912
20080901,0.359638683311
20080902,3.76514568622
20080903,5.31702770603
20080904,4.59374804397
20080905,5.73348645012
20080906,0.109846264671
20080907,0.000216102749782
20080908,0.877038595987
20080909,1.34744463528
20080910,0.0532308867858
20080911,3.99671821672
20080912,0.0847228465971
20080913,0.042545271168
20080914,0.322325396054
20080915,4.77477850046
20080916,0.155830829836
20080917,0.613182047043
20080918,0.0138687858638
20080919,2.11176659464
20080920,0.368885950767
20080921,0.398143361901
20080922,0.570107545179
20080923,0.0102013774684
20080924,4.40683037849
20080925,0.639286177709
20080926,2.83882807798
20080927,1.17341627532
20080928,2.18749838569
20080929,0.0846096381841
20080930,0.918908930448
20081001,0.050935480341
20081002,4.83401054145
20081003,0.0873523942729
20081004,6.59903921863
20081005,1.3447986152
20081006,3.15528221166
20081007,5.73491689491
20081008,1.29229346373
20081009,0.0723723987269
20081010,0.0107904732214
20081011,7.04542152888
20081012,2.72690557844
20081013,0.21339358469
20081014,0.659068574662
20081015,0.69209532637
20081016,0.633957926707
20081017,1.59563697466
20081018,0.0453866874565
20081019,2.48305168417
20081020,0.0627344403423
20081021,0.376548969168
20081022,0.252376273995
20081023,0.00464879879721
20081024,0.000463967769397
20081025,0.000206615806849
20081026,0.0824063587436
20081027,0.00145588086751
20081028,0.0
20081029,0.106318595017
20081030,7.4957388451
20081031,1.36952117695
20081101,0.976310227908
20081102,0.0794552205752
20081103,0.00193253634033
20081104,1.46054535158e-05
20081105,0.0410660272684
20081106,0.0691098734524
20081107,0.282266153341
20081108,0.732263552803
20081109,0.0128497854134
20081110,0.0410800927465
20081111,1.56931749746
20081112,0.0277136346775
20081113,0.0146834513053
20081114,0.00914599632737
20081115,0.000157211085202
20081116,0.0318160457813
20081117,0.00162262436077
20081118,1.87368082297e-05
20081119,0.000869072457011
20081120,0.00158428722549
20081121,3.39663575182
20081122,0.142778807922
20081123,0.00146826644339
20081124,1.04824080286e-07
20081125,0.00784764854632
20081126,0.435666069193
20081127,0.996297820463
20081128,0.0239081440017
20081129,0.000117562668023
20081130,0.00456956204949
20081201,0.00304676085653
20081202,0.00885908436995
20081203,0.00015559503425
20081204,0.00200896405195
20081205,0.12086681328
20081206,0.0331977272804
20081207,0.00054881438413
20081208,0.0
20081209,0.0
20081210,0.0
20081211,0.0
20081212,0.0
20081213,0.00715822244284
20081214,0.000126470350481
20081215,0.000459939995881
20081216,3.95022781694
20081217,3.23062024197
20081218,0.29779529001
20081219,0.00427489634564
20081220,2.77001900801e-09
20081221,0.0
20081222,0.00496453443431
20081223,0.011443094187
20081224,0.000233707004242
20081225,0.000160757589689
20081226,2.82991261451e-06
20081227,0.0
20081228,0.0
20081229,0.0
20081230,0.0
20081231,0.0
20090101,0.0
20090102,0.0797724021905
20090103,2.05858508783
20090104,0.0945334044123
20090105,0.00102815555311
20090106,0.00628714266905
20090107,0.00711022921747
20090108,0.000462348976248
20090109,0.0429487146584
20090110,0.0168195400238
20090111,0.0887561221225
20090112,0.0163073835573
20090113,0.000260499432045
20090114,0.0
20090115,0.0217719060438
20090116,0.019458757536
20090117,0.031969895911
20090118,0.357006203191
20090119,0.00629765560672
20090120,0.0194124706399
20090121,0.0988654636142
20090122,0.00174067999568
20090123,0.0
20090124,0.0
20090125,0.0
20090126,0.0
20090127,0.0
20090129,0.0
20090202,0.470081930014
20090203,0.0
20090204,0.0
20090205,0.0
20090207,0.312894967357
20090208,0.178452224946
20090210,0.00223842789988
20090212,0.0
20090214,0.0
20090216,0.252971366353
20090218,0.0
20090219,6.45592158383
20090220,0.148054621142
20090222,0.447640652889
20090223,0.0
20090225,0.0
20090226,0.0
20090227,0.0
20090228,0.0
20090301,0.0
20090303,0.169258338521
20090304,0.0
20090305,0.0
20090307,0.0463060057492
20090309,0.0
20090310,0.0252798616763
20090312,0.844654442409
20090313,0.304899354692
20090314,1.95133504474
20090315,0.570362031135
20090316,0.00947428182237
20090317,5.56791079923
20090318,1.462613928
20090319,0.0304227409289
20090320,1.51021594281
20090321,0.533470506907
20090322,0.0132546098679
20090323,0.496492843926
20090324,2.18717416847
20090325,5.90032117408
20090326,3.86872990475
20090327,1.796618307
20090328,10.2946588461
20090329,1.8545984794
20090330,11.9704768292
20090331,0.210975257205
20090401,0.23508370639
20090402,4.10468033328
20090403,0.271826767831
20090404,0.276949143061
20090405,2.56547987642
20090406,0.584025899033
20090407,6.25936164119
20090408,0.889548721284
20090409,3.22265145174
20090410,1.35667123481
20090411,0.678033273095
20090412,0.786553672978
20090413,1.58646801761
20090414,14.3950745881
20090415,2.32348528882
20090416,1.39511014912
20090417,9.4919216696
20090418,0.185502357015
20090419,19.5062714799
20090420,0.65436083069
20090421,0.667492415241
20090422,2.46038725969
20090423,1.88490564589
20090424,9.54737183108
20090425,9.06271311359
20090426,0.248169143753
20090427,2.84467367025
20090428,3.60234071709
20090429,0.300044752086
20090430,1.86782435471
20090501,7.43381147541
20090502,0.202641941907
20090503,0.0013295977264
20090504,1.77877133526
20090505,0.413448171109
20090506,14.2546277424
20090507,4.61908880198
20090508,0.58431662488
20090509,2.202196751
20090510,0.353043764769
20090511,9.84315504813
20090512,0.687955919088
20090513,0.588417881827
20090514,4.38191790708
20090515,0.446432501538
20090516,1.99805080448
20090517,0.110251861679
20090518,7.71554937547
20090519,0.262237190373
20090520,12.6707122128
20090521,5.74264476704
20090522,0.784104860115
20090523,2.82862830915
20090524,0.0497614395106
20090525,0.110903879689
20090526,6.56160927087
20090527,3.20848177984
20090528,0.124556451541
20090529,5.58608360016
20090530,0.988342305103
20090531,0.0384253010959
20090601,0.0219099097151
20090602,0.704558708139
20090603,0.442734332671
20090604,0.275506199986
20090605,6.70026576444
20090606,3.79177855745
20090607,2.43667115023
20090608,0.129497332199
20090609,2.24839943396
20090610,0.039697028742
20090611,0.567863967306
20090612,6.69303747932
20090613,8.67403022625
20090614,5.71331192273
20090615,0.346108166372
20090616,0.503768827044
20090617,5.16615836079
20090618,0.0920503427626
20090619,0.464543463034
20090620,1.92145978606
20090621,3.91974590121
20090622,5.24205328952
20090623,0.139979433635
20090624,0.0279979624455
20090625,3.75330023563
20090626,0.0821169399555
20090627,4.41239754636
20090628,0.125597464584
20090629,0.0803131074207
20090630,16.5187048025
20090701,0.346510715751
20090702,1.35559885264
20090703,0.023983230354
20090704,0.244740386263
20090705,6.61834067693
20090706,0.12728617859
20090707,0.0963006398689
20090708,1.36518862623
20090709,0.333641981263
20090710,1.7892923469
20090711,2.1433408436
20090712,0.452158295436
20090713,0.00794733704137
20090714,1.09167196393e-05
20090715,2.1495215021
20090716,0.0775695871543
20090717,0.000699508357121
20090718,2.51615797964
20090719,2.53706011083
20090720,0.0785974465802
20090721,0.00661314720129
20090722,8.86005324007
20090723,0.210966872984
20090724,0.0503357882653
20090725,0.117273864307
20090726,0.869795629006
20090727,0.0181312150811
20090728,0.374957025489
20090729,0.429716281685
20090730,0.0331336683054
20090731,0.0173706175993
20090801,1.61270398133
20090802,1.56544483637
20090803,3.25194613263
20090804,1.56842225069
20090805,3.53812539244
20090806,0.0622023746583
20090807,2.67953228747
20090808,0.134726582501
20090809,0.016945858573
20090810,0.621005252026
20090811,1.36759173988
20090812,0.258655141429
20090813,3.99097642825
20090814,0.314760474913
20090815,9.60229548529
20090816,0.169575656875
20090817,0.000760367398843
20090818,0.016375687594
20090819,2.37605376895
20090820,0.640744350887
20090821,0.466354118182
20090822,7.90320829125
20090823,1.29349281888
20090824,3.57716095353
20090825,0.0628404995613
20090826,0.428826874503
20090827,0.0336842816019
20090828,0.758836106277
20090829,0.846527520611
20090830,12.1762513115
20090831,0.310727102201
20090901,0.0039656086354
20090902,3.02275715935
20090903,0.197890404233
20090904,0.0135628434387
20090905,0.237163077646
20090906,1.28441119014
20090907,0.203176077761
20090908,0.148358026954
20090909,0.518863743964
20090910,2.37472266049
20090911,0.422591532445
20090912,0.108619213202
20090913,0.856210315339
20090914,1.0264979592
20090915,0.265477989225
20090916,1.67764833623
20090917,1.88928513424
20090918,0.0439909604734
20090919,0.000196708145701
20090920,1.27681739795
20090921,1.86896464276
20090922,0.376769570408
20090923,0.00623497476292
20090924,0.746201265633
20090925,0.921563863034
20090926,0.0726243749658
20090927,1.20015997931
20090928,0.158412137457
20090929,0.341977719814
20090930,1.61062620726
20091001,0.0283503005784
20091002,0.326855891586
20091003,0.338655608846
20091004,0.825637897668
20091005,0.84651991121
20091006,0.447067440588
20091007,0.119111925922
20091008,0.0327100771436
20091009,5.91077718141
20091010,0.46779471074
20091011,0.0950453069413
20091012,0.00156581762932
20091013,0.443787002759
20091014,1.34900395726
20091015,0.43345341316
20091016,1.07140975029
20091017,0.0219446040722
20091018,0.259057327685
20091019,0.936739508657
20091020,1.18327705171
20091021,0.0246153356624
20091022,0.27996481877
20091023,3.04674108439
20091024,0.102681800078
20091025,2.41337703452
20091026,0.626576306712
20091027,1.11652706442
20091028,1.91174513094
20091029,1.49486470368
20091030,0.726671225572
20091031,0.96052518
20091101,0.843648701788
20091102,2.37393689189
20091103,1.83786660589
20091104,1.25526185327
20091105,0.0884677855074
20091106,0.00476924194396
20091107,0.288477507771
20091108,0.0232011942796
20091109,0.757789341987
20091110,0.907420188767
20091111,0.521107476563
20091112,1.36189291273
20091113,0.33784098546
20091114,17.6499271423
20091115,1.14739787097
20091116,0.178348342155
20091117,0.00289017729405
20091118,0.00161026202387
20091119,0.000334649849307
20091120,5.40989313271e-06
20091121,0.0
20091122,3.82372570717e-06
20091123,6.75569972587e-08
20091124,0.0436395986365
20091125,0.0817881069769
20091126,0.00143139732323
20091127,0.0
20091128,0.0
20091129,0.00105707161366
20091130,1.86761715933e-05
20091201,0.0
20091202,0.0
20091203,0.0
20091204,0.0
20091205,0.0
20091206,0.000601598678791
20091207,1.06289507629e-05
20091208,0.0
20091209,0.0
20091210,0.0
20091211,0.162744475905
20091212,0.00320112126791
20091213,0.307259936777
20091214,2.43822464436
20091215,0.0585855143434
20091216,0.00027567578691
20091217,0.00393499399822
20091218,6.95228544665e-05
20091219,0.0
20091220,0.0
20091221,0.0
20091222,0.266431421055
20091223,0.00470726884096
20091224,0.0
20091225,0.0
20091226,0.0
20091227,0.0
20091228,0.0
20091229,0.0
20091230,0.0
20091231,0.0896124410907
20100101,0.0384700628716
20100102,0.000651710310429
20100103,0.00755460634222
20100104,0.000133473639089
20100105,0.0
20100106,0.0
20100107,0.00330186250459
20100108,0.202349240568
20100109,0.00357404384381
20100110,0.210973346496
20100111,0.263948343196
20100112,0.00459754224894
20100113,0.0
20100114,0.0
20100115,0.0
20100116,0.0599798989243
20100117,0.0113787695362
20100118,0.000903086958042
20100119,1.27344762021e-05
20100120,0.0
20100121,0.0
20100122,0.0
20100123,0.0
20100124,0.0
20100125,1.42244119145e-07
20100126,1.07391608317
20100127,0.588364775366
20100128,3.57777469819
20100129,1.42589144188
20100130,0.0240787565603
20100131,0.0
20100201,0.0
20100202,0.0245120896981
20100203,0.000433075785472
20100204,0.0
20100205,0.0
20100206,0.0
20100207,0.0
20100208,0.0
20100209,0.0
20100210,0.020079399896
20100211,0.0916596437086
20100212,0.0634168398027
20100213,0.0237517522662
20100214,0.0531772519705
20100215,11.6303191959
20100216,0.564555554639
20100217,30.7631790708
20100218,4.87632388132
20100219,0.435707371404
20100220,7.49920866596
20100221,3.51141253774
20100222,5.00361608301
20100223,4.30437767266
20100224,1.07007089629
20100225,0.304148139914
20100226,0.202880238985
20100227,1.46987127904
20100228,4.64018130776
20100301,0.667205831584
20100302,0.118075169151
20100303,4.41644268101
20100304,0.673051813793
20100305,2.45989482144
20100306,3.81075689573
20100307,1.23840678385
20100308,4.3665855689
20100309,3.00706589518
20100310,23.9721792294
20100311,0.449923600108
20100312,8.9545616276
20100313,1.28258185366
20100314,0.0198740710655
20100315,0.0706177765702
20100316,0.9554587797
20100317,1.55506096055
20100318,8.53342179687
20100319,0.516705649792
20100320,0.0807285593479
20100321,2.71995766231
20100322,0.0487016418241
20100323,1.18203572557e-05
20100324,0.0
20100325,0.162622545308
20100326,0.159242780761
20100327,0.00276271350681
20100328,0.558084859769
20100329,0.388298462353
20100330,0.0659826587636
20100331,1.29450440394
20100401,1.00964297343
20100402,0.096218749004
20100403,5.41119910685
20100404,1.19396838703
20100405,0.895336669046
20100406,5.72170553186
20100407,0.882781405309
20100408,0.0138156301661
20100409,1.69888411183
20100410,4.68374588157
20100411,6.02931220952
20100412,0.189110808773
20100413,0.345284701018
20100414,4.85434168251
20100415,0.144011953461
20100416,0.823737182165
20100417,1.50716401261
20100418,4.53546189902
20100419,0.0796659034081
20100420,4.1949922432
20100421,4.34387523768
20100422,2.50066865228
20100423,3.88179904008
20100424,3.20871457389
20100425,3.06161403373
20100426,0.224325864491
20100427,0.318016541487
20100428,2.78496254946
20100429,0.177294111092
20100430,6.79241739464
20100501,0.509769564331
20100502,1.5861720714
20100503,3.32058257374
20100504,0.174578534114
20100505,1.21984865046
20100506,17.260059024
20100507,0.39636707939
20100508,14.1382803225
20100509,0.480957950232
20100510,0.835303090208
20100511,0.844506637981
20100512,0.223329962825
20100513,2.28107109407
20100514,0.105989650474
20100515,0.831801541187
20100516,1.71708732416
20100517,0.0300881533747
20100518,2.01268309995
20100519,0.0488056585025
20100520,0.00881647139003
20100521,1.8234927495
20100522,1.66016214456
20100523,0.143876630855
20100524,0.0119448030181
20100525,0.491719879591
20100526,0.413753274394
20100527,2.28811067532
20100528,0.17209828942
20100529,3.48303012366
20100530,14.5241447697
20100531,1.26216188303
20100601,0.0386189789325
20100602,1.1731252588
20100603,0.726415471411
20100604,1.0710688029
20100605,2.2869214794
20100606,0.0458146594404
20100607,1.05081581021
20100608,0.343653120299
20100609,1.28546702979
20100610,0.740372342576
20100611,2.2816250041
20100612,0.04155404383
20100613,21.8250862345
20100614,8.09552337535
20100615,0.735695829481
20100616,0.737983346871
20100617,25.4217344164
20100618,1.44515849652
20100619,0.232380423091
20100620,0.0493024940293
20100621,0.733290271666
20100622,0.0155147186599
20100623,8.88042832397
20100624,0.339550768484
20100625,1.85607371193
20100626,0.178008098889
20100627,1.94729019749
20100628,0.081948515016
20100629,0.00125928964623
20100630,7.39375863044e-06
20100701,1.7670364356
20100702,5.48028540244
20100703,0.717283891136
20100704,2.18040021423
20100705,0.417436713558
20100706,2.95543594349
20100707,0.0811277160015
20100708,0.0513811278445
20100709,1.15915404338
20100710,13.7014403139
20100711,0.733848161316
20100712,0.425330556369
20100713,0.0233295717201
20100714,1.05441256876
20100715,0.731645653736
20100716,15.8932844335
20100717,4.97739998036
20100718,0.21952039481
20100719,0.0700806313001
20100720,0.00624161003063
20100721,0.277775415849
20100722,0.10009618686
20100723,0.757258706388
20100724,1.31825934123
20100725,0.0826682069286
20100726,0.00225859049918
20100727,0.00602099883196
20100728,0.0412441942222
20100729,0.00378637487574
20100730,0.00405321744497
20100731,4.99583431836
20100801,0.0894640658215
20100802,2.11959593261e-05
20100803,0.0571120257133
20100804,1.61123627639
20100805,0.0407534367402
20100806,0.00525846102841
20100807,0.425323770457
20100808,2.25593628961
20100809,2.69949490223
20100810,0.072354844536
20100811,0.213741473527
20100812,12.3953877406
20100813,2.52584417651
20100814,0.273203739552
20100815,3.31925996031
20100816,0.0651593890484
20100817,2.62820468152
20100818,33.3573254458
20100819,1.92132043983
20100820,0.673358768493
20100821,9.5335241584
20100822,3.84715329064
20100823,0.250176701137
20100824,0.00346024379738
20100825,2.99580404864
20100826,1.39936467794
20100827,2.12383998795
20100828,3.19432488177
20100829,1.08130330438
20100830,2.39236549289
20100831,0.168583811379
20100901,7.07412085338
20100902,0.306442926855
20100903,0.00333104231543
20100904,14.7585925161
20100905,0.582235396698
20100906,0.0170366072781
20100907,9.35786553466
20100908,0.529029255976
20100909,12.055130403
20100910,5.36933151983
20100911,0.111118361269
20100912,0.145705026535
20100913,1.14557189184
20100914,11.5324438299
20100915,3.6263971577
20100916,0.769609867361
20100917,0.0140603745505
20100918,1.36947398724
20100919,2.66449464556
20100920,0.111087197438
20100921,3.63768615732
20100922,0.0774843476275
20100923,0.00809552720072
20100924,6.95700026146
20100925,0.959538491233
20100926,0.372664005501
20100927,0.27471997569
20100928,9.44175488835
20100929,0.995634605372
20100930,0.0148118436314
20101001,4.0993923071
20101002,1.95056399297
20101003,0.149609817247
20101004,2.66563088326
20101005,0.337200278978
20101006,13.3366228902
20101007,0.329086745961
20101008,4.24224345743
20101009,1.69766400445
20101010,0.788145843659
20101011,1.65315508855
20101012,1.06496465013
20101013,4.21395668989
20101014,3.12537128488
20101015,4.58572558486
20101016,3.36661036409
20101017,0.0942814272599
20101018,1.00625737187
20101019,5.3045540068
20101020,0.995720984721
20101021,1.30633904148
20101022,1.99580815652
20101023,2.0578993686
20101024,0.400178658451
20101025,0.178499163994
20101026,1.53713741336
20101027,0.658423018521
20101028,1.85315056163
20101029,0.743365444047
20101030,0.618067498063
20101031,2.1420883339
20101101,6.08177812638
20101102,10.2810411213
20101103,0.890794381632
20101104,1.12146134466
20101105,1.3982145037
20101106,0.222573069617
20101107,2.32732082796
20101108,0.0773869680974
20101109,0.979267863875
20101110,0.0174391239366
20101111,0.000620286304869
20101112,0.0661155458623
20101113,0.0562443345986
20101114,0.513527941672
20101115,0.0211918898009
20101116,0.000248448212942
20101117,0.203112189493
20101118,1.0411466167
20101119,3.27042646464
20101120,0.0998396950488
20101121,0.0185357872223
20101122,0.000744338608531
20101123,0.224761699105
20101124,1.54976311028
20101125,0.0378505512681
20101126,0.00020771759344
20101127,0.00824026805343
20101128,0.000237895590553
20101129,0.228608893909
20101130,0.00831266693404
20101201,0.000160021598241
20101202,1.49319939531e-06
20101203,0.181011045741
20101204,0.0156013022889
20101205,0.0318725733401
20101206,0.00562854216402
20101207,0.144080543934
20101208,0.458325265628
20101209,0.0299356810163
20101210,0.0570117545505
20101211,0.00100044399581
20101212,0.0
20101213,0.0
20101214,0.0
20101215,0.0
20101216,0.0298395411065
20101217,0.000993630400805
20101218,8.24081708728e-06
20101219,3.70565452939e-05
20101220,6.54709301982e-07
20101221,2.59766056327
20101222,0.0461279010169
20101223,4.11373639335e-06
20101224,0.064523343764
20101225,0.00116224455099
20101226,0.48635757231
20101227,0.0406607373981
20101228,6.62328382175
20101229,0.338579534081
20101230,0.0533954934565
20101231,0.0151213541518
20110101,0.291112625236
20110102,0.215842880432
20110103,0.315836446507
20110104,0.00551437737078
20110105,0.0
20110106,0.0
20110107,0.0
20110108,0.00101413640927
20110109,0.0101912907783
20110110,0.029972517798
20110111,0.000526374071667
20110112,0.0
20110113,0.00952101563944
20110114,0.000168215833038
20110115,0.0
20110116,0.0
20110117,0.0537955927406
20110118,0.00182097368146
20110119,1.53802349776e-05
20110120,0.0
20110121,0.0
20110122,0.0
20110123,0.0
20110124,0.0362529494614
20110125,0.087110979671
20110126,0.00287207628913
20110127,3.64810356001
20110128,0.492334595616
20110129,0.0528259331873
20110130,0.00216979295771
20110131,2.42055981434e-05
20110201,0.454928129674
20110202,0.946586080156
20110203,2.70038654815
20110204,0.468585180602
20110205,0.00744113339828
20110206,0.000294060986347
20110207,0.00165971522768
20110208,2.92318013324e-05
20110209,0.0
20110210,0.0
20110211,1.55556983741
20110212,0.167753196335
20110213,7.26200397785
20110214,1.89113719478
20110215,0.0330716265685
20110216,0.0645724941979
20110217,0.0011402557196
20110218,0.0
20110219,1.4062682303
20110220,0.100888412154
20110221,0.00134351026051
20110222,0.0454620537273
20110223,0.207274154407
20110224,4.02305442901
20110225,0.303023601463
20110226,10.5803314486
20110227,4.12280995453
20110228,0.132788196222
20110301,0.00534416770734
20110302,3.81670842937
20110303,0.0990849876868
20110304,0.649584760604
20110305,0.0141442577401
20110306,1.26924605813
20110307,2.14738988346
20110308,1.95495003418
20110309,10.0760740989
20110310,3.00267625866
20110311,2.20398643402
20110312,0.130302271674
20110313,2.11795828793
20110314,3.54644974204
20110315,14.1983360539
20110316,15.4271796123
20110317,16.418619529
20110318,1.003011123
20110319,10.3103136452
20110320,11.470281365
20110321,0.490406741766
20110322,20.1051070097
20110323,2.03096309102
20110324,0.212090468897
20110325,0.599942065158
20110326,0.0335563427039
20110327,0.379795800525
20110328,9.86075862575
20110329,2.33073110724
20110330,16.2142182937
20110331,2.04766514842
20110401,1.19104750281
20110402,1.54644294684
20110403,0.0907671010169
20110404,0.124252422359
20110405,1.85594273426
20110406,0.737514824559
20110407,0.0338642090226
20110408,0.00462665783686
20110409,7.50590691897e-05
20110410,0.903353721693
20110411,2.74106628751
20110412,0.968705153414
20110413,13.1984976427
20110414,1.53946477486
20110415,0.68531049635
20110416,0.185776365021
20110417,0.425143766038
20110418,11.9221439694
20110419,1.20846080344
20110420,0.381700426012
20110421,13.5939447237
20110422,12.259543781
20110423,3.16100330574
20110424,13.9884350407
20110425,0.493245319144
20110426,2.2632994072
20110427,5.02358619792
20110428,12.1521073472
20110429,0.592132995959
20110430,1.65058924132
20110501,1.57272594632
20110502,0.189649583169
20110503,5.75832860552
20110504,3.87313274154
20110505,0.0666333219482
20110506,0.0
20110507,0.972707066491
20110508,2.4212059237
20110509,9.05248271333
20110510,3.12428777902
20110511,0.302586172879
20110512,0.801680602293
20110513,1.66396477627
20110514,2.54396716163
20110515,9.58588142923
20110516,0.200192283439
20110517,0.129761575558
20110518,6.06245724658
20110519,0.426490808767
20110520,0.00564347286012
20110521,0.607818587512
20110522,0.271414091754
20110523,0.362500877556
20110524,0.276791197345
20110525,1.1514479794
20110526,0.0342436769326
20110527,0.206533173435
20110528,0.340021148376
20110529,1.38791943931
20110530,1.21975304184
20110531,0.125639184765
20110601,0.10988925799
20110602,0.117280603061
20110603,0.129820224831
20110604,0.11588115741
20110605,6.93046256169
20110606,2.36610337487
20110607,0.0537892838155
20110608,5.60178456218
20110609,2.0868510368
20110610,0.0377649200907
20110611,6.77511877804e-05
20110612,0.158961587821
20110613,0.186717755878
20110614,0.111211089957
20110615,0.00190745239802
20110616,1.69174076342
20110617,0.26595713495
20110618,0.425628746289
20110619,0.374040727425
20110620,0.0231517796266
20110621,3.43725308923
20110622,1.06864229269
20110623,0.0203834934271
20110624,6.19016109217
20110625,0.597916162281
20110626,0.0358912590381
20110627,0.152135624056
20110628,0.0396788703831
20110629,0.0304327762204
20110630,0.227964544638
20110701,4.9900531597
20110702,0.289333648304
20110703,0.0954309530494
20110704,5.82903542659
20110705,0.12815331759
20110706,0.000452631809704
20110707,1.3378034416
20110708,0.0301598920663
20110709,0.000115261363119
20110710,0.208982464037
20110711,12.4005542572
20110712,0.806376167804
20110713,0.300735986974
20110714,2.4661654114
20110715,0.0853577199425
20110716,0.0675310031153
20110717,0.612790014902
20110718,0.13903529913
20110719,4.36916871952
20110720,0.077260065037
20110721,0.801735487449
20110722,0.0222485766451
20110723,0.0123562894567
20110724,0.00129738245624
20110725,2.39121485958e-05
20110726,8.4852662159e-08
20110727,0.282253666455
20110728,0.00516448175157
20110729,3.1390267469e-06
20110730,0.206848561149
20110731,2.12948173559
20110801,0.0375587832019
20110802,1.468015884
20110803,0.421168503732
20110804,0.63880412149
20110805,1.09315877942
20110806,0.0249849617227
20110807,2.35777610481
20110808,5.56943188944
20110809,0.938076335197
20110810,0.0194345267976
20110811,0.00897169211832
20110812,0.218594688801
20110813,2.62438259356
20110814,1.61445470098
20110815,0.347010497096
20110816,0.626288386874
20110817,9.639778205
20110818,0.255019448699
20110819,0.104115330598
20110820,0.100392722895
20110821,1.10682087694
20110822,0.0195781946496
20110823,2.49185775029
20110824,0.0455517745789
20110825,0.740709883653
20110826,0.603139443636
20110827,4.94656707125
20110828,0.444750155804
20110829,4.14878301902
20110830,1.03801846614
20110831,4.69351639449
20110901,1.88843067058
20110902,0.144274663842
20110903,0.167972233943
20110904,0.317421914244
20110905,0.150697840128
20110906,0.061713724124
20110907,3.80567996463
20110908,3.99630498854
20110909,7.20787740592
20110910,0.844217133101
20110911,1.16285560958
20110912,0.0591445097446
20110913,0.346145725594
20110914,8.68152209807
20110915,0.859530645177
20110916,0.0127143118047
20110917,1.2444764936
20110918,1.05497905833
20110919,0.28472320539
20110920,0.00598415601222
20110921,7.81600442727
20110922,3.53194622457
20110923,0.172283635512
20110924,0.0416229448623
20110925,10.2735900714
20110926,0.216408517107
20110927,0.0010841710951
20110928,4.19071169422
20110929,12.2827901824
20110930,1.62469049323
20111001,5.24787006931
20111002,2.30873194997
20111003,0.105955712305
20111004,0.104294826046
20111005,2.08051088669
20111006,0.874440102268
20111007,1.59021738345
20111008,1.49946339898
20111009,1.07120733301
20111010,16.5769371142
20111011,0.874527083542
20111012,6.81231826971
20111013,0.645144090853
20111014,9.61728894781
20111015,5.3197915916
20111016,2.35196361522
20111017,0.0528730877958
20111018,0.68344926564
20111019,1.92973054407
20111020,0.16104228126
20111021,4.77118101145
20111022,6.11182621215
20111023,3.87828783335
20111024,0.587808734836
20111025,3.82815082816
20111026,0.276224594199
20111027,0.132833212326
20111028,0.110976329404
20111029,0.00192045306042
20111030,2.24412306501e-05
20111031,0.0607662459593
20111101,0.869566855389
20111102,0.189656157876
20111103,0.0109565805966
20111104,0.000144963587734
20111105,0.211707505009
20111106,0.115466589272
20111107,0.0188481143866
20111108,0.0020865201174
20111109,0.00163307806301
20111110,0.0507626950829
20111111,0.909848925233
20111112,0.621364515819
20111113,0.198707176582
20111114,0.0515664211882
20111115,0.00718886703517
20111116,0.000111952079901
20111117,0.043663610359
20111118,0.0109192158119
20111119,0.860382593748
20111120,0.0310401694176
20111121,0.00477398134168
20111122,3.68813651022
20111123,0.697902181845
20111124,0.170962640048
20111125,0.0685880893854
20111126,0.137610099724
20111127,1.98803893712
20111128,0.0431727848987
20111129,0.00948538341149
20111130,0.00785005254934
20111201,0.000135777258457
20111202,0.166357352572
20111203,0.00293917630677
20111204,0.0
20111205,0.00253880066218
20111206,0.161474561602
20111207,0.252711808348
20111208,0.0235371589906
20111209,0.00033785650937
20111210,0.0
20111211,0.0
20111212,0.0
20111213,0.0
20111214,0.0
20111215,0.0
20111216,0.0
20111217,0.0
20111218,0.0
20111219,0.0
20111220,0.0
20111221,0.0
20111222,0.214038134899
20111223,0.00378159236994
20111224,0.0
20111225,0.0
20111226,0.0
20111227,0.0
20111228,0.0
20111229,2.43737575583e-05
20111230,0.00110542439676
20111231,0.174607660057
20120101,0.00308459583368
20120102,0.0
20120103,0.0
20120104,0.0
20120105,0.0
20120106,0.0
20120107,0.0
20120108,0.0
20120109,0.0
20120110,0.0
20120111,0.0
20120112,0.0
20120113,0.0
20120114,0.0
20120115,0.0
20120116,0.0
20120117,0.0
20120118,0.0
20120119,0.0
20120120,0.0
20120121,1.92933716699e-05
20120122,0.027328870125
20120123,0.0314270291338
20120124,0.00199289854214
20120125,2.55509061331e-05
20120126,0.0
20120127,0.0
20120128,0.0
20120129,0.0
20120130,2.03474043698e-06
20120131,0.167134936308
20120201,0.0154215686372
20120202,0.00022029424231
20120203,0.0
20120204,0.0
20120205,0.00217718254315
20120206,1.43523288522
20120207,0.153204355072
20120208,0.034190961801
20120209,0.000564172584932
20120210,0.0
20120211,0.0
20120212,0.0
20120213,0.0
20120214,0.000252274495037
20120215,4.45714646332e-06
20120216,0.0859381304124
20120217,0.00151834149208
20120218,0.0
20120219,2.10285678857
20120220,5.30440527448
20120221,0.0973759675894
20120222,4.38626328601
20120223,22.5435036479
20120224,0.833309516156
20120225,0.0194323832943
20120226,0.000207110043252
20120227,0.0
20120228,0.220134872611
20120229,4.48150152929
20120301,0.730900174393
20120302,0.744686099094
20120303,0.205897595836
20120304,2.00269582571
20120305,0.504092708716
20120306,0.0291185761083
20120307,10.1862148166
20120308,13.7010632288
20120309,0.757446738468
20120310,4.24681061879
20120311,12.6607833846
20120312,0.222365950754
20120313,0.0
20120314,0.0
20120315,0.0
20120316,0.0418680089043
20120317,0.0498413228764
20120318,0.0755376859615
20120319,0.790465236512
