20010102,0.293728650466
20010103,0.122668962432
20010104,0.00207719972425
20010105,0.0
20010106,0.0
20010107,5.95597411793e-06
20010108,1.05229240852e-07
20010109,0.0
20010110,0.0
20010111,0.00309867261098
20010112,5.47468662055e-05
20010113,0.0
20010114,0.0
20010115,0.0662804536283
20010116,0.00117103273378
20010117,1.04637778603e-05
20010118,1.84872369762e-07
20010119,0.0
20010120,0.0
20010121,0.00696609017952
20010122,0.000123075809919
20010123,0.0
20010124,0.0
20010125,0.0
20010126,0.0
20010127,0.0
20010128,0.0
20010129,0.0
20010130,0.0
20010131,0.0
20010201,0.0164838870074
20010202,0.0176660617453
20010203,0.000306975765312
20010204,0.0
20010205,0.456517718179
20010206,1.85135038169
20010207,0.032566867176
20010208,0.0
20010209,0.0
20010210,0.0
20010211,0.0
20010212,0.00722123762129
20010213,0.000127583702572
20010214,0.0
20010215,0.00258628810506
20010216,4.56941404231e-05
20010217,0.0
20010218,0.0
20010219,0.0
20010220,0.0444227404396
20010221,0.00303367158598
20010222,0.00133708644968
20010223,2.29214541361e-05
20010224,0.0011326386604
20010225,0.020753731579
20010226,0.000366320099427
20010227,0.734882806605
20010228,0.0176247703989
20010301,0.0252657763065
20010302,0.000444943010114
20010303,0.583359009898
20010304,4.44848666024
20010305,0.2427026526
20010306,7.61963314656
20010307,2.36077542582
20010308,0.212312938893
20010309,0.696779301552
20010310,0.119132959184
20010311,1.90355791122
20010312,1.88710465986
20010313,0.778767191553
20010314,6.13371963675
20010315,1.27173417256
20010316,3.3190830901
20010317,5.3631823849
20010318,11.1992304103
20010319,1.66382806373
20010320,6.6416842086
20010321,2.99392746486
20010322,2.07629704645
20010323,0.137173520305
20010324,4.59169133065
20010325,1.86317489335
20010326,19.5976365975
20010327,0.775406894968
20010328,0.474795579125
20010329,0.188919771133
20010330,0.115778038791
20010331,0.509800701636
20010401,3.16308965597
20010402,2.10451142668
20010403,0.776496474757
20010404,0.0489581640243
20010405,0.92575855724
20010406,7.46425700373
20010407,2.58241463665
20010408,0.8416566859
20010409,0.794388002707
20010410,0.0161000952554
20010411,1.38915191328
20010412,3.97998190712
20010413,4.67296654548
20010414,0.368029797696
20010415,1.81162851974
20010416,4.37051268424
20010417,11.8877927803
20010418,1.27210322458
20010419,2.14379387481
20010420,2.71981134449
20010421,0.111652858762
20010422,19.9686316227
20010423,0.354632948072
20010424,0.131242193944
20010425,1.59652738322
20010426,0.220069653171
20010427,1.51581138668
20010428,0.0403936621931
20010429,0.0205783708736
20010430,17.8666572634
20010501,1.08791562889
20010502,0.0389736120224
20010503,3.78551410644
20010504,1.17032311541
20010505,1.09088815216
20010506,0.988324309777
20010507,0.264165392822
20010508,0.750478751825
20010509,0.0938848266527
20010510,1.04458771014
20010511,0.298304832149
20010512,1.01878983756
20010513,0.114610097188
20010514,0.181198470704
20010515,0.0522575098502
20010516,0.424713793412
20010517,2.56895732018
20010518,0.0499859925885
20010519,9.78529395023
20010520,2.64874940291
20010521,0.658999864743
20010522,0.01087025856
20010523,0.0
20010524,2.4872061688
20010525,8.78821691282
20010526,1.9306246319
20010527,0.0313804259425
20010528,0.142688790032
20010529,6.77724978786
20010530,6.36649260591
20010531,1.43040488987
20010601,2.21671209945
20010602,0.292809821815
20010603,0.0418539105355
20010604,2.00259466016
20010605,0.105425176796
20010606,0.149306459686
20010607,0.292661203076
20010608,2.36969068053
20010609,0.159443304427
20010610,3.12793182043
20010611,0.146234624713
20010612,0.613639747687
20010613,0.761383701499
20010614,0.101025184516
20010615,6.61309713573
20010616,0.144345525699
20010617,0.016303556972
20010618,3.87081702509
20010619,0.0763320689406
20010620,0.111603985595
20010621,0.623708458651
20010622,0.0530773130858
20010623,1.62143912284
20010624,1.8861301992
20010625,1.40347401591
20010626,0.217877092023
20010627,1.13002163478
20010628,0.863313590108
20010629,9.21251808908
20010630,0.349310920973
20010701,0.326347499929
20010702,0.488223731872
20010703,1.24199938419
20010704,0.467232790041
20010705,1.00456663435
20010706,0.371410553912
20010707,1.2614087495
20010708,0.204102394787
20010709,0.147139993811
20010710,0.391470149444
20010711,0.0701051424472
20010712,1.49574432192
20010713,0.147842023882
20010714,0.00388906520587
20010715,8.54147016543
20010716,1.16392189355
20010717,1.26933205519
20010718,0.147886579217
20010719,0.00222219833261
20010720,0.00059620349407
20010721,3.73310335344
20010722,2.48776138712
20010723,13.651880043
20010724,2.40136526769
20010725,0.210360260355
20010726,0.188509034183
20010727,0.0784228275938
20010728,0.00132766835848
20010729,4.07213138761
20010730,1.23934486217
20010731,0.237627566852
20010801,3.19490255866
20010802,0.415221805709
20010803,0.763213668009
20010804,1.38171851213
20010805,0.0279270346469
20010806,0.0406596972395
20010807,0.0208892818412
20010808,4.4325637584
20010809,0.670713915334
20010810,0.644655362463
20010811,0.100829320102
20010812,0.00798156696738
20010813,0.616279387384
20010814,4.35896893384
20010815,1.96084482575
20010816,0.941132018056
20010817,0.639171534764
20010818,0.0308004241676
20010819,0.00468883435052
20010820,4.33728584032
20010821,0.112770943203
20010822,2.78152850108
20010823,0.0742699420795
20010824,0.110934985418
20010825,10.2765882528
20010826,0.698590253006
20010827,0.0132008744949
20010828,1.05526569606
20010829,5.99492632226
20010830,1.95777907165
20010831,0.0439826234564
20010901,2.40337514637
20010902,0.57625589691
20010903,0.0669714443965
20010904,3.48733144418
20010905,4.99830333254
20010906,0.113639052572
20010907,0.440116074905
20010908,0.0976847852957
20010909,0.0020049674765
20010910,2.01965798847
20010911,0.11975731357
20010912,0.00521670377195
20010913,1.44659026332
20010914,0.0905132211905
20010915,0.591047731366
20010916,0.128564957466
20010917,0.236099431049
20010918,0.722099142397
20010919,0.989353142905
20010920,2.80875764385
20010921,0.0493586897276
20010922,0.0257222643176
20010923,1.31517689994
20010924,2.061630675
20010925,0.431360025802
20010926,6.17065037991
20010927,0.116944982513
20010928,0.0165192235377
20010929,3.8965317733
20010930,0.0979435989233
20011001,0.00149947776019
20011002,1.64590499217
20011003,1.06853845123
20011004,3.96214433962
20011005,0.102590251633
20011006,0.0646397384696
20011007,0.0019114609527
20011008,0.887286138003
20011009,2.70329890002
20011010,0.201332373653
20011011,0.00271816031261
20011012,0.450632205309
20011013,0.134068799559
20011014,0.00388481403022
20011015,0.0158075047748
20011016,0.092603963661
20011017,0.998981821673
20011018,0.962756622035
20011019,0.551501311848
20011020,0.152837783272
20011021,0.419482593704
20011022,0.238108045444
20011023,0.954036805466
20011024,0.234023854813
20011025,0.125373174399
20011026,1.03969627608
20011027,0.976187465936
20011028,0.277608105851
20011029,0.108750994625
20011030,0.209396444651
20011031,0.240963018684
20011101,0.123245910913
20011102,0.0737330308942
20011103,0.00126554096408
20011104,0.00106103269797
20011105,0.27262049299
20011106,0.0391474399051
20011107,0.329980092724
20011108,0.0216159625841
20011109,2.02320163172
20011110,0.844383735834
20011111,0.0465890239334
20011112,2.78113968672
20011113,4.82261863049
20011114,0.875753022332
20011115,2.22503184385
20011116,0.940451882162
20011117,0.0420440346988
20011118,0.198999126369
20011119,0.0704485669338
20011120,0.0245862903471
20011121,2.80311905491
20011122,0.989301828415
20011123,0.68066602257
20011124,0.531434751236
20011125,1.16282118282
20011126,0.566385174998
20011127,0.789001476123
20011128,0.153342023387
20011129,1.79339409291
20011130,0.964820948523
20011201,0.19712608094
20011202,1.72543830142
20011203,0.0503428308687
20011204,0.00511705290599
20011205,0.254913212526
20011206,0.046239024038
20011207,0.000737398223806
20011208,0.0
20011209,0.0
20011210,0.0
20011211,0.909243496435
20011212,0.0565317659514
20011213,0.000714971649685
20011214,0.0
20011215,0.0
20011216,0.00475293555023
20011217,0.00750136953593
20011218,0.335020849686
20011219,0.00591678091514
20011220,0.0
20011221,0.0235946281916
20011222,0.000416866225405
20011223,0.00181934512431
20011224,0.0493073419024
20011225,0.00320066362333
20011226,0.009575919541
20011227,0.000168458500347
20011228,0.0
20011229,0.00234227927616
20011230,4.13830178085e-05
20011231,0.0
20020101,0.0292528203031
20020102,0.835938620039
20020103,0.0167114571336
20020104,9.74911822251e-05
20020105,1.1133379128e-06
20020106,0.0083788446829
20020107,0.712754855963
20020108,1.42402510558
20020109,6.34063566553
20020110,0.178200922823
20020111,12.8176349548
20020112,0.332989123478
20020113,0.0152450461993
20020114,0.000236087328307
20020115,0.0
20020116,0.0
20020117,0.0
20020118,0.0
20020119,0.0
20020120,0.0
20020121,0.26734586588
20020122,0.00472342486722
20020123,0.0
20020124,0.0
20020125,0.0
20020126,0.0
20020127,0.0
20020128,0.0
20020129,0.0
20020130,0.0
20020131,1.48664885395e-05
20020201,2.62658689429e-07
20020202,0.0
20020203,0.0
20020204,0.0
20020205,0.0
20020206,0.0
20020207,0.0
20020208,0.0
20020209,0.446282035637
20020210,0.00789575583581
20020211,1.92837107356e-07
20020212,0.283087723182
20020213,0.00500154982403
20020214,0.0
20020215,0.0
20020216,1.66559205882e-06
20020217,0.166528957889
20020218,0.013648158655
20020219,4.30953999821
20020220,0.227153130714
20020221,0.00303265741605
20020222,6.44040488085e-06
20020223,0.0189364688097
20020224,1.05981164125
20020225,0.0318019863235
20020226,0.000231153896045
20020227,0.014643768807
20020228,0.15619788476
20020301,0.149390189138
20020302,0.0538482724852
20020303,6.9976572603
20020304,3.02536463402
20020305,2.53060130148
20020306,0.0438044839262
20020307,0.472049132773
20020308,1.59474524461
20020309,0.0705274562407
20020310,1.35650486634
20020311,4.75968110486
20020312,0.440101208772
20020313,0.274815862995
20020314,1.47712521312
20020315,0.976066950192
20020316,4.33368508112
20020317,2.4453547466
20020318,3.23448700669
20020319,0.961479776142
20020320,0.0215675001858
20020321,0.0458966725732
20020322,7.82413915518
20020323,0.173399115522
20020324,2.66372956152
20020325,0.184762921611
20020326,0.65619128935
20020327,1.53623169252
20020328,1.14881088152
20020329,0.104738279398
20020330,4.92546415692
20020331,0.135288678545
20020401,0.117160729399
20020402,0.0124029386681
20020403,2.35960827189
20020404,0.121753372709
20020405,1.02351702328
20020406,0.879997216417
20020407,0.822741921399
20020408,6.88355747734
20020409,1.04948329211
20020410,0.0290653565916
20020411,0.0399396263896
20020412,0.000991765854041
20020413,0.276858406759
20020414,3.27498928146
20020415,1.3087220074
20020416,3.47636478688
20020417,1.22534742288
20020418,0.149473789913
20020419,1.0206532801
20020420,0.238643353004
20020421,0.0936585819448
20020422,3.94888059906
20020423,0.358250425961
20020424,0.00786933770897
20020425,0.221104523687
20020426,2.75584989779
20020427,0.795641246068
20020428,0.0349402839296
20020429,0.991122111597
20020430,1.44792866856
20020501,0.028223520707
20020502,0.00374341011914
20020503,0.12004637807
20020504,0.105087443772
20020505,0.0712830886672
20020506,0.221174105215
20020507,2.32421083206
20020508,0.568484990633
20020509,0.0922711606946
20020510,16.7245843282
20020511,0.302122131336
20020512,1.52421193501
20020513,0.292300660883
20020514,0.00561803802688
20020515,5.12593495416
20020516,0.0920395947243
20020517,0.145951361058
20020518,2.22081581301
20020519,0.0517367256898
20020520,7.61966148763
20020521,0.157745847761
20020522,0.556083230022
20020523,2.15587380822
20020524,3.94120747081
20020525,0.332732963735
20020526,0.0171073869536
20020527,0.47692024525
20020528,0.0223037018988
20020529,0.0315166459541
20020530,3.11079430455
20020531,0.312929260733
20020601,0.00839505077822
20020602,0.000595356280235
20020603,0.110494202754
20020604,5.49027050639
20020605,0.207765813893
20020606,0.397218799852
20020607,1.8097921774
20020608,1.7249662009
20020609,0.142442275468
20020610,0.456556733675
20020611,28.7996912832
20020612,0.526159688141
20020613,3.99420832634
20020614,1.31330722959
20020615,5.07310240837
20020616,0.297066865084
20020617,2.62803857071
20020618,4.12309387474
20020619,0.276463266797
20020620,7.25484827594
20020621,0.144474604436
20020622,6.07710425968
20020623,0.137590510615
20020624,0.0078515167522
20020625,0.114348994681
20020626,7.76606840611
20020627,0.945916492335
20020628,14.9986808206
20020629,0.564787498185
20020630,1.42146510984
20020701,0.287971040996
20020702,0.00737992293563
20020703,5.22210386993
20020704,1.76348642841
20020705,1.74319030611
20020706,0.0628384938093
20020707,1.01227107883
20020708,0.3426624186
20020709,0.0367655053404
20020710,1.6886697368
20020711,2.2912391939
20020712,0.311340060446
20020713,0.37157853648
20020714,0.0627217305257
20020715,0.0212322582496
20020716,0.403030225422
20020717,9.56591987871
20020718,5.40424427105
20020719,2.73561000853
20020720,1.06273080697
20020721,1.73873595148
20020722,0.960678665013
20020723,6.38552405931
20020724,0.340798084661
20020725,0.372706970658
20020726,0.0333990102657
20020727,0.00479896561549
20020728,0.762859744586
20020729,6.59619848722
20020730,7.34985611989
20020731,0.142156016623
20020801,0.994206656816
20020802,4.56514652128
20020803,0.374281145094
20020804,0.0717935089305
20020805,0.00167304842271
20020806,7.34371515517
20020807,5.5892630438
20020808,4.64803038339
20020809,1.0793729501
20020810,4.63003679725
20020811,2.8531369162
20020812,0.262491594899
20020813,0.0262440645813
20020814,0.0459589954437
20020815,1.20775299465
20020816,0.116365754116
20020817,0.00328532177493
20020818,5.75133066848
20020819,1.43838007242
20020820,0.0236177907692
20020821,0.00341925548012
20020822,2.05757085745
20020823,0.567871857484
20020824,0.296254267935
20020825,0.0966138387271
20020826,0.129773527803
20020827,1.08903400174
20020828,0.227155153971
20020829,0.00367437139923
20020830,2.51718968554
20020831,2.39320954756
20020901,0.325940947174
20020902,0.346684616446
20020903,0.0683058728446
20020904,0.0725716934442
20020905,19.5426405739
20020906,0.518607038615
20020907,3.1138897422
20020908,0.486902503609
20020909,0.00774602915726
20020910,0.325028470627
20020911,0.170862116752
20020912,0.227742458582
20020913,0.0340995719971
20020914,0.14533637385
20020915,0.0063180963279
20020916,2.06928906109
20020917,0.0808242476096
20020918,0.205511399287
20020919,0.313509775897
20020920,0.163571400292
20020921,0.0027971362295
20020922,0.0332147891792
20020923,0.527271647757
20020924,0.0140434242324
20020925,0.682648907698
20020926,1.42096516313
20020927,0.0331227415642
20020928,0.0881152389136
20020929,0.492644619824
20020930,1.99230807395
20021001,0.610292361635
20021002,0.927851365731
20021003,0.0333616514313
20021004,0.0093971132935
20021005,1.59143835956
20021006,0.507897624318
20021007,0.308889064224
20021008,0.258835221389
20021009,2.41131590956
20021010,1.74263812233
20021011,0.450106445887
20021012,0.690319854671
20021013,0.593166196434
20021014,0.228875023669
20021015,0.226819990297
20021016,0.270783735308
20021017,3.31355940981
20021018,0.407824209644
20021019,0.149849515762
20021020,1.19085286578
20021021,0.159675217713
20021022,0.422186882828
20021023,0.199777154177
20021024,0.541990097417
20021025,0.171096469541
20021026,0.213361015561
20021027,0.0891240452073
20021028,0.239683428391
20021029,1.82723832191
20021030,2.09280898418
20021031,0.0885847165052
20021101,0.0148133543275
20021102,0.147202942744
20021103,0.0342774092044
20021104,1.37907961587
20021105,0.362745491078
20021106,1.57544006079
20021107,7.61467892277
20021108,0.190911608765
20021109,0.870082856406
20021110,0.0414201619974
20021111,0.540246069494
20021112,0.416957506699
20021113,0.446920486622
20021114,0.0220056390113
20021115,0.0152305313435
20021116,0.00384028224067
20021117,0.203161831976
20021118,0.0453487640113
20021119,0.481159877458
20021120,0.0328062251438
20021121,0.00470735192976
20021122,0.0631447790737
20021123,0.0011142968628
20021124,0.00624747077433
20021125,0.420017957496
20021126,0.0556566760567
20021127,0.111501018253
20021128,0.0216732411064
20021129,0.000563105472294
20021130,0.118037308368
20021201,0.161820248033
20021202,0.00509757720049
20021203,0.00013988075207
20021204,0.232855003882
20021205,0.00626449697059
20021206,3.79943853882e-05
20021207,0.501079432049
20021208,0.010340348175
20021209,0.107131340971
20021210,0.109122153365
20021211,0.00189452010435
20021212,0.0
20021213,0.0
20021214,0.0
20021215,0.0
20021216,0.0
20021217,0.0104613290889
20021218,0.00764715153148
20021219,0.000220395856425
20021220,1.56453453146e-06
20021221,0.0
20021222,0.00720492004159
20021223,0.000127295405218
20021224,0.0
20021225,0.0
20021226,0.0
20021227,0.0
20021228,0.0
20021229,0.0
20021230,0.0
20021231,0.0
20030101,0.0555122366146
20030102,0.000980781450664
20030103,0.129928016781
20030104,0.00229554801
20030105,0.0
20030106,0.0
20030107,0.0
20030108,0.0
20030109,0.300258565524
20030110,0.00854394712226
20030111,0.0331848453722
20030112,0.135483308246
20030113,0.351289306685
20030114,0.00625307112959
20030115,0.654982203026
20030116,0.674072917775
20030117,0.0215864005749
20030118,0.00216019815302
20030119,0.260682615089
20030120,0.007100158602
20030121,4.40826687013e-05
20030122,0.0
20030123,0.00103767718447
20030124,0.0628729365818
20030125,0.425027928113
20030126,0.00834238200273
20030127,1.5064934406e-05
20030128,0.0
20030129,0.0
20030130,0.0
20030131,0.0
20030201,0.0
20030202,0.0
20030203,0.0
20030204,0.0
20030205,0.0
20030206,0.000165214877589
20030207,0.0179422696788
20030208,0.00031694965775
20030209,0.0252046303249
20030210,0.000445311439337
20030211,0.0172347261214
20030212,0.000304500480212
20030213,0.0474187623603
20030214,0.00138197076804
20030215,1.14767210699
20030216,0.0264270116829
20030217,10.8736521758
20030218,0.314020221062
20030219,0.0146032692185
20030220,0.101999756691
20030221,0.00179822977156
20030222,0.197593026749
20030223,2.22682385949
20030224,2.1827677668
20030225,0.996024534298
20030226,0.105854986754
20030227,0.636469698853
20030228,0.0113391217131
20030301,1.20399403433
20030302,0.569437502829
20030303,0.981937336656
20030304,0.270717683221
20030305,1.00471673852
20030306,0.182870385456
20030307,0.30666049728
20030308,1.49444488034
20030309,0.0277352134623
20030310,0.0595270205596
20030311,0.112673887546
20030312,1.01648207549
20030313,2.71504008717
20030314,0.173100028914
20030315,0.0023023977941
20030316,1.51953209746e-06
20030317,0.0
20030318,0.0189703581797
20030319,0.137329764406
20030320,6.12742850487
20030321,1.6221473802
20030322,0.0288008895015
20030323,1.28462938651
20030324,2.68115459954
20030325,0.823018994954
20030326,0.666579258466
20030327,0.364517263779
20030328,0.658650768738
20030329,0.0242920353617
20030330,0.12644018175
20030331,0.0489122690356
20030401,2.30815333937
20030402,0.0773672289323
20030403,0.281761589643
20030404,0.222700584781
20030405,0.0229327442705
20030406,0.698731031337
20030407,1.12863151626
20030408,5.5240025132
20030409,0.186239237394
20030410,3.05666662658
20030411,0.0539769311013
20030412,3.50691732195
20030413,1.67034468675
20030414,0.222496561625
20030415,3.86912061336
20030416,1.70256186815
20030417,3.05896643818
20030418,4.25235374939
20030419,0.317324546898
20030420,0.730472460955
20030421,8.88918943931
20030422,0.934882338657
20030423,0.142458045111
20030424,0.797934845004
20030425,0.121826492134
20030426,4.08394502283
20030427,1.70638591136
20030428,0.106922753577
20030429,0.00428455473865
20030430,0.0589997535559
20030501,3.19893972164
20030502,0.0583802464116
20030503,3.32204991712e-05
20030504,0.0872654156239
20030505,2.85046615197
20030506,1.16476876878
20030507,0.0512704544362
20030508,0.0337092508069
20030509,0.000585711708249
20030510,0.575013242562
20030511,5.7401648989
20030512,0.101354390637
20030513,1.27012934709
20030514,0.0301148690986
20030515,0.000135591157437
20030516,0.17197363193
20030517,0.937625087047
20030518,0.22983367944
20030519,0.0437733305458
20030520,7.72022872705
20030521,0.273962703257
20030522,0.201278635547
20030523,0.00469711272013
20030524,0.975575665274
20030525,1.68491465551
20030526,0.0591947788081
20030527,0.189845040308
20030528,8.78021455858
20030529,0.815495066728
20030530,3.85612335287
20030531,2.19583908122
20030601,1.87025315116
20030602,4.79504583929
20030603,9.70318558126
20030604,0.383855622561
20030605,0.0294780552719
20030606,9.30008390115
20030607,2.55621269795
20030608,3.32138322256
20030609,0.823504649872
20030610,0.537705872156
20030611,2.34929241294
20030612,3.32837529004
20030613,2.10903076374
20030614,0.872260293555
20030615,0.186634519626
20030616,0.0041831139638
20030617,0.235373412301
20030618,0.0944657681967
20030619,2.22356807861
20030620,0.0527671431579
20030621,2.69584428494
20030622,4.94129390657
20030623,0.144005589321
20030624,0.304239794816
20030625,0.119807588611
20030626,0.0481840533339
20030627,7.65056703878
20030628,1.76259174101
20030629,0.0474240706502
20030630,8.75680615854
20030701,2.0064173828
20030702,0.0580015939161
20030703,2.38575440438
20030704,0.161683037327
20030705,0.242430840661
20030706,0.00817308931178
20030707,6.93846890493e-05
20030708,0.0
20030709,1.77595021791
20030710,0.18686913895
20030711,1.5235630817
20030712,0.370198225839
20030713,0.0330699258328
20030714,0.00867600746266
20030715,0.461815916368
20030716,1.10345905749
20030717,0.494363117981
20030718,24.6156083328
20030719,1.34314086759
20030720,0.659794248119
20030721,5.53853939881
20030722,2.1754553614
20030723,0.879950193419
20030724,0.0438402478203
20030725,0.273454284804
20030726,0.0121237056817
20030727,0.62541244295
20030728,0.6446228211
20030729,0.0703622396312
20030730,0.0592414483231
20030731,0.52204893214
20030801,0.0824756938825
20030802,1.7719861595
20030803,0.313900611726
20030804,2.12051555084
20030805,3.02430539147
20030806,0.14535566369
20030807,1.24700012331
20030808,2.37018094888
20030809,0.0682131597583
20030810,0.00680960926631
20030811,0.000473095264676
20030812,1.50039424508
20030813,4.87649542736
20030814,0.749516425627
20030815,0.84932928675
20030816,0.581528615536
20030817,1.27330678158
20030818,0.415336603315
20030819,1.04101103115
20030820,3.28001802037
20030821,2.09452618271
20030822,0.222916224316
20030823,0.00330395029768
20030824,5.69515227445
20030825,0.234771579557
20030826,0.00261575249506
20030827,0.121802792014
20030828,2.16091103761
20030829,0.986289679643
20030830,0.0796358998956
20030831,4.68060782477
20030901,2.99938935926
20030902,2.54068828254
20030903,4.57434585545
20030904,5.93666619788
20030905,1.2025772827
20030906,4.18693716303
20030907,4.71873671575
20030908,0.865560422456
20030909,0.451977613412
20030910,0.274818851418
20030911,1.52307101464
20030912,0.823354211632
20030913,0.173236075413
20030914,2.11632619456
20030915,0.970210370031
20030916,3.7027474723
20030917,1.25319656854
20030918,1.31727221332
20030919,1.05212658576
20030920,0.64609265344
20030921,3.61718882996
20030922,0.250597160226
20030923,2.37505321193
20030924,0.159283512578
20030925,2.84450852746
20030926,1.96618952683
20030927,0.118738011633
20030928,0.00654885760823
20030929,0.600777616331
20030930,0.0659581116643
20031001,0.396061689312
20031002,0.00698028016526
20031003,0.508965280983
20031004,7.13032311455
20031005,8.72520605926
20031006,0.720755530505
20031007,0.0908076532344
20031008,2.14359272991
20031009,0.363842745391
20031010,0.00750902839109
20031011,0.224930735528
20031012,0.0245529354439
20031013,1.00200178942
20031014,0.121192571403
20031015,0.874672883971
20031016,4.74253713212
20031017,6.29193788618
20031018,1.23358215779
20031019,0.458723599718
20031020,0.842294500252
20031021,0.223252557116
20031022,0.00427188479364
20031023,1.09988777821
20031024,0.445210570564
20031025,0.0153796932174
20031026,0.0339872331076
20031027,0.116439961727
20031028,0.111215891497
20031029,0.564577649284
20031030,0.0282363505406
20031031,0.00490469706974
20031101,0.261622307124
20031102,1.34650292385
20031103,0.213430701458
20031104,1.03567198871
20031105,0.668733739589
20031106,1.56886782538
20031107,1.07965170854
20031108,1.32108819415
20031109,0.699616300153
20031110,1.04281226836
20031111,0.0494061880986
20031112,0.103564161002
20031113,0.219775443238
20031114,1.21643585385
20031115,0.514115463037
20031116,0.086876696226
20031117,0.383326472752
20031118,0.480235979296
20031119,1.45836729353
20031120,0.823260505134
20031121,0.014720089129
20031122,0.161868486751
20031123,0.00313781854197
20031124,4.91426405953e-06
20031125,0.0101344013683
20031126,0.217574808855
20031127,0.00973346337608
20031128,0.115485603391
20031129,0.0151944359313
20031130,0.0291492123283
20031201,0.370474768443
20031202,0.00731999064963
20031203,2.31738693969
20031204,1.47023783983
20031205,0.0291137783018
20031206,0.395857613328
20031207,0.268875060285
20031208,0.101746881822
20031209,0.00171590082364
20031210,0.0
20031211,0.0
20031212,0.0
20031213,0.263716399145
20031214,2.62051974511
20031215,0.197178631096
20031216,0.0206587797958
20031217,0.00585209153999
20031218,9.98046903994e-05
20031219,0.000896329349958
20031220,0.0826727533819
20031221,0.144285301366
20031222,0.00252340881548
20031223,0.00111753121467
20031224,1.97443685884e-05
20031225,0.00360345802863
20031226,6.36653327426e-05
20031227,0.0
20031228,0.0
20031229,0.0
20031230,0.0
20031231,0.00254692551741
20040101,4.49986686517e-05
20040102,0.0
20040103,0.0
20040104,0.0
20040105,0.0
20040106,0.0
20040107,0.0
20040108,0.0
20040109,0.0138732564407
20040110,0.01294071305
20040111,0.000224303932914
20040112,0.0
20040113,0.0
20040114,0.0
20040115,1.04158562639
20040116,0.0293726694099
20040117,0.374284969802
20040118,0.00660938416021
20040119,0.0174206379109
20040120,0.0124467629594
20040121,0.0780282348703
20040122,1.39331635589
20040123,0.0351790969327
20040124,0.00864039842837
20040125,0.00185839918037
20040126,0.000407122716799
20040127,0.0521564896443
20040128,0.000921375064212
20040129,0.335601370516
20040130,0.339988931162
20040131,0.00590211275383
20040201,0.000173133826374
20040202,0.222400550981
20040203,2.82338407367
20040204,0.201286227177
20040205,0.00267619332176
20040206,0.00111645101102
20040207,1.97252861669e-05
20040208,0.0
20040209,0.47187246971
20040210,0.0353278464345
20040211,0.000476870643612
20040212,0.0
20040213,0.00304468224648
20040214,5.37929768166e-05
20040215,7.85920715332
20040216,3.10937684294
20040217,0.057356202124
20040218,0.0661127735335
20040219,0.0205586316633
20040220,0.464206722344
20040221,1.90820535164
20040222,0.852545450544
20040223,0.0962191323172
20040224,0.138344700229
20040225,0.311354817131
20040226,0.709278282245
20040227,0.25655879379
20040228,2.88721880638
20040229,2.02102348423
20040301,0.90644996405
20040302,1.23960874275
20040303,2.6768513428
20040304,0.443029953576
20040305,0.0708018312115
20040306,0.0011272665283
20040307,0.0
20040308,0.0
20040309,0.0
20040310,0.0
20040311,0.0
20040312,0.254575896316
20040313,1.7034110904
20040314,1.22686025684
20040315,0.0274107508856
20040316,1.24850006874
20040317,1.40629018287
20040318,1.08013431662
20040319,0.0186518472782
20040320,3.2631799124e-05
20040321,0.0683100118228
20040322,1.64070273418
20040323,2.86809875244
20040324,0.0816803234266
20040325,0.555714374874
20040326,0.084183889275
20040327,2.7071994021
20040328,0.181131008133
20040329,1.53446426352
20040330,1.47380848732
20040331,0.248945311256
20040401,2.24366801431
20040402,0.379130971362
20040403,0.949743369713
20040404,0.0168161498666
20040405,0.0215045587468
20040406,0.0621016431604
20040407,0.0125765209736
20040408,4.35322928683
20040409,0.161449799922
20040410,0.671604622255
20040411,0.158206211655
20040412,0.0501074839546
20040413,0.0482915989288
20040414,1.99475032199
20040415,2.3224957377
20040416,0.537317363693
20040417,2.15652240985
20040418,7.38645895866
20040419,0.241274941148
20040420,0.0656974675035
20040421,0.137141590716
20040422,0.436114429109
20040423,3.77804783877
20040424,2.13791556156
20040425,0.144467695277
20040426,0.0128143532293
20040427,0.858765455887
20040428,1.30819017184
20040429,0.25258803737
20040430,3.12894387091
20040501,0.0991034183025
20040502,0.000775502408876
20040503,0.334460906258
20040504,0.017878785029
20040505,0.0851084572982
20040506,3.15327397962
20040507,3.27031473422
20040508,0.0757750772823
20040509,0.0018871445804
20040510,0.00193879478075
20040511,0.268618459414
20040512,1.43269685016
20040513,0.35571058547
20040514,6.02542581338
20040515,5.10709741012
20040516,0.262600459646
20040517,0.0240872443087
20040518,0.167693337357
20040519,1.89335311893
20040520,1.39345969613
20040521,2.60844515838
20040522,0.125541134779
20040523,0.320236254659
20040524,0.0521301590767
20040525,5.11502463236
20040526,0.229111244184
20040527,3.91738902889
20040528,0.563208071886
20040529,0.00898966441638
20040530,0.537242484635
20040531,0.0165937357342
20040601,0.116775370627
20040602,6.07557994516
20040603,0.108519023635
20040604,2.14318542017e-05
20040605,0.0071377391836
20040606,0.0158212697957
20040607,0.000419260954121
20040608,1.01966034423
20040609,0.281871148773
20040610,0.813689703501
20040611,6.57335752317
20040612,0.129518732813
20040613,0.725987740398
20040614,0.0282142304594
20040615,0.0147538640592
20040616,1.76834803528
20040617,0.431716826095
20040618,0.183595309101
20040619,0.0455139462077
20040620,0.000749032200774
20040621,0.144302965767
20040622,0.0179629140263
20040623,0.00885749845476
20040624,0.000151933862216
20040625,0.212843806911
20040626,0.0577353797507
20040627,0.0022163193706
20040628,0.186028402238
20040629,0.493642200792
20040630,0.716469628162
20040701,0.487611844965
20040702,6.90862878592
20040703,0.252308118964
20040704,0.147089503205
20040705,0.0330761270483
20040706,0.532547469494
20040707,0.272275182464
20040708,0.61486064204
20040709,0.0109046502414
20040710,0.455140286575
20040711,12.9171421973
20040712,0.32867031277
20040713,0.00218393134096
20040714,0.0187014200364
20040715,0.690320474416
20040716,0.012211811642
20040717,3.74066968005e-07
20040718,2.33613804909
20040719,0.29715503686
20040720,0.42606807665
20040721,2.18230677204
20040722,0.115642687539
20040723,0.0016653329037
20040724,5.31915174457e-06
20040725,0.0
20040726,0.22319437878
20040727,0.0245272412004
20040728,0.281239952542
20040729,2.44151950224
20040730,3.01636081761
20040731,0.305580084897
20040801,0.735657954021
20040802,0.018238305935
20040803,0.975427739476
20040804,0.0556263653006
20040805,6.71632808619
20040806,0.250114750855
20040807,0.372078269286
20040808,0.535381522844
20040809,0.114143951831
20040810,0.917944092956
20040811,3.09532430233
20040812,3.0936797489
20040813,0.330784675913
20040814,0.330623144137
20040815,5.8175501393
20040816,0.176042741618
20040817,0.282326298548
20040818,1.88126190684
20040819,0.156520606357
20040820,2.54195929019
20040821,0.0554914462418
20040822,1.26569203973
20040823,1.4942085329
20040824,4.39879894918
20040825,2.99441235034
20040826,0.538549076657
20040827,8.49595344138
20040828,1.17390719146
20040829,0.593937533077
20040830,13.1245180589
20040831,0.236320370469
20040901,0.368532637897
20040902,0.237576425142
20040903,1.66370335986
20040904,0.721125326419
20040905,5.38146782388
20040906,4.79828233127
20040907,0.083642184625
20040908,0.368484098622
20040909,0.0836496791002
20040910,3.25471804882
20040911,0.342564637758
20040912,0.0378361190288
20040913,2.39597137252
20040914,1.06596226983
20040915,7.9683186695
20040916,4.33415424895
20040917,0.124769856277
20040918,8.43188509285
20040919,0.225055268182
20040920,13.275771744
20040921,2.23225910909
20040922,1.68132123378
20040923,0.185534695062
20040924,0.713149764253
20040925,5.79971306502
20040926,0.409386483475
20040927,0.891225626963
20040928,0.184360378942
20040929,0.0484543647352
20040930,0.683255222917
20041001,9.27154755149
20041002,1.66125594939
20041003,0.256705863889
20041004,1.61576135066
20041005,0.697948135019
20041006,0.929929156533
20041007,0.488645286734
20041008,0.0337927430373
20041009,0.0206855414771
20041010,2.59957639565
20041011,3.24489319463
20041012,0.589610753094
20041013,0.0102843304587
20041014,0.187137819351
20041015,0.501290593041
20041016,0.465852071697
20041017,0.234127955106
20041018,0.18788371607
20041019,1.41627319792
20041020,0.0301601040441
20041021,0.0484513064161
20041022,1.09674319224
20041023,0.0404462804985
20041024,0.0433724477616
20041025,0.0419313520072
20041026,0.162153924282
20041027,0.82988894815
20041028,0.0765630807551
20041029,0.358185136116
20041030,1.54574085724
20041031,0.02813865879
20041101,0.366190931163
20041102,0.251213735207
20041103,0.915891547774
20041104,1.03560613962
20041105,0.341703801483
20041106,0.0890633926555
20041107,0.186812998433
20041108,0.0241489540125
20041109,0.00186407088211
20041110,0.00895334006459
20041111,0.000337723266155
20041112,3.18027907991e-06
20041113,1.2625204109e-05
20041114,0.00829228009919
20041115,1.97739245087
20041116,0.55990878624
20041117,0.0128561265519
20041118,0.882924918085
20041119,0.243715091118
20041120,0.0345504016325
20041121,5.45768754968
20041122,0.0989889909887
20041123,0.000655746673606
20041124,0.00631631970962
20041125,2.56050351338
20041126,0.0563761619599
20041127,0.251831567828
20041128,0.172405667993
20041129,0.00298587824941
20041130,3.24916930992e-07
20041201,0.0
20041202,0.017768532182
20041203,0.000854590759751
20041204,0.0120959271973
20041205,0.0243910042619
20041206,0.000427163665943
20041207,0.0884872121024
20041208,0.0144563340645
20041209,1.59645554975
20041210,0.815761607667
20041211,0.863650729332
20041212,0.0231012694584
20041213,2.57527497909
20041214,0.169656879881
20041215,0.0140772407075
20041216,0.276297812162
20041217,0.673931193254
20041218,0.0561149898214
20041219,0.353574849479
20041220,0.00623307881396
20041221,7.65263346115e-06
20041222,1.35205491014e-07
20041223,0.204182880822
20041224,0.00657082837429
20041225,0.41461469607
20041226,1.49098475499
20041227,0.314524981667
20041228,0.0104981082701
20041229,0.0769967869627
20041230,0.00138600963121
20041231,7.94786817184e-06
20050101,0.122160370682
20050102,0.0722561403852
20050103,0.00123847762998
20050104,0.0
20050105,0.0
20050106,0.0
20050107,0.0
20050108,0.0
20050109,0.0
20050110,0.0
20050111,0.0
20050112,0.109162710152
20050113,0.00192866975905
20050114,0.0
20050115,0.0
20050116,0.0
20050117,0.0
20050118,0.0
20050119,0.0
20050120,0.0
20050121,0.0
20050122,0.151643219266
20050123,0.00267920875357
20050124,0.0
20050125,0.545073796901
20050126,0.00963027879002
20050127,0.0483005133224
20050128,3.12372918042
20050129,3.31714979081
20050130,0.324030521974
20050131,0.185544228828
20050201,0.00339861802719
20050202,3.597324937e-06
20050203,0.0
20050204,0.00120870736114
20050205,0.191582056233
20050206,0.0124992931656
20050207,0.0440736195472
20050208,0.175398708791
20050209,0.00308520965579
20050210,0.135240478551
20050211,0.137247285218
20050212,0.00238264792548
20050213,0.000230101428196
20050214,1.166512921
20050215,0.237858752516
20050216,0.00383832244135
20050217,0.0
20050218,0.0
20050219,0.815299850248
20050220,0.63233809491
20050221,8.92444166608
20050222,0.170439904859
20050223,0.0152509542062
20050224,0.000265406882146
20050225,3.31712861531
20050226,0.441079459025
20050227,0.188079381479
20050228,0.503050400278
20050301,0.184188391424
20050302,0.38758682506
20050303,1.00262064067
20050304,0.449002801693
20050305,0.00783658763401
20050306,0.0314080025075
20050307,0.10674060056
20050308,0.405834630017
20050309,1.77301933945
20050310,0.95036227467
20050311,0.0517585917072
20050312,0.101457286166
20050313,0.220912802687
20050314,1.48230107467
20050315,0.107378821366
20050316,0.00143565642564
20050317,1.79506637124
20050318,0.0676865301281
20050319,0.349748008001
20050320,3.80117550985
20050321,0.128373408254
20050322,0.0103600941929
20050323,0.0651598921782
20050324,2.45396895945
20050325,0.449152473283
20050326,0.356408808504
20050327,0.0717482226784
20050328,0.189254363946
20050329,0.108220941688
20050330,0.278999617721
20050331,0.915480669437
20050401,0.38196598035
20050402,1.09257786837
20050403,0.0467519428659
20050404,1.13471388251
20050405,6.43398125727
20050406,0.130350152404
20050407,0.146591634776
20050408,0.205138927925
20050409,0.0180630442964
20050410,0.739240979439
20050411,6.68142924174
20050412,0.138694868166
20050413,0.000368888670108
20050414,0.0909994647605
20050415,8.38702818514
20050416,2.73878836196
20050417,1.14063936796
20050418,0.0903353863706
20050419,0.566264304013
20050420,0.403233332883
20050421,0.0810949249867
20050422,0.390213460608
20050423,0.121656703707
20050424,7.89562920019
20050425,0.207658394617
20050426,0.00137719249986
20050427,0.0881655782446
20050428,0.0670273396532
20050429,1.57118793766
20050430,2.86552103352
20050501,0.0556052804122
20050502,0.128010015975
20050503,0.00903352217982
20050504,0.00191398052337
20050505,0.00103027920942
20050506,6.00537482962
20050507,4.94357924466
20050508,0.160782401314
20050509,1.23807658662
20050510,2.06401387176
20050511,5.32580408383
20050512,0.124713715757
20050513,1.60199213843
20050514,0.0384400800054
20050515,0.00269361187602
20050516,0.760064025214
20050517,0.422977552009
20050518,2.42287796597
20050519,0.0707395433958
20050520,0.0222639180132
20050521,0.000499812860598
20050522,0.145091656229
20050523,0.0782693085243
20050524,0.00141413879438
20050525,0.00219257268173
20050526,0.155190398377
20050527,4.35215924799
20050528,0.683218792706
20050529,1.00247789025
20050530,0.079084817904
20050531,0.210381771632
20050601,10.2850772522
20050602,0.244539324157
20050603,2.24795022774
20050604,1.98317163009
20050605,3.730012288
20050606,0.752525455202
20050607,0.0174300394605
20050608,0.0942722747011
20050609,1.50859552439
20050610,0.280421828007
20050611,0.00477634434632
20050612,0.492806851521
20050613,0.740482784247
20050614,3.48967193535
20050615,0.123542738115
20050616,16.7667944979
20050617,0.320695497486
20050618,0.00679332016016
20050619,0.016280115036
20050620,0.0951695301146
20050621,0.0208739305902
20050622,0.12730253408
20050623,0.00232700967751
20050624,2.61962322021
20050625,0.510994120551
20050626,14.9806331726
20050627,0.277400808938
20050628,0.0298024119762
20050629,0.000522526821597
20050630,0.0
20050701,1.26917994309
20050702,0.0267670458861
20050703,0.387732237676
20050704,0.0655727473335
20050705,0.678751765804
20050706,0.134347060855
20050707,0.0464706331134
20050708,0.00277066911296
20050709,3.15792246489
20050710,6.76463417963
20050711,0.165544577042
20050712,0.104838290866
20050713,1.18978986211
20050714,0.215087391441
20050715,1.46480863723
20050716,0.0258194218626
20050717,0.0244979124558
20050718,10.7357284399
20050719,2.00803002843
20050720,0.043170986317
20050721,0.0146608257509
20050722,2.46309647075
20050723,0.107758527092
20050724,0.0687471208376
20050725,0.0188329257329
20050726,1.66169468762
20050727,0.0294562098382
20050728,1.82244345424e-06
20050729,10.4008921949
20050730,1.46078925743
20050731,0.0453203180701
20050801,0.0641064286651
20050802,4.45464150245
20050803,2.77285342935
20050804,0.0534503362657
20050805,0.066681128553
20050806,0.0519574987185
20050807,0.0559275162514
20050808,0.0025253578591
20050809,0.0713135137954
20050810,0.00125947131763
20050811,0.00275769108926
20050812,0.143253812379
20050813,2.59372691111
20050814,7.7589059794
20050815,0.686135101993
20050816,0.0683275318259
20050817,1.70997963725
20050818,6.3047363153
20050819,0.863891914243
20050820,0.0208788822411
20050821,0.397190318986
20050822,2.41187306363
20050823,0.0553738709754
20050824,0.895038297244
20050825,1.44471286118
20050826,0.0361276801149
20050827,1.88905756216
20050828,0.301423451735
20050829,0.412247915506
20050830,6.37951610407
20050831,0.303756450926
20050901,0.0109024406816
20050902,0.229577827274
20050903,3.46704607296
20050904,0.623796318068
20050905,0.00994015353376
20050906,12.8399458775
20050907,2.77182700888
20050908,0.0488432484137
20050909,0.241754919558
20050910,0.00821946242598
20050911,0.775938125875
20050912,0.167566479525
20050913,1.29292334498
20050914,0.14219183081
20050915,0.103722218372
20050916,0.119349836693
20050917,0.00216722707112
20050918,0.0105624326228
20050919,0.000186587201323
20050920,0.975965833676
20050921,0.644805777441
20050922,1.70132307595
20050923,0.634556848469
20050924,8.8600312861
20050925,0.829253747843
20050926,6.31154518221
20050927,1.52291156363
20050928,1.54024659776
20050929,1.45797482386
20050930,3.78283939344
20051001,0.0736878539448
20051002,0.792692719668
20051003,0.0980715286615
20051004,10.4009659233
20051005,2.03969196241
20051006,1.36627588299
20051007,0.770835559074
20051008,10.2791455408
20051009,0.608516123334
20051010,0.14141554046
20051011,3.86923487037
20051012,0.774806952683
20051013,0.111102991644
20051014,0.953290655676
20051015,0.58063805546
20051016,0.0121392910433
20051017,0.175335593183
20051018,0.0287643886238
20051019,0.0147389323116
20051020,0.121849950558
20051021,2.94771500925
20051022,0.315796455207
20051023,1.13088734637
20051024,0.293703839015
20051025,0.00488812853147
20051026,8.93459419704e-07
20051027,0.00307023151679
20051028,0.391227056958
20051029,0.186566324073
20051030,0.591113080227
20051031,0.173274772795
20051101,0.138920993601
20051102,0.8092581666
20051103,1.35864997623
20051104,0.0978036100717
20051105,1.52093776213
20051106,0.965477987598
20051107,0.34428323225
20051108,0.00579902637172
20051109,0.0232385963484
20051110,0.0482060725614
20051111,0.0414080613225
20051112,0.205571879472
20051113,0.545284716386
20051114,0.172965906335
20051115,0.0374090803553
20051116,0.128087021521
20051117,0.120472495318
20051118,0.151892362812
20051119,0.0038214896508
20051120,0.0085970243744
20051121,0.950675784215
20051122,9.72263363183
20051123,0.17425454873
20051124,1.33097697616
20051125,0.0606057064939
20051126,0.48947461947
20051127,0.142111855687
20051128,1.90098669853
20051129,0.483906416803
20051130,0.109969255944
20051201,0.580604144212
20051202,0.732173146073
20051203,5.47625810805
20051204,0.68846318543
20051205,3.23987261731
20051206,0.338047140231
20051207,1.0289542034
20051208,0.368366013039
20051209,4.62418837951
20051210,0.174357602905
20051211,4.05594269287
20051212,0.0843384229703
20051213,2.30469600445
20051214,0.0752793321043
20051215,0.0127360452987
20051216,0.000214229111572
20051217,0.0
20051218,0.0
20051219,0.0
20051220,0.0
20051221,3.74005589344e-05
20051222,0.125842915203
20051223,0.486639518968
20051224,0.21822059927
20051225,0.534158249272
20051226,0.00951354775563
20051227,0.00046529817733
20051228,0.000418779777975
20051229,7.25447471222e-06
20051230,0.000282759287941
20051231,0.057960942561
20060101,0.00127736622625
20060102,4.47720245911e-06
20060103,0.0707426766345
20060104,0.233682136972
20060105,0.715149182258
20060106,0.0578477616754
20060107,0.00369127726188
20060108,2.90011185111
20060109,0.16805586114
20060110,0.00206392322481
20060111,0.0929718706984
20060112,0.115009256933
20060113,0.00454772695336
20060114,0.0163232881389
20060115,0.0558795543429
20060116,0.000982862478468
20060117,1.72838464505
20060118,0.0305368291364
20060119,0.784463989109
20060120,0.16982197959
20060121,0.00582466004564
20060122,0.11124803127
20060123,0.00196455486836
20060124,0.0
20060125,0.0
20060126,0.000825897130186
20060127,1.45918204338e-05
20060128,0.277495327378
20060129,1.00124745113
20060130,0.123138999085
20060131,0.0222542001813
20060201,0.00249170258235
20060202,4.81739946484e-05
20060203,0.00167129702039
20060204,0.278399055514
20060205,0.0194254717041
20060206,0.000256312395244
20060207,0.144378959467
20060208,0.0233483898008
20060209,0.000367447430464
20060210,0.485673648655
20060211,0.21905924708
20060212,0.513148541238
20060213,3.96309601642
20060214,1.65951772147
20060215,0.693401805137
20060216,0.0607141964065
20060217,0.261294476052
20060218,1.01996895756
20060219,1.82901818647
20060220,0.221889673155
20060221,0.00335497938862
20060222,0.00120597910701
20060223,1.50470017773
20060224,0.0284694681202
20060225,0.000857114724215
20060226,1.45549596322e-05
20060227,0.0123676118689
20060228,0.000218509060553
20060301,4.56345871444
20060302,2.49026739476
20060303,0.0534276196057
20060304,0.142985030998
20060305,0.0295771301171
20060306,0.000477990825226
20060307,0.872752597553
20060308,0.0187506578591
20060309,0.532585703666
20060310,0.259012126274
20060311,13.2390634249
20060312,0.284192377994
20060313,2.51028585381
20060314,0.857431164233
20060315,3.91412588732
20060316,1.3836009937
20060317,0.488624242219
20060318,1.52111043881
20060319,2.25979554741
20060320,0.742421430167
20060321,1.00908629569
20060322,0.0203691831877
20060323,1.4207822601
20060324,2.02714856196
20060325,2.22513356346
20060326,1.31558954627
20060327,0.268687867633
20060328,0.229279630205
20060329,0.750002079555
20060330,0.232974898346
20060331,1.02208471481
20060401,0.0265336126462
20060402,0.614413025026
20060403,0.036302524893
20060404,1.06836487119
20060405,0.237105790288
20060406,4.18371269158
20060407,1.77482925179
20060408,0.916926541641
20060409,0.319200489685
20060410,2.49586313937
20060411,0.0672610403633
20060412,0.0301903006932
20060413,0.183425164685
20060414,0.648867837233
20060415,3.72380128005
20060416,0.563405439324
20060417,1.64023925796
20060418,5.08673216015
20060419,0.785472772878
20060420,2.046086453
20060421,0.108233118634
20060422,1.05005257633
20060423,0.239566124923
20060424,0.669205314843
20060425,2.94674329137
20060426,0.437357772894
20060427,1.54444388628
20060428,1.28043124536
20060429,3.76018512558
20060430,0.333908306631
20060501,0.199343289894
20060502,0.217085312207
20060503,1.12031839085
20060504,0.0787375359603
20060505,0.197286972427
20060506,0.715328532131
20060507,0.205146527354
20060508,0.972114490483
20060509,3.31442052674
20060510,1.05933629992
20060511,0.334591745125
20060512,3.07187009241
20060513,0.388540567516
20060514,0.304690781698
20060515,0.26816857238
20060516,0.416438418941
20060517,1.89051102564
20060518,0.0733000981805
20060519,0.137280263219
20060520,0.872065881134
20060521,7.66933346316
20060522,1.33111443989
20060523,0.142763177845
20060524,1.15962606591
20060525,0.287849991197
20060526,3.592092066
20060527,0.846733274201
20060528,0.188091770436
20060529,0.612783166016
20060530,0.03118829045
20060531,0.000361342080139
20060601,0.944569974069
20060602,1.06771945312
20060603,1.84971612954
20060604,1.50106454702
20060605,0.0309054581686
20060606,0.412375221698
20060607,0.719253890282
20060608,0.689825303929
20060609,3.86619889626
20060610,0.273943016473
20060611,0.130155488911
20060612,0.356375946706
20060613,1.21400673913
20060614,0.0609404079847
20060615,2.19280756626
20060616,6.77241055566
20060617,13.7002519374
20060618,1.00477355368
20060619,4.44170893632
20060620,0.408711153376
20060621,0.312869615814
20060622,8.8972907261
20060623,0.914623160581
20060624,2.93752942587
20060625,0.328769301064
20060626,0.247018571503
20060627,0.104119930762
20060628,0.00441141790519
20060629,0.000215642367447
20060630,1.00846709141
20060701,1.99552319047
20060702,1.48840679056
20060703,0.699351341177
20060704,0.194500563594
20060705,2.78683626514
20060706,5.24693768759
20060707,0.0918350351449
20060708,2.5325921227
20060709,0.387747447892
20060710,0.0155630340076
20060711,0.0271513175553
20060712,0.0319495986315
20060713,0.00549021104596
20060714,0.00161669562894
20060715,1.27359052016
20060716,3.53352825991
20060717,0.130318478841
20060718,0.168386833363
20060719,1.01533729661
20060720,0.0416513635863
20060721,0.30180576739
20060722,1.0207695134
20060723,0.0263991203021
20060724,0.00849521673869
20060725,0.0404739979861
20060726,0.186937463771
20060727,0.0034090392966
20060728,3.98606188564e-06
20060729,4.20190538847
20060730,0.639377661792
20060731,0.578771338013
20060801,5.11211070598
20060802,4.94913410548
20060803,0.20134444739
20060804,5.50428012961
20060805,0.335639823603
20060806,1.0816817859
20060807,2.47759041988
20060808,0.191299942364
20060809,1.18527673852
20060810,0.369456167387
20060811,0.0872671810307
20060812,5.71719456179
20060813,0.285261212313
20060814,0.0491166342653
20060815,0.266310902303
20060816,0.397374865072
20060817,2.0726894285
20060818,0.155046613569
20060819,0.0538688084609
20060820,0.354647285012
20060821,0.0737635618995
20060822,0.00208814500246
20060823,2.06207590579
20060824,2.8688725608
20060825,0.0656691594282
20060826,0.000948129977628
20060827,0.074858249991
20060828,1.1863054498
20060829,0.0218007638009
20060830,0.0630566497932
20060831,4.57023971459
20060901,1.08556918536
20060902,0.694979577443
20060903,1.59082495277
20060904,3.52298934078
20060905,0.605929648306
20060906,0.0898008195939
20060907,1.16087721189
20060908,1.85158435137
20060909,0.819437599354
20060910,0.969538588412
20060911,0.306563323608
20060912,3.37774204773
20060913,5.97973970806
20060914,10.3606232327
20060915,0.585177280004
20060916,4.15540937198
20060917,6.32759255962
20060918,0.357370000397
20060919,0.606981911781
20060920,2.03258485507
20060921,0.0360374210614
20060922,1.18674792003
20060923,0.662218864223
20060924,10.5759487047
20060925,1.89101197875
20060926,1.66035997768
20060927,0.978520561679
20060928,0.455831744565
20060929,0.0226643590515
20060930,0.198347676362
20061001,0.0551716549551
20061002,1.470601356
20061003,4.26943182056
20061004,0.399847655812
20061005,0.251607761465
20061006,0.0957934802282
20061007,0.412946956765
20061008,0.473799169381
20061009,0.093046314622
20061010,0.0281331654042
20061011,1.38545923939
20061012,3.45534229568
20061013,0.614293282087
20061014,0.90552458589
20061015,0.423346536832
20061016,0.0426989794489
20061017,0.00480714909679
20061018,0.00722519120852
20061019,0.378624466148
20061020,3.00222822598
20061021,0.192146633678
20061022,0.00653099489044
20061023,0.215944801788
20061024,3.09715450419
20061025,0.0546526574307
20061026,0.776082925749
20061027,0.0233570424232
20061028,0.155485988367
20061029,1.15462398022
20061030,1.88132588068
20061031,0.280874215299
20061101,0.533506942294
20061102,2.17666156343
20061103,1.37819098705
20061104,2.5436918047
20061105,0.511241941438
20061106,0.237860130869
20061107,0.00422614756667
20061108,0.0228020591264
20061109,0.00859315191538
20061110,0.0409429312251
20061111,0.00926828885414
20061112,0.000151015406247
20061113,0.00849654596327
20061114,1.03292037307
20061115,0.0225332171876
20061116,0.048967035633
20061117,0.0411277948595
20061118,0.000711377897208
20061119,3.05785976406e-07
20061120,1.30863473109e-05
20061121,0.000781947967391
20061122,0.0384604078976
20061123,0.000679268487342
20061124,8.18701286094e-06
20061125,0.101848968266
20061126,0.0902380404258
20061127,0.0952523214221
20061128,0.0021445805603
20061129,8.64458824523e-06
20061130,0.18980698996
20061201,0.0222195914651
20061202,0.105519294861
20061203,0.0915882415221
20061204,0.0900841664001
20061205,0.0038133016406
20061206,3.97476542954e-05
20061207,0.0
20061208,0.0
20061209,0.0188407448882
20061210,0.0378913389862
20061211,0.000663577096412
20061212,0.0
20061213,0.0
20061214,8.58907254045e-07
20061215,0.0281358655813
20061216,0.00109809899912
20061217,0.0302486270397
20061218,0.000534240444897
20061219,0.0
20061220,0.0
20061221,0.0106558434697
20061222,2.96757977944
20061223,0.332612378003
20061224,0.505904920525
20061225,0.245456486322
20061226,0.00418031285588
20061227,0.0
20061228,0.0
20061229,0.0
20061230,0.0574895305613
20061231,0.210481050514
20070101,0.0659936218736
20070102,0.130442970484
20070103,0.0186988474783
20070104,0.25309403024
20070105,0.0044665023732
20070106,0.0
20070107,0.0
20070108,0.0
20070109,0.0
20070110,0.0
20070111,0.0
20070112,0.0
20070113,0.0
20070114,0.0
20070115,0.0
20070116,0.0
20070117,0.0
20070118,0.0
20070119,0.0
20070120,0.0
20070121,0.0
20070122,0.0
20070123,0.0
20070124,0.0
20070125,0.0
20070126,0.0
20070127,0.0
20070128,2.88152033362e-05
20070129,0.03822933589
20070130,0.0874740959861
20070131,0.320851408245
20070201,0.244815406019
20070202,3.99659596389
20070203,0.102529781359
20070204,0.0287750569012
20070205,0.071606814889
20070206,0.0415543732783
20070207,1.42176972802
20070208,0.448680870964
20070209,0.909373884489
20070210,3.72478020964
20070211,0.0695849694808
20070212,0.0263062858053
20070213,0.223299046172
20070214,0.0039370233369
20070215,5.66981995957e-05
20070216,1.00173519547e-06
20070217,0.00308880533937
20070218,0.0086328858508
20070219,5.19882481564
20070220,0.0918493479919
20070221,0.0116121203192
20070222,0.00129981695309
20070223,0.200766035326
20070224,0.0857413609542
20070225,0.0999364180103
20070226,0.00174000375062
20070227,0.190255982272
20070228,0.390153362512
20070301,0.00683378026697
20070302,0.0719482513917
20070303,0.0013716668574
20070304,1.77555167907e-06
20070305,0.0
20070306,0.0
20070307,0.0
20070308,0.985594999073
20070309,0.17612059958
20070310,0.0607994582455
20070311,0.123439501277
20070312,0.00226527522255
20070313,1.93046274855e-06
20070314,0.00015211781414
20070315,0.0405879003807
20070316,0.817116655202
20070317,4.01373694653
20070318,0.0821267758005
20070319,4.58819963349
20070320,0.114593521467
20070321,0.604972059099
20070322,2.15017169226
20070323,0.038800185776
20070324,0.596825479329
20070325,0.284070697045
20070326,1.28584691975
20070327,1.28972107032
20070328,0.614307230008
20070329,0.260048911416
20070330,0.273492798676
20070331,5.65714306408
20070401,0.270054451572
20070402,0.164346050575
20070403,1.71246949844
20070404,0.0302052842568
20070405,0.507536992493
20070406,0.00980561358807
20070407,0.982848981914
20070408,0.105850192812
20070409,0.322325889568
20070410,1.56206664861
20070411,0.098579540991
20070412,0.965520912606
20070413,2.37450395725
20070414,3.99295973457
20070415,2.32610792133
20070416,0.623536797526
20070417,0.723202993763
20070418,0.276658717498
20070419,1.67582370775
20070420,0.0305682374637
20070421,0.167971972412
20070422,0.21229127599
20070423,3.29784471006
20070424,0.542531526898
20070425,0.359026423597
20070426,0.00725979722094
20070427,0.390153319731
20070428,0.136723961919
20070429,3.65726792361
20070430,1.68919830604
20070501,0.418032956125
20070502,0.011902904466
20070503,10.3341705388
20070504,0.183163607924
20070505,6.0975350782
20070506,0.814780253435
20070507,2.35189120661
20070508,1.91156162876
20070509,7.81061355679
20070510,0.183991274018
20070511,2.65767366464
20070512,0.0535999287677
20070513,0.0464454017381
20070514,0.0446745229211
20070515,0.711091275645
20070516,1.00951045162
20070517,3.45579915116
20070518,0.089547401915
20070519,0.0979566923396
20070520,2.17740872424
20070521,0.254450186197
20070522,0.431036709541
20070523,0.349825687446
20070524,0.0905892309302
20070525,0.187799083573
20070526,0.14556661663
20070527,3.42665172847
20070528,0.81439946999
20070529,7.36197270584
20070530,0.150540835625
20070531,3.44174531093
20070601,0.11276979401
20070602,0.000918163167267
20070603,14.1888059428
20070604,3.11382716563
20070605,0.973397590834
20070606,0.718664623974
20070607,17.6682865345
20070608,0.330624959946
20070609,4.3713896838
20070610,0.0779027480544
20070611,0.363957843329
20070612,0.954023443099
20070613,0.475150391678
20070614,0.329041377755
20070615,0.0101953630831
20070616,0.000155514570504
20070617,0.0230425453395
20070618,0.82966258237
20070619,0.143457173541
20070620,0.0344234625393
20070621,0.201008874369
20070622,6.79520929636
20070623,0.129340964261
20070624,0.00226215602523
20070625,0.550683125335
20070626,1.21995463954
20070627,0.0222600420815
20070628,0.18321550861
20070629,0.949618226889
20070630,0.284630767725
20070701,0.569196461918
20070702,1.66669776219
20070703,0.857722058153
20070704,0.0755141895084
20070705,0.0772234157498
20070706,0.64476119969
20070707,1.22331426568
20070708,0.76357622712
20070709,0.194618152175
20070710,0.00320681471091
20070711,0.211473321067
20070712,0.232090254416
20070713,0.821544651327
20070714,0.994296735812
20070715,0.0213544800054
20070716,1.29306413965
20070717,0.144399754608
20070718,12.7977263579
20070719,0.60953862615
20070720,0.20966625484
20070721,0.74348132784
20070722,3.50877449876
20070723,3.59860923142
20070724,1.20729665993
20070725,0.047769056945
20070726,1.76222944763
20070727,16.2973580677
20070728,3.28335790029
20070729,0.708858372038
20070730,3.20868746396
20070731,1.00756325259
20070801,0.0213544836136
20070802,0.0124567507153
20070803,0.164216675168
20070804,1.77383895923
20070805,0.0606423722893
20070806,1.36072569268
20070807,0.181626639473
20070808,0.347386697285
20070809,3.34262040367
20070810,4.37344441701
20070811,0.139532130894
20070812,0.552708358264
20070813,0.839542405568
20070814,2.09961158669
20070815,5.46280274196
20070816,0.21463689113
20070817,0.147606086068
20070818,1.32815442305
20070819,0.633976107942
20070820,0.0328259126016
20070821,6.23693724443
20070822,5.53261567473
20070823,0.209152375265
20070824,0.753106426442
20070825,3.6692589532
20070826,0.537953362343
20070827,0.338707119976
20070828,0.148053058656
20070829,2.38217658993
20070830,0.476483108802
20070831,7.27333064285
20070901,3.24354671171
20070902,1.4548304931
20070903,3.96275141523
20070904,0.0834691933301
20070905,0.403711981483
20070906,2.56677360039
20070907,1.9939322051
20070908,1.35118879195
20070909,1.88196724129
20070910,0.328193929992
20070911,2.76887028364
20070912,0.135928111328
20070913,0.312163003381
20070914,0.119876785805
20070915,2.61462782584
20070916,1.00385309078
20070917,1.50289387193
20070918,1.46940959121
20070919,12.7401180494
20070920,2.47524723791
20070921,0.0512466157663
20070922,0.0181885420187
20070923,1.01516822372
20070924,1.08666742042
20070925,2.71266820946
20070926,1.72562547622
20070927,0.168757009871
20070928,1.36480357931
20070929,2.05020061923
20070930,1.10898934248
20071001,0.0462992482738
20071002,0.00747735626315
20071003,0.0128853231805
20071004,0.00669659773178
20071005,0.246584974774
20071006,0.17241754587
20071007,5.21839271135
20071008,2.18896310391
20071009,1.15990577488
20071010,1.94194082077
20071011,0.0903416788911
20071012,0.17599180682
20071013,0.108197551708
20071014,2.39515814415
20071015,0.356139452736
20071016,0.00642797541504
20071017,0.00226372366549
20071018,0.118419389354
20071019,0.00435390191524
20071020,0.0797010325017
20071021,0.197081198448
20071022,0.577193976839
20071023,0.0457269539761
20071024,0.335721725088
20071025,1.06137600445
20071026,0.222646781594
20071027,0.0552503014078
20071028,7.67213771026
20071029,0.299903389449
20071030,1.58040537382
20071031,0.194613365826
20071101,0.017294210475
20071102,0.000253502364195
20071103,2.86435364845
20071104,0.121564064377
20071105,0.660778286827
20071106,0.217027894021
20071107,0.646645001178
20071108,2.32736936349
20071109,4.01501824495
20071110,0.303076619722
20071111,1.70050206422
20071112,0.0367389328835
20071113,0.0993104453441
20071114,0.0776066582447
20071115,0.00585462533413
20071116,1.32251812408
20071117,2.64792836763
20071118,1.03257097097
20071119,0.0361311226135
20071120,0.586635222848
20071121,2.90369017079
20071122,3.29429087941
20071123,1.0219751106
20071124,0.594003356823
20071125,0.625397072972
20071126,0.0121751631362
20071127,0.275735300589
20071128,0.0599782674446
20071129,0.768038715736
20071130,0.032634210067
20071201,0.972488318449
20071202,1.41923148757
20071203,0.262879115829
20071204,0.819114837459
20071205,0.473940099332
20071206,0.112032463988
20071207,0.273863740731
20071208,0.0048061448926
20071209,0.0112162307421
20071210,0.0103888075755
20071211,0.000629320947054
20071212,0.449249940616
20071213,0.00793713756692
20071214,0.16479164431
20071215,0.00291151312043
20071216,0.178081607812
20071217,1.57241190978
20071218,0.0343443723721
20071219,0.908506720822
20071220,0.0196337432726
20071221,0.0264979000433
20071222,0.000467041871099
20071223,0.0779821307217
20071224,0.001377776157
20071225,0.0
20071226,1.35892672841
20071227,0.0602098325597
20071228,0.000639585099964
20071229,0.0
20071230,0.0
20071231,0.0
20080101,0.0
20080102,0.00480451890692
20080103,0.15117709893
20080104,0.00386345722662
20080105,2.10951075346e-05
20080106,0.0
20080107,0.0294308014821
20080108,0.0243399539487
20080109,0.000420847573102
20080110,0.00793084672229
20080111,2.59630215139
20080112,0.0458685888189
20080113,0.0
20080114,0.00069082414716
20080115,1.22053756739e-05
20080116,0.14064681863
20080117,0.0299615734082
20080118,0.000485453120237
20080119,0.0
20080120,30.3349789275
20080121,1.28570960942
20080122,0.013246569065
20080123,0.0
20080124,0.0
20080125,0.0
20080126,0.0
20080127,0.0
20080128,0.0
20080129,0.0
20080130,0.0
20080131,0.0
20080201,0.0
20080202,0.0
20080203,0.0
20080204,0.0
20080205,0.0
20080206,0.0216721372188
20080207,0.0333206451387
20080208,0.123762425564
20080209,4.45799181673
20080210,0.0792416065967
20080211,0.322539102147
20080212,0.00988949232017
20080213,0.132714345937
20080214,0.00513657842536
20080215,5.21948837144e-05
20080216,5.02941225998e-08
20080217,0.0983626022561
20080218,0.00173785497235
20080219,0.0
20080220,1.35216067068e-05
20080221,2.38897690891e-07
20080222,0.000686951922804
20080223,1.21369629407e-05
20080224,0.0
20080225,0.0
20080226,0.604766213782
20080227,8.96227274513
20080228,2.83720612315
20080229,1.70746244672
20080301,2.76189823072
20080302,0.0484700512677
20080303,0.465884474828
20080304,2.12300782861
20080305,15.6606786382
20080306,0.287292217862
20080307,1.77198660934
20080308,0.0333195246072
20080309,3.67708844305
20080310,0.253588244244
20080311,0.704572081481
20080312,1.80360215484
20080313,0.65534071666
20080314,0.163820666966
20080315,0.0272507365179
20080316,0.0016224028379
20080317,3.71832660275
20080318,8.9139771573
20080319,0.399452635107
20080320,2.34243749825
20080321,0.712655371031
20080322,2.58729785472
20080323,1.23652316089
20080324,2.51134401497
20080325,0.753682713991
20080326,3.79302894285
20080327,0.0672374471796
20080328,0.166463258483
20080329,1.92375901237
20080330,1.52480454235
20080331,0.20849667325
20080401,5.84041632869
20080402,0.216720449141
20080403,8.71661880388
20080404,0.154360363121
20080405,7.01351681009e-06
20080406,0.0211931628079
20080407,0.0990105430178
20080408,6.96903411522
20080409,0.13644901584
20080410,1.78491315504
20080411,0.0315316003264
20080412,2.32154446857
20080413,1.35042492445
20080414,3.61503529824
20080415,0.258346948843
20080416,0.00806330732855
20080417,0.135405532409
20080418,1.28757061162
20080419,0.419287163868
20080420,2.37901708495
20080421,0.212777398752
20080422,2.05650040922
20080423,0.090475818483
20080424,2.29829539235
20080425,0.393681908696
20080426,1.45686679281
20080427,0.107291566729
20080428,0.812671157083
20080429,0.124035636798
20080430,1.33861983106
20080501,0.983820116237
20080502,0.658842333999
20080503,1.24972405786
20080504,0.0332777988571
20080505,0.153432600477
20080506,0.572331006984
20080507,5.7314440961
20080508,1.29247077679
20080509,2.04792927624
20080510,0.0390370228418
20080511,0.528266476858
20080512,3.71342835866
20080513,0.15988269325
20080514,0.559359578975
20080515,0.909584703526
20080516,3.88170525362
20080517,9.22464581419
20080518,6.9136404646
20080519,4.7060759107
20080520,6.57552873373
20080521,0.193463900055
20080522,0.667123471896
20080523,0.103440468053
20080524,0.241832611087
20080525,21.5949407324
20080526,3.30976747333
20080527,0.0554938169691
20080528,6.63773291545e-05
20080529,0.0203052033541
20080530,0.406872267149
20080531,0.0102269383368
20080601,0.337228146255
20080602,6.58915193356
20080603,0.18726491462
20080604,6.59135748242
20080605,0.500046310014
20080606,0.205376347968
20080607,14.1016989208
20080608,2.46802797825
20080609,0.200401585702
20080610,0.14014450769
20080611,0.883485058057
20080612,0.0496355206671
20080613,5.110725796
20080614,1.73985939905
20080615,1.91784596432
20080616,0.040475347067
20080617,0.12276080826
20080618,0.278570797614
20080619,0.455552213591
20080620,0.00796234485837
20080621,0.000123194034882
20080622,0.121136515175
20080623,0.00252216337977
20080624,0.311134589186
20080625,8.40177205651
20080626,3.60693072345
20080627,0.186699415394
20080628,0.141405811826
20080629,18.8815445542
20080630,17.8466377852
20080701,1.06162260895
20080702,1.53400758701
20080703,0.0353458232531
20080704,2.53773556613
20080705,0.754883098386
20080706,3.57640715151
20080707,0.195996324392
20080708,4.24926376477
20080709,0.722631569073
20080710,0.166051635708
20080711,0.0555176037731
20080712,0.189943747377
20080713,3.78529819779
20080714,1.42528130313
20080715,0.0295141524592
20080716,13.5913857413
20080717,0.669759146217
20080718,0.0280275140287
20080719,0.00837948344578
20080720,11.0536160648
20080721,2.51536835919
20080722,0.338153880568
20080723,6.58698316664
20080724,2.78016087606
20080725,0.0508714805753
20080726,6.72533440958e-05
20080727,17.4544004137
20080728,12.4171230671
20080729,0.867207488106
20080730,0.754378722268
20080731,5.86318330254
20080801,0.333994246921
20080802,0.251854506659
20080803,2.59855339572
20080804,2.1831114625
20080805,0.263294906107
20080806,0.0451942214577
20080807,1.31137092377
20080808,0.391589863886
20080809,6.05427995426
20080810,1.79853906867
20080811,0.0519131423277
20080812,1.95475467083
20080813,9.25452739985
20080814,1.19596522814
20080815,0.0221837017212
20080816,3.6632170456
20080817,1.88228075954
20080818,4.19150677615
20080819,6.27642048257
20080820,3.90821330312
20080821,0.072854550766
20080822,0.0127451350472
20080823,7.00996904824
20080824,0.245078803451
20080825,0.894966541507
20080826,1.20687178569
20080827,4.58587977107
20080828,3.10530864888
20080829,2.37489386991
20080830,14.1619047988
20080831,0.315198974961
20080901,0.370432871518
20080902,4.83237466786
20080903,3.1254452673
20080904,7.28682284621
20080905,16.0569700812
20080906,0.373012060922
20080907,0.00753800719809
20080908,1.71604885216
20080909,1.63737895854
20080910,0.0721549790397
20080911,3.9930306124
20080912,0.162143813717
20080913,0.00296011072847
20080914,0.189055634993
20080915,4.94432011781
20080916,1.16239304248
20080917,0.37424107034
20080918,0.0203947993684
20080919,3.09523131088
20080920,0.135574238214
20080921,1.63599866403
20080922,0.896793126305
20080923,0.110962104164
20080924,1.21837637073
20080925,4.0908833143
20080926,4.29210374489
20080927,0.263059983175
20080928,4.83052739715
20080929,0.155048984587
20080930,1.15179453617
20081001,0.0709057976659
20081002,3.70714916962
20081003,0.27200079507
20081004,0.47430896089
20081005,1.8795994513
20081006,0.605017218402
20081007,0.59563166525
20081008,2.05767856229
20081009,0.161892359853
20081010,0.0114596259342
20081011,5.50843461833
20081012,3.40795849223
20081013,1.11317141239
20081014,0.0469859870977
20081015,0.0279905681085
20081016,0.107246424193
20081017,2.0663292046
20081018,0.32129994296
20081019,1.54457454436
20081020,0.375717395253
20081021,3.23252257572
20081022,0.276255310365
20081023,0.0668164397093
20081024,0.00204805632096
20081025,0.000897558829982
20081026,0.118213844848
20081027,0.00209522139065
20081028,1.82799565585e-07
20081029,0.0090294134994
20081030,4.09078982809
20081031,0.207287953186
20081101,0.795239589436
20081102,0.0481624213615
20081103,0.00060343459174
20081104,0.0172640459795
20081105,0.0281166641505
20081106,1.28136304235
20081107,0.596016378228
20081108,0.324075760681
20081109,0.00554673608485
20081110,0.0166613867937
20081111,0.769845335017
20081112,0.0334533909606
20081113,0.0346609980871
20081114,0.000742415097742
20081115,0.0020318751423
20081116,0.235599844706
20081117,0.00885528365626
20081118,8.2921822422e-05
20081119,0.00163620760722
20081120,0.0011308837626
20081121,0.213899523121
20081122,0.117780858215
20081123,0.00439845937723
20081124,0.000104010712154
20081125,0.104795340389
20081126,0.282531707735
20081127,0.803832574569
20081128,0.203955125486
20081129,0.00335434002457
20081130,0.0240444462397
20081201,0.0814404422769
20081202,0.214512890525
20081203,0.280126556589
20081204,0.243174787638
20081205,0.0814567422515
20081206,0.199286133092
20081207,0.00349684388092
20081208,0.0
20081209,0.0
20081210,0.0
20081211,0.0
20081212,0.0
20081213,0.00719361437419
20081214,0.000127095653715
20081215,0.00951908383549
20081216,2.94627270809
20081217,1.64224155509
20081218,0.301616471126
20081219,0.0235957030198
20081220,0.00033150483662
20081221,0.000128111557121
20081222,0.00297341170711
20081223,0.00165594515689
20081224,2.89120029022e-05
20081225,0.0164364928621
20081226,0.00149312447725
20081227,2.12495938962e-05
20081228,0.0
20081229,0.0
20081230,0.0
20081231,0.0
20090101,0.0
20090102,0.174043770275
20090103,3.54403827174
20090104,0.200701540445
20090105,0.0144599501763
20090106,0.184967217997
20090107,0.00326421991607
20090108,0.21187658285
20090109,0.00374340276627
20090110,0.078816254772
20090111,0.440986949038
20090112,0.0213413491789
20090113,0.000239834987027
20090114,0.0
20090115,0.00916867327931
20090116,0.0651864262654
20090117,0.0423601651401
20090118,0.297458935827
20090119,0.00666289065105
20090120,0.112268773441
20090121,0.206808635835
20090122,0.026624258668
20090123,0.00040645638037
20090124,0.0
20090125,0.158371247336
20090126,0.00279807833519
20090127,0.0
20090129,0.0
20090202,0.39375658151
20090203,0.0
20090204,0.0
20090205,0.0
20090207,0.0446084596639
20090208,0.0452084652653
20090210,0.0168309454996
20090212,0.0
20090214,0.0
20090216,0.0700346935125
20090218,0.0
20090219,14.5497923774
20090220,2.41025746766
20090222,0.197818839852
20090223,0.0
20090225,0.0
20090226,0.0
20090227,0.0
20090228,0.0
20090301,0.0
20090303,0.0232585483257
20090304,0.0
20090305,0.0
20090307,0.0912002913608
20090309,0.0
20090310,0.0478910077903
20090312,0.612192389973
20090313,0.549862244403
20090314,0.803411008059
20090315,0.283428529229
20090316,0.0858098597355
20090317,1.44033666838
20090318,1.89107763833
20090319,0.0374758000544
20090320,0.604718846395
20090321,0.0656063069961
20090322,0.011640030603
20090323,1.85468660419
20090324,0.731773080478
20090325,12.5906329333
20090326,1.53160979307
20090327,0.107906327992
20090328,21.2252141712
20090329,0.971239020816
20090330,0.156670591205
20090331,0.0135519100322
20090401,1.44726758118
20090402,0.424209172101
20090403,0.863871337179
20090404,0.134334217995
20090405,0.670012548883
20090406,0.44552196664
20090407,3.10791666404
20090408,3.97170164513
20090409,2.70605410845
20090410,0.168741815903
20090411,0.283095949231
20090412,0.0831675561178
20090413,0.729137550774
20090414,20.2644596206
20090415,0.485207235364
20090416,0.387124229103
20090417,19.5017976461
20090418,0.40679999778
20090419,7.79903087601
20090420,0.138104591136
20090421,2.61488194733
20090422,0.87122633431
20090423,0.259715927332
20090424,12.3247725816
20090425,4.37013238144
20090426,0.120237360886
20090427,0.903491264933
20090428,14.0077708897
20090429,1.43163837328
20090430,0.102067304922
20090501,1.97871882247
20090502,0.357457483286
20090503,0.00970791721236
20090504,7.62336294107
20090505,1.36989314262
20090506,3.39202184285
20090507,6.32082422798
20090508,0.57914233062
20090509,0.600158768583
20090510,0.400520721601
20090511,1.95773011333
20090512,9.01807779704
20090513,0.318448483936
20090514,3.13790200173
20090515,0.196294010122
20090516,1.86324714808
20090517,0.716269594589
20090518,5.50484807758
20090519,0.138543001076
20090520,3.00715363749
20090521,3.41463047975
20090522,0.274159701274
20090523,0.457028418764
20090524,0.00902130162975
20090525,2.01599201976e-05
20090526,2.75796634592
20090527,0.298817915749
20090528,0.281410903276
20090529,1.61210223682
20090530,0.184655319655
20090531,0.00569028180447
20090601,0.66788228499
20090602,0.234111095089
20090603,0.536677824178
20090604,2.08331107728
20090605,1.34935896679
20090606,0.167339204564
20090607,4.9069818758
20090608,0.157762000781
20090609,1.40434496709
20090610,0.0281267989541
20090611,0.159825385943
20090612,2.8658005523
20090613,1.75709866421
20090614,5.75046176209
20090615,0.587135606297
20090616,0.356051590524
20090617,5.30079583206
20090618,0.129212256391
20090619,0.085538287522
20090620,0.752040061052
20090621,0.932850860935
20090622,3.19109816557
20090623,1.41818146494
20090624,0.0240656885703
20090625,10.3324466677
20090626,0.192926469441
20090627,5.79414185
20090628,0.491288835831
20090629,0.0246187709469
20090630,13.1063914527
20090701,0.249793518706
20090702,0.583332921832
20090703,0.0138370990786
20090704,0.0036912481039
20090705,4.84761576128
20090706,0.330612128833
20090707,1.64137044353
20090708,0.55616128284
20090709,0.0935726736394
20090710,0.30578190058
20090711,1.78201391472
20090712,0.192195896224
20090713,0.024356909225
20090714,0.000678059650328
20090715,2.55455166477
20090716,0.0468035706488
20090717,0.000208492603069
20090718,1.10583471573
20090719,5.87289382608
20090720,0.10341618969
20090721,0.00878913461021
20090722,5.02413230307
20090723,0.273070557429
20090724,0.0461622443069
20090725,0.000786660900274
20090726,0.596334874597
20090727,0.0931765801829
20090728,0.217660012639
20090729,2.96428291306
20090730,0.0524311431327
20090731,0.000582655505931
20090801,3.32568530213
20090802,1.16321071928
20090803,1.53502987898
20090804,4.07214066584
20090805,23.8005048289
20090806,0.445621886818
20090807,2.27541792181
20090808,0.241671262092
20090809,0.263580653962
20090810,3.67389917843
20090811,2.98507547633
20090812,1.02456362828
20090813,2.24424553822
20090814,1.23786067982
20090815,8.70599086037
20090816,0.156179787732
20090817,0.202298317751
20090818,0.707532292515
20090819,2.61146739261
20090820,2.53603286859
20090821,0.315924549586
20090822,8.52280052682
20090823,2.72066722115
20090824,3.76231539713
20090825,0.0688169895966
20090826,2.70545290061
20090827,0.886100266071
20090828,1.64826800081
20090829,0.520446298917
20090830,2.33229684549
20090831,0.0806647368016
20090901,0.0387673935502
20090902,9.72155056693
20090903,0.91755969334
20090904,0.0266465026272
20090905,0.174417221844
20090906,6.62394625507
20090907,1.11745883536
20090908,0.968477753706
20090909,1.80850495211
20090910,7.3274351562
20090911,0.837170089816
20090912,0.42650912247
20090913,0.567723928022
20090914,0.140115754133
20090915,1.99879682609
20090916,2.30636153499
20090917,6.61964779417
20090918,0.309828899648
20090919,0.00470067725924
20090920,0.059005849228
20090921,0.555865110846
20090922,3.73686764431
20090923,0.150884894767
20090924,1.59333147383
20090925,0.193089007061
20090926,0.00292612208193
20090927,0.587887946683
20090928,0.167205022076
20090929,0.0757536388773
20090930,5.70384572968
20091001,0.108160488628
20091002,0.122771577049
20091003,0.101437421158
20091004,0.445154682633
20091005,0.611903914269
20091006,0.414478571701
20091007,0.070794649215
20091008,0.232430746982
20091009,6.98586631172
20091010,0.232969775273
20091011,0.20418946336
20091012,0.00663657607638
20091013,0.26803198409
20091014,0.435152585902
20091015,0.900224463239
20091016,2.16409649213
20091017,0.243569509966
20091018,0.00582582566921
20091019,2.30956172497
20091020,0.18943639212
20091021,1.82100054335
20091022,0.799591626142
20091023,4.20225361639
20091024,0.222029621259
20091025,0.472984153338
20091026,0.13643965298
20091027,0.349892854931
20091028,0.261499085342
20091029,1.38605228874
20091030,1.29853908384
20091031,1.4182674969
20091101,0.778257330215
20091102,3.66773388875
20091103,1.3401479025
20091104,5.03306941367
20091105,0.154393733195
20091106,0.186227799465
20091107,0.0124863664619
20091108,0.0493053724304
20091109,1.04647946373
20091110,0.748679484958
20091111,0.321315973175
20091112,1.55786473466
20091113,0.798083116277
20091114,7.14711719511
20091115,5.99905749162
20091116,0.108731890736
20091117,0.000410211367438
20091118,0.00787988629912
20091119,0.000139119982923
20091120,0.0100113218992
20091121,0.000176878534713
20091122,0.0
20091123,0.0
20091124,0.0
20091125,0.101751611108
20091126,0.00179773179975
20091127,0.0
20091128,0.0
20091129,0.477987573056
20091130,0.00868491973161
20091201,8.63314124299e-06
20091202,7.7640480035e-08
20091203,0.0
20091204,0.0549036680558
20091205,0.0031333399449
20091206,6.73704103994e-05
20091207,0.00162984564056
20091208,2.8786760413e-05
20091209,0.000358779285282
20091210,6.33885684882e-06
20091211,0.364727663622
20091212,0.00644395179798
20091213,0.740393376413
20091214,1.93939132444
20091215,0.508966345848
20091216,0.0109841060127
20091217,4.58139750469e-05
20091218,0.0
20091219,0.0
20091220,0.0
20091221,0.0
20091222,0.682303180055
20091223,0.0120548262078
20091224,0.0
20091225,0.0
20091226,0.0
20091227,0.0
20091228,0.0
20091229,0.0
20091230,0.00108090233874
20091231,0.0474018410948
20100101,0.00988846018012
20100102,0.0301868624792
20100103,0.189323434179
20100104,0.00333556392234
20100105,0.0
20100106,0.0
20100107,0.144787883955
20100108,0.357324956615
20100109,0.00626796594954
20100110,0.0437089928714
20100111,0.875148029002
20100112,0.0192049898895
20100113,6.6371968088e-05
20100114,0.0
20100115,0.0
20100116,0.0852380008844
20100117,0.0898663478098
20100118,0.00584897852968
20100119,7.57569314892e-05
20100120,0.0
20100121,0.0
20100122,0.0
20100123,0.0
20100124,0.00602265452886
20100125,0.000106407348414
20100126,1.16939033122
20100127,1.62978910104
20100128,2.32627903922
20100129,0.593609208384
20100130,0.00977051532083
20100131,0.0
20100201,0.0
20100202,0.127128490584
20100203,0.00224608652682
20100204,0.0
20100205,0.0056319088988
20100206,9.95036706346e-05
20100207,0.0
20100208,0.0
20100209,0.166032060986
20100210,0.0214103298617
20100211,0.74190186803
20100212,0.373154391159
20100213,0.118916996291
20100214,0.108306336044
20100215,3.95126402426
20100216,0.14904118568
20100217,9.05424298737
20100218,2.79764922644
20100219,2.62583418679
20100220,1.86618775583
20100221,1.30980786848
20100222,0.991210607476
20100223,1.44458612002
20100224,1.11808262778
20100225,0.280462134491
20100226,6.4097920036
20100227,0.396566488898
20100228,6.97707477727
20100301,0.428053707652
20100302,0.185614708294
20100303,1.33415253766
20100304,1.73980859374
20100305,1.99829629234
20100306,5.75619049385
20100307,1.179934815
20100308,5.03335073975
20100309,3.63460295481
20100310,9.47348665082
20100311,0.223725040346
20100312,8.37474057713
20100313,0.372162842567
20100314,0.0535641832339
20100315,0.0107996078118
20100316,1.40256969663
20100317,2.02936421425
20100318,2.63777469264
20100319,0.182679891294
20100320,0.711671858413
20100321,9.34014757643
20100322,0.192926922669
20100323,0.00049696186894
20100324,0.0
20100325,1.45653387978
20100326,0.249224718903
20100327,0.0244951720351
20100328,5.15731004646
20100329,4.18165696516
20100330,1.27327677409
20100331,2.78285761259
20100401,0.387629977529
20100402,1.11310972825
20100403,8.66588248134
20100404,1.47372046786
20100405,1.09268944211
20100406,1.69021757647
20100407,0.112432233634
20100408,0.00232737833064
20100409,2.89296485325
20100410,12.5324723328
20100411,5.12717608918
20100412,0.280209040232
20100413,0.5296383643
20100414,1.99991733344
20100415,0.129126205212
20100416,0.0561698997582
20100417,0.547052669563
20100418,1.26960449137
20100419,0.0222607113821
20100420,2.94414216415
20100421,2.27354301592
20100422,1.35949013925
20100423,1.12054887752
20100424,0.832956976695
20100425,1.02137211709
20100426,0.902040986952
20100427,1.33687283852
20100428,2.24716331925
20100429,0.144415761282
20100430,2.88763866666
20100501,2.78950562254
20100502,3.37277920671
20100503,3.96738247915
20100504,0.157910034826
20100505,5.8053660492
20100506,8.97546354223
20100507,0.351398637592
20100508,11.2913636428
20100509,0.85931576922
20100510,1.2212636131
20100511,0.494839215383
20100512,0.0167967147431
20100513,0.908438592134
20100514,0.80791043248
20100515,0.111998261184
20100516,1.90250977129
20100517,0.960790958851
20100518,1.62507862436
20100519,0.171204801476
20100520,0.0448210063328
20100521,1.78234335706
20100522,8.24581298145
20100523,0.232898065998
20100524,0.191179702364
20100525,1.82486602042
20100526,0.267243234511
20100527,0.984188064444
20100528,3.93432102676
20100529,3.36309518323
20100530,8.8350685225
20100531,0.753879977122
20100601,0.0818253454958
20100602,2.28546212164
20100603,0.91080501167
20100604,7.50528503811
20100605,1.9019551709
20100606,0.182200157343
20100607,0.0619537200221
20100608,0.527846386297
20100609,7.48530374536
20100610,1.7382348415
20100611,5.91479015333
20100612,0.260619166433
20100613,15.7231241571
20100614,9.1793722357
20100615,6.04311315604
20100616,0.382251441769
20100617,3.86796193284
20100618,0.665076864489
20100619,0.471928978154
20100620,0.671403377415
20100621,0.146005196426
20100622,0.047507714053
20100623,2.42230518081
20100624,0.217553574348
20100625,0.54513875845
20100626,0.252806856051
20100627,1.57213243169
20100628,0.035402028043
20100629,0.0604547564417
20100630,0.00381395304779
20100701,0.993471227949
20100702,5.0415726502
20100703,0.172399643855
20100704,1.69145270183
20100705,0.323410097754
20100706,3.11302308927
20100707,3.32010663436
20100708,0.0578111598059
20100709,0.295251648361
20100710,10.5253799429
20100711,0.744193335903
20100712,0.231759711933
20100713,0.130586977229
20100714,0.375991004164
20100715,0.94896775083
20100716,14.17586098
20100717,1.91296058952
20100718,0.113234231895
20100719,0.0339882594445
20100720,0.0033702361723
20100721,1.21988743404
20100722,0.0417411376461
20100723,0.000685135274394
20100724,2.19248700906
20100725,0.495860807055
20100726,0.0996675752684
20100727,0.158727507389
20100728,1.29775943931
20100729,0.301930929183
20100730,0.107835453628
20100731,1.52161960146
20100801,0.353694369324
20100802,0.00655030623989
20100803,1.37049354215e-05
20100804,0.52117914712
20100805,1.10312822809
20100806,0.0650588324135
20100807,0.315071281283
20100808,0.895796645421
20100809,1.21098718877
20100810,0.0232047259203
20100811,2.20674349926
20100812,6.23009508757
20100813,4.23849524843
20100814,1.70550910277
20100815,3.07840996434
20100816,0.487741646129
20100817,0.684114369375
20100818,60.7237805683
20100819,7.1493768543
20100820,1.88194440785
20100821,11.9099066658
20100822,9.55574964608
20100823,3.42667999319
20100824,0.0775373181638
20100825,1.51408993365
20100826,10.8941412941
20100827,0.219535122976
20100828,8.21555864368
20100829,0.80543891813
20100830,5.08015401525
20100831,1.50163902426
20100901,5.30036643227
20100902,0.60970691261
20100903,0.0926252626336
20100904,10.908976105
20100905,0.998081168622
20100906,1.77083020082
20100907,11.8399530542
20100908,1.95072358136
20100909,3.57914368946
20100910,13.0530579668
20100911,5.03233039848
20100912,6.91657039492
20100913,1.76235881565
20100914,2.84035689328
20100915,3.68384216751
20100916,13.7417954696
20100917,0.256552096657
20100918,1.29367140639
20100919,3.1435997558
20100920,0.893540620307
20100921,0.139050471971
20100922,0.822872011518
20100923,0.0322193860158
20100924,7.29902137391
20100925,1.04431569763
20100926,0.0610817990539
20100927,0.0888900236374
20100928,2.46879945237
20100929,0.877346034311
20100930,0.0283289583171
20101001,1.18006924405
20101002,1.00333725889
20101003,0.0325319371202
20101004,1.06608889868
20101005,0.406027487251
20101006,7.4600319185
20101007,0.553821385817
20101008,6.24119947859
20101009,3.09010869519
20101010,0.250059836098
20101011,0.768721020163
20101012,0.0280466559613
20101013,1.97179915292
20101014,12.1546544546
20101015,3.74506764808
20101016,0.511125659174
20101017,0.00795248918725
20101018,0.415505672704
20101019,9.52561080919
20101020,6.81767310619
20101021,0.841511584332
20101022,0.98103114923
20101023,0.292830784912
20101024,0.0854207673813
20101025,0.085103097727
20101026,0.162744812289
20101027,0.359207136163
20101028,1.21367982957
20101029,1.41848809581
20101030,3.19077761934
20101031,0.387824206009
20101101,6.98097019784
20101102,4.82184055201
20101103,1.17854429926
20101104,1.02032603272
20101105,0.528411897063
20101106,0.997663240904
20101107,1.015898289
20101108,0.411391967758
20101109,7.53899563782
20101110,0.314113274371
20101111,0.0179692786173
20101112,0.150022487602
20101113,0.0360945404135
20101114,0.000664689120691
20101115,0.118882746419
20101116,0.00217346510847
20101117,1.86957195225
20101118,0.75966227152
20101119,4.41107457173
20101120,0.279093247573
20101121,0.0981924908094
20101122,0.0316699901804
20101123,0.0788490800108
20101124,3.2417029929
20101125,0.0593753465043
20101126,0.00018803882233
20101127,0.00209336148463
20101128,0.00339044827718
20101129,0.179435341927
20101130,0.0222792966076
20101201,0.000361857736004
20101202,4.27972960426e-07
20101203,0.0
20101204,0.000638292626485
20101205,0.316089452504
20101206,0.00665479585899
20101207,1.93638709008e-05
20101208,0.0214244722729
20101209,0.0194675655805
20101210,1.15475495945
20101211,0.0204534391986
20101212,1.01354271419e-06
20101213,0.00034575911753
20101214,6.10881920083e-06
20101215,0.0
20101216,0.0424301521135
20101217,0.000905267971869
20101218,0.000239316740702
20101219,0.00631626390014
20101220,0.000111520915129
20101221,4.1702929977
20101222,0.0926486941992
20101223,0.000354286718187
20101224,3.38380968883e-07
20101225,3.42530247065e-05
20101226,1.57926407455
20101227,0.557918452848
20101228,7.21191156995
20101229,0.268200127321
20101230,4.07587442369
20101231,0.116635798525
20110101,0.43860941185
20110102,0.945312303985
20110103,0.226825642256
20110104,0.00371485287512
20110105,0.0
20110106,0.0
20110107,0.0
20110108,0.0
20110109,0.122537091504
20110110,0.137895520132
20110111,0.00239806625362
20110112,0.0
20110113,0.0250387074141
20110114,0.00787977515377
20110115,0.00013140279548
20110116,0.0
20110117,0.0480801232392
20110118,0.000849472077496
20110119,0.0
20110120,0.0
20110121,0.0
20110122,0.0
20110123,0.0274844394148
20110124,1.21042075175
20110125,0.326807457425
20110126,0.0437999875725
20110127,0.873528609781
20110128,1.86566957439
20110129,0.193643741428
20110130,0.0640758055969
20110131,0.00108183918697
20110201,0.711296266579
20110202,2.53314159483
20110203,3.24548954314
20110204,0.0968300828047
20110205,0.00414894410323
20110206,0.00538719389107
20110207,9.41071032108e-05
20110208,0.0
20110209,0.0
20110210,0.0
20110211,2.43786858604
20110212,1.03417790133
20110213,2.48995411017
20110214,1.14439433326
20110215,0.0220866158123
20110216,0.0337569933753
20110217,0.000595589408106
20110218,0.0
20110219,2.93261162762
20110220,0.352146087526
20110221,0.00530623982616
20110222,0.486677327658
20110223,1.07318742121
20110224,1.21083642493
20110225,0.080172930532
20110226,7.20499559746
20110227,0.925200909873
20110228,0.932344908635
20110301,0.187646416222
20110302,0.117345904662
20110303,0.0869538607014
20110304,0.549894308642
20110305,0.0630007251099
20110306,2.23299982728
20110307,7.74488300057
20110308,3.30349414627
20110309,11.3871675548
20110310,1.17034445827
20110311,0.423957311242
20110312,0.152340306431
20110313,1.94246877936
20110314,6.16808251664
20110315,11.1001356613
20110316,4.45279984985
20110317,2.62894618554
20110318,0.16914824455
20110319,5.60349381795
20110320,4.64196981851
20110321,0.0808907924055
20110322,7.66887464694
20110323,1.55646739693
20110324,1.59208028857
20110325,0.254834139581
20110326,0.992027321246
20110327,0.0573959678509
20110328,5.83531665108
20110329,9.38993899269
20110330,8.93355560655
20110331,0.903912774852
20110401,3.01758593157
20110402,1.72327159419
20110403,0.0295086766316
20110404,0.0
20110405,2.46388799788
20110406,0.123471918516
20110407,1.02140555665
20110408,0.0180210806557
20110409,0.0
20110410,0.117915380019
20110411,3.540588719
20110412,0.128675117709
20110413,4.36557248314
20110414,2.59063714485
20110415,1.02608168623
20110416,0.121470324537
20110417,1.77559183199
20110418,17.7994502882
20110419,1.4399840705
20110420,0.135883664219
20110421,2.7159994525
20110422,2.65086000277
20110423,2.56084378614
20110424,3.96747422261
20110425,2.79435746124
20110426,0.295162440815
20110427,4.81511953953
20110428,11.1980318307
20110429,0.368677133806
20110430,3.97754634517
20110501,1.09707512026
20110502,0.076941323397
20110503,1.50248285135
20110504,3.46526956943
20110505,0.137262261085
20110506,0.0666056886888
20110507,0.117840003403
20110508,0.384943665338
20110509,3.3645666128
20110510,1.69132615318
20110511,0.0414651401829
20110512,0.552459287232
20110513,1.05145398977
20110514,0.371955927649
20110515,3.43256410886
20110516,0.133865651994
20110517,0.012527001134
20110518,8.51851728737
20110519,0.765392428847
20110520,0.0108638178929
20110521,0.0151167174625
20110522,0.334316522106
20110523,0.21586071695
20110524,0.599907303539
20110525,2.34040921501
20110526,0.607360883789
20110527,0.0263758324907
20110528,2.53656343645
20110529,1.11113507187
20110530,13.7464678781
20110531,0.375097454867
20110601,1.20244328537
20110602,4.17890114611
20110603,0.0991641197016
20110604,0.474323078438
20110605,0.274071564447
20110606,6.83390964932
20110607,1.72551879297
20110608,6.78432916214
20110609,0.721779874024
20110610,0.0694279023326
20110611,0.0082580521181
20110612,0.403340731969
20110613,0.601948014346
20110614,0.243413831148
20110615,0.136316356009
20110616,1.28400142929
20110617,0.670646979932
20110618,0.048259113036
20110619,0.0324543522137
20110620,0.61655027559
20110621,0.584260729387
20110622,0.320820850843
20110623,0.77580722848
20110624,4.05464617307
20110625,1.21154465998
20110626,1.38574560928
20110627,0.0244077852645
20110628,0.305312841459
20110629,0.0109571218335
20110630,0.122212252401
20110701,4.508071307
20110702,0.542450174109
20110703,0.0531397659868
20110704,3.11229797331
20110705,0.366245651581
20110706,0.00549950692437
20110707,5.99791328371
20110708,0.297214834326
20110709,0.00404393622377
20110710,0.000191802515098
20110711,3.97679370356
20110712,1.14990820638
20110713,2.65699850511
20110714,0.662074500977
20110715,0.924294178555
20110716,0.0324240813847
20110717,1.92999968548
20110718,2.0610479787
20110719,2.73093157893
20110720,0.0693844403951
20110721,0.234891550755
20110722,0.0513432839975
20110723,2.43290903711
20110724,0.107790162419
20110725,0.00554488119081
20110726,7.77321654141e-05
20110727,0.033769152529
20110728,0.00461162509376
20110729,7.09363474601e-05
20110730,0.296872366584
20110731,1.08087641475
20110801,0.0191157604903
20110802,0.0640360995576
20110803,2.04895046754
20110804,0.561465451708
20110805,0.218962285333
20110806,0.198163208252
20110807,0.356893972726
20110808,2.7503482422
20110809,0.136618791505
20110810,0.553862333354
20110811,0.104692693218
20110812,0.368078555268
20110813,8.06585206263
20110814,0.571959868468
20110815,0.289098383748
20110816,2.82498926476
20110817,12.0275611184
20110818,1.59860185214
20110819,0.339278483577
20110820,0.079209020771
20110821,1.90864020359
20110822,0.0408694974087
20110823,0.240627551847
20110824,0.0299527638121
20110825,2.26962951088
20110826,0.0437284875805
20110827,2.26647083959
20110828,0.733532744098
20110829,3.53861783901
20110830,4.16724256683
20110831,0.796110266473
20110901,2.45366602094
20110902,1.05710143833
20110903,0.0227292492565
20110904,1.47820088227
20110905,1.12046686521
20110906,3.17967710556
20110907,2.16558598402
20110908,3.23308284208
20110909,2.77541525941
20110910,1.51988273657
20110911,2.55984980441
20110912,0.266198661137
20110913,0.102122788637
20110914,2.54554219527
20110915,3.07922355428
20110916,0.353849413164
20110917,0.196642719161
20110918,1.81688070164
20110919,2.27384175615
20110920,0.0547975227198
20110921,4.4639753214
20110922,8.31593401041
20110923,0.516895998763
20110924,0.0390595105
20110925,7.0433917406
20110926,0.658672606758
20110927,0.302314599801
20110928,14.8684035911
20110929,5.91358565703
20110930,6.62407487914
20111001,0.219832433426
20111002,6.40406158372
20111003,2.38176430088
20111004,0.589699497893
20111005,2.72500419573
20111006,1.39556580662
20111007,0.402856718032
20111008,2.93946797765
20111009,4.61183377389
20111010,16.9480423071
20111011,3.28056723884
20111012,3.44446460599
20111013,0.430285462485
20111014,10.138752684
20111015,4.61177689558
20111016,0.848923019647
20111017,0.0642169396789
20111018,1.30596492503
20111019,1.51711250248
20111020,0.0359569705269
20111021,0.320783090461
20111022,4.14174459219
20111023,10.4246762
20111024,1.27957387625
20111025,9.80864072624
20111026,0.543034842457
20111027,0.939520230423
20111028,0.554563626414
20111029,0.00969427965792
20111030,0.0155663557607
20111031,0.0227710610713
20111101,0.848162769579
20111102,0.437442432917
20111103,0.0477930719624
20111104,0.106552525714
20111105,1.45046036002
20111106,0.302087252898
20111107,0.0285984858382
20111108,0.0216447498127
20111109,0.00569239161911
20111110,0.0888738030365
20111111,0.731919570106
20111112,0.200647698443
20111113,0.200393302043
20111114,0.115122970668
20111115,0.0160407223521
20111116,0.000248555897303
20111117,0.443359179949
20111118,0.752421554307
20111119,0.234916188624
20111120,0.0382772969961
20111121,0.211454924028
20111122,5.42570689303
20111123,1.03159614356
20111124,0.272529517475
20111125,0.0228665708665
20111126,0.114679646791
20111127,3.01759534707
20111128,0.366817902276
20111129,0.0061634497147
20111130,0.219989074135
20111201,0.0111837229361
20111202,0.123566854651
20111203,0.0315190559181
20111204,0.000518342370218
20111205,4.80592420625e-06
20111206,0.0163883129904
20111207,0.183605913966
20111208,0.322117089923
20111209,0.0120264971653
20111210,0.000112943540415
20111211,0.0
20111212,0.00794020356619
20111213,0.00407777469731
20111214,6.95669249938e-05
20111215,0.0
20111216,0.0
20111217,0.0
20111218,0.0
20111219,0.0
20111220,0.0
20111221,0.0
20111222,0.00700133539873
20111223,0.000123698509327
20111224,2.20271572472e-05
20111225,3.89172291708e-07
20111226,0.0
20111227,0.0
20111228,0.0
20111229,0.0
20111230,0.19747285429
20111231,0.0433027577824
20120101,0.000703424683019
20120102,0.0
20120103,0.0
20120104,0.0
20120105,0.0
20120106,0.0
20120107,0.0
20120108,0.0
20120109,0.0
20120110,0.0
20120111,0.0
20120112,0.0
20120113,0.0
20120114,0.0
20120115,0.0
20120116,0.0
20120117,0.0
20120118,0.0
20120119,0.0
20120120,0.0
20120121,0.0245591261626
20120122,0.0125351697692
20120123,0.162952231616
20120124,0.00814228211366
20120125,9.30573374921e-05
20120126,0.0
20120127,0.0
20120128,0.0
20120129,0.229944801991
20120130,0.0904020742365
20120131,0.177396470538
20120201,0.208544996161
20120202,0.00365571918886
20120203,5.12230582514e-06
20120204,0.00124465604912
20120205,0.182286815595
20120206,3.44501026618
20120207,0.339000068118
20120208,0.265221402368
20120209,0.0367277218959
20120210,0.000567644304801
20120211,0.0
20120212,0.0
20120213,0.0
20120214,0.00208227181229
20120215,3.67892555185e-05
20120216,0.183902328954
20120217,0.00324915774123
20120218,0.0684141693532
20120219,0.271326325763
20120220,5.37427259151
20120221,0.246007215424
20120222,10.7644688985
20120223,16.1775519813
20120224,1.76337130936
20120225,0.116878255757
20120226,0.00160271719128
20120227,0.0
20120228,0.0640198878464
20120229,3.80665376382
20120301,1.29018386956
20120302,0.875638391784
20120303,1.89169261091
20120304,2.67613614048
20120305,0.614504055084
20120306,0.0102622570343
20120307,4.03586465891
20120308,1.50965711019
20120309,0.326257752516
20120310,7.98929812135
20120311,8.13109654625
20120312,0.145994231031
20120313,0.00515586932933
20120314,0.0315942842827
20120315,0.000556620118223
20120316,0.0
20120317,0.0
20120318,1.82312326345
20120319,1.06212537599
