20010102,0.0
20010103,0.0
20010104,0.0
20010105,0.0
20010106,0.00527297697963
20010107,0.0540486169261
20010108,0.0150262429943
20010109,0.000248638950525
20010110,0.0
20010111,0.0
20010112,0.0
20010113,0.0
20010114,0.0
20010115,0.0
20010116,0.0
20010117,0.0
20010118,0.0
20010119,0.0
20010120,0.0
20010121,0.0
20010122,0.0
20010123,0.0
20010124,0.0
20010125,0.0
20010126,0.0
20010127,0.0
20010128,0.0
20010129,0.0117809242663
20010130,0.0252096894187
20010131,0.217112185745
20010201,0.0174613149457
20010202,0.000240869504325
20010203,0.0
20010204,0.0
20010205,0.0
20010206,0.103586058498
20010207,0.0623633936955
20010208,0.0911942647564
20010209,0.00159231039936
20010210,0.0
20010211,0.0
20010212,0.0
20010213,0.0
20010214,0.0
20010215,0.0
20010216,0.00401190549751
20010217,7.08817493874e-05
20010218,0.0053833960296
20010219,9.51129932632e-05
20010220,0.00148857572284
20010221,0.359326888092
20010222,0.152666029017
20010223,0.00407937669734
20010224,2.640023562e-05
20010225,0.0
20010226,0.0
20010227,0.0
20010228,0.0
20010301,0.0
20010302,0.0
20010303,0.0
20010304,0.0
20010305,0.0
20010306,0.0
20010307,0.0
20010308,0.0
20010309,0.0
20010310,0.0
20010311,0.0
20010312,0.0
20010313,0.000794826423867
20010314,1.40428650414e-05
20010315,0.0
20010316,0.0
20010317,0.0
20010318,0.00301220909684
20010319,5.32192424507e-05
20010320,0.0
20010321,0.0584587146725
20010322,0.00103283943402
20010323,0.0
20010324,0.0
20010325,0.0
20010326,0.0
20010327,0.00469330067388
20010328,8.29205186542e-05
20010329,0.0
20010330,0.0
20010331,0.0
20010401,0.0
20010402,0.0
20010403,0.0
20010404,0.0
20010405,0.0
20010406,0.0
20010407,0.0
20010408,0.0
20010409,0.00125800471941
20010410,2.22262323567e-05
20010411,0.0
20010412,0.05367317068
20010413,0.0132903749594
20010414,0.00105420371259
20010415,0.00507135586037
20010416,8.93389066893e-05
20010417,0.0
20010418,0.0
20010419,0.0
20010420,0.0109805897657
20010421,0.000194003371354
20010422,0.0
20010423,0.0
20010424,0.0
20010425,0.0
20010426,0.0
20010427,0.0112818302209
20010428,0.00564035299795
20010429,9.61312304389e-05
20010430,0.0
20010501,0.00527341696773
20010502,0.188621023048
20010503,0.471806374383
20010504,0.00958553091248
20010505,2.31197735753e-05
20010506,0.0
20010507,0.000658196233225
20010508,0.371616490675
20010509,0.531733376833
20010510,0.0250200271418
20010511,0.000278117364449
20010512,0.298489932832
20010513,0.261273664598
20010514,0.00529097174921
20010515,1.35689767226e-05
20010516,0.0
20010517,0.0897769039906
20010518,0.0275913942545
20010519,1.49673644359
20010520,0.0264359880116
20010521,0.234410644608
20010522,0.662697603663
20010523,0.0570149967948
20010524,1.09638196473
20010525,0.0193565404531
20010526,0.763121936121
20010527,0.0134827194553
20010528,0.77824276384
20010529,1.0202357398
20010530,0.935734002229
20010531,0.182907018444
20010601,0.00294503161058
20010602,0.0191080818212
20010603,0.653048457628
20010604,0.168340306517
20010605,0.765223740796
20010606,2.75531244615
20010607,0.733259972337
20010608,2.57809344598
20010609,4.08558567563
20010610,1.02409114677
20010611,0.0168323073388
20010612,0.0098818017676
20010613,0.00094516599204
20010614,72.5095035263
20010615,1.38102534976
20010616,0.891187793632
20010617,0.0157141709365
20010618,1.9107441256
20010619,4.78568299473
20010620,0.0894103260051
20010621,0.0420889292667
20010622,0.0314522164546
20010623,0.0431215806334
20010624,5.04948432121
20010625,2.23782249339
20010626,0.732267112116
20010627,0.14494377431
20010628,2.51275374527
20010629,0.784314817248
20010630,4.73085113153
20010701,0.94858528986
20010702,2.82360471477
20010703,4.27976483209
20010704,0.530244081624
20010705,0.519286615292
20010706,1.61791506652
20010707,0.968656495349
20010708,0.0167828624871
20010709,0.165024978293
20010710,2.47857994025
20010711,0.0700393641665
20010712,0.00539432414742
20010713,3.61282475608
20010714,0.238260471123
20010715,0.0159042220451
20010716,0.00022654415694
20010717,0.262454032786
20010718,6.68124477218
20010719,10.1087000703
20010720,0.315394505309
20010721,0.315624786458
20010722,2.89824558473
20010723,0.353027992933
20010724,0.337033406598
20010725,0.299840125952
20010726,0.159284132539
20010727,14.070430822
20010728,4.70465017165
20010729,0.0913448851052
20010730,0.000222882193629
20010731,1.97071161407
20010801,0.654559637882
20010802,1.39326848761
20010803,0.781578403369
20010804,0.0512961770154
20010805,0.754432301683
20010806,1.44295704262
20010807,0.109663820054
20010808,1.1772695981
20010809,0.159367862831
20010810,0.293530379168
20010811,2.3908715499
20010812,0.0494881407308
20010813,1.75161384864
20010814,1.59731064792
20010815,5.50391307028
20010816,0.106232522885
20010817,0.801271950403
20010818,0.065552428005
20010819,0.000908103082197
20010820,0.00150178097247
20010821,0.0934954713397
20010822,1.95804578254
20010823,1.66422094554
20010824,2.56656341586
20010825,0.434783585955
20010826,0.12331783162
20010827,1.03777502065
20010828,0.356495934766
20010829,2.92323310385
20010830,2.44118167725
20010831,0.062817581248
20010901,0.425157861001
20010902,0.652658880036
20010903,0.16358924995
20010904,8.86142656191
20010905,2.63034552384
20010906,0.155048567129
20010907,4.99404651596
20010908,1.90358726269
20010909,1.50790707032
20010910,0.963950940741
20010911,0.269044026358
20010912,0.677356738332
20010913,0.236682246882
20010914,0.55720137057
20010915,0.407102285183
20010916,1.28822805662
20010917,1.23964846255
20010918,0.191533324097
20010919,2.74119456264
20010920,5.69196795145
20010921,4.59057383068
20010922,0.615919700287
20010923,0.407728866983
20010924,0.192972661343
20010925,0.201222669139
20010926,0.289185760148
20010927,0.0778625516416
20010928,0.146248076833
20010929,1.94887938657
20010930,1.08851498128
20011001,0.0187382979629
20011002,0.994192743946
20011003,0.385655290038
20011004,0.504896568973
20011005,5.17560413563
20011006,1.99080329227
20011007,0.0344155100875
20011008,0.264098977275
20011009,0.409422657169
20011010,0.0105112095218
20011011,0.5877110395
20011012,0.160091558001
20011013,0.235637903914
20011014,0.336770708221
20011015,1.89170654299
20011016,0.531681579318
20011017,1.33533289204
20011018,0.278934803377
20011019,1.39528394935
20011020,0.0252073538148
20011021,0.0650084046252
20011022,0.298732243183
20011023,0.0837355483906
20011024,0.373606224174
20011025,0.0517364811258
20011026,0.222069302553
20011027,0.00390938903095
20011028,0.828089721609
20011029,0.0146305594767
20011030,0.0
20011031,0.00282464973749
20011101,0.438658598159
20011102,1.17297362543
20011103,0.0288666198104
20011104,0.00325236874107
20011105,5.48778413704e-05
20011106,0.000786443433117
20011107,1.38947621968e-05
20011108,0.0
20011109,0.0
20011110,0.0
20011111,0.157924744523
20011112,0.63971315933
20011113,0.691438948437
20011114,0.127224289948
20011115,0.21189105254
20011116,0.08321311307
20011117,0.00140468926945
20011118,0.0
20011119,0.0
20011120,0.0750270110749
20011121,0.201821206278
20011122,0.239197215006
20011123,0.64197487411
20011124,0.0207222785357
20011125,0.00357039595613
20011126,6.0130262727e-05
20011127,0.63513864608
20011128,0.562036424742
20011129,0.256700449799
20011130,0.816490296295
20011201,1.05295269707
20011202,0.024761343742
20011203,0.00361774885082
20011204,6.19164681707e-05
20011205,0.0970061626656
20011206,0.117131580108
20011207,0.00203918178204
20011208,0.0
20011209,0.00562242925667
20011210,9.93361956384e-05
20011211,0.50709590135
20011212,0.689516413286
20011213,0.162210074075
20011214,0.0286188294022
20011215,0.000458752010052
20011216,0.0
20011217,0.211578027181
20011218,0.336730188837
20011219,0.00863713549353
20011220,0.0195714661389
20011221,0.000344926005431
20011222,0.0101201186703
20011223,0.203582144975
20011224,1.15702943081
20011225,0.053923768359
20011226,0.000592668676295
20011227,0.0
20011228,0.0453389311168
20011229,0.000801041203137
20011230,3.0189867244
20011231,0.176872235091
20020101,0.00218256627835
20020102,0.0
20020103,0.854656879889
20020104,0.314288625411
20020105,0.00528601881573
20020106,0.222540639186
20020107,2.07609522165
20020108,0.036610662308
20020109,0.240700627438
20020110,0.524732082052
20020111,0.41030549731
20020112,0.826875127038
20020113,0.0151206338033
20020114,1.12498187772e-05
20020115,0.0
20020116,0.0
20020117,0.0
20020118,0.0
20020119,0.0
20020120,0.0
20020121,0.00162829249863
20020122,2.87684182714e-05
20020123,0.00132797721709
20020124,2.34624978914e-05
20020125,0.0
20020126,0.0
20020127,0.0
20020128,0.0
20020129,0.0
20020130,0.0
20020131,0.0
20020201,0.0
20020202,0.0
20020203,0.289966858542
20020204,0.190821220636
20020205,0.0231670797758
20020206,0.320470520435
20020207,0.0056558161209
20020208,0.000364523698186
20020209,0.0138417773226
20020210,0.0162204832276
20020211,0.000282262264672
20020212,0.0
20020213,0.0
20020214,0.0
20020215,0.0
20020216,0.0
20020217,0.0
20020218,0.0
20020219,0.0
20020220,0.0
20020221,0.0
20020222,0.0
20020223,0.0
20020224,0.0
20020225,0.0175560607147
20020226,0.0455988072881
20020227,0.0039317889346
20020228,5.53292662036e-05
20020301,0.0
20020302,0.0
20020303,0.000544427175364
20020304,0.00264109074285
20020305,4.64924448926e-05
20020306,0.0
20020307,0.0
20020308,0.0118661949623
20020309,0.000209650083654
20020310,0.0
20020311,0.0
20020312,0.0
20020313,0.0
20020314,0.0
20020315,0.0444642162353
20020316,0.000785586833224
20020317,0.0
20020318,0.0
20020319,0.0
20020320,0.0
20020321,0.0
20020322,0.0
20020323,0.0
20020324,0.0
20020325,0.198026621269
20020326,0.0781164195437
20020327,0.00553651409536
20020328,0.0775729741325
20020329,0.0013692305262
20020330,0.0
20020331,0.00193679395516
20020401,0.0313945925475
20020402,0.0133661947119
20020403,0.000226362607852
20020404,0.0
20020405,0.0
20020406,0.0
20020407,0.0
20020408,0.0
20020409,0.118586880496
20020410,0.00252154219746
20020411,7.53299735317e-06
20020412,0.0
20020413,0.0
20020414,0.00150020540742
20020415,0.00511916857436
20020416,0.0202297717867
20020417,0.0540173778512
20020418,0.149437016585
20020419,0.0026234794474
20020420,0.0
20020421,0.0
20020422,0.0286060448218
20020423,0.019387488614
20020424,0.0986140564292
20020425,0.00173640354781
20020426,0.000796871161303
20020427,0.0135574426077
20020428,0.000239282045859
20020429,0.00863160116147
20020430,0.000152501783308
20020501,0.0
20020502,0.0
20020503,0.0
20020504,0.0
20020505,0.0
20020506,0.0409343127345
20020507,0.000723221075486
20020508,0.00148936981081
20020509,0.000193418935391
20020510,0.00175740292296
20020511,0.0128670965477
20020512,0.00378962290744
20020513,0.000770236046289
20020514,0.00126746203575
20020515,2.21725405476e-05
20020516,3.16908436233
20020517,0.0787377192337
20020518,0.000408863977038
20020519,0.177375133842
20020520,0.00323164066808
20020521,0.0171380137716
20020522,0.0175563415512
20020523,0.000304833584866
20020524,0.213155261312
20020525,1.01753964685
20020526,0.497563316119
20020527,0.00847442010527
20020528,0.0
20020529,0.483448294772
20020530,0.018817585619
20020531,0.57913539946
20020601,2.78457242666
20020602,0.0541762317411
20020603,9.11583958975e-05
20020604,0.032481505244
20020605,18.9150207589
20020606,1.376056079
20020607,7.42695481765
20020608,0.230804305919
20020609,0.0844292754272
20020610,3.73977348736
20020611,0.352190063817
20020612,1.73125725183
20020613,6.21549706956
20020614,0.157909556767
20020615,0.00130583063377
20020616,0.818516802329
20020617,4.5475192458
20020618,12.4732472655
20020619,0.224483156871
20020620,0.164035425146
20020621,5.08762841484
20020622,1.8469300075
20020623,0.121383790791
20020624,0.0387105687005
20020625,0.0932479714742
20020626,2.37195518589
20020627,9.98898237338
20020628,2.44174348862
20020629,0.32763060252
20020630,0.0421354307297
20020701,0.112433703375
20020702,0.891269548887
20020703,1.20426466111
20020704,0.0250434014906
20020705,0.284744003965
20020706,4.86671470564
20020707,0.113752663707
20020708,1.94947609819
20020709,0.0344343449074
20020710,1.24424759387
20020711,0.0617176716295
20020712,0.000702022787297
20020713,1.59899982802
20020714,0.0282508805487
20020715,0.247095492602
20020716,0.00895063190842
20020717,1.13125952171
20020718,0.0719403620841
20020719,0.00228077096282
20020720,0.241438142681
20020721,5.52013164237
20020722,0.126583643697
20020723,0.945861103575
20020724,1.85666094135
20020725,0.291877225507
20020726,0.00458249352387
20020727,0.0
20020728,0.000778301024351
20020729,1.37509019525e-05
20020730,2.80373363539
20020731,0.589649039671
20020801,0.0408229236126
20020802,0.284430312587
20020803,2.49883658839
20020804,2.4787124059
20020805,4.96395825885
20020806,0.0869424609977
20020807,4.89931210943
20020808,19.6029695172
20020809,2.23364989857
20020810,0.0418247624052
20020811,17.8580656267
20020812,0.37185396724
20020813,1.00802778464
20020814,7.56239283363
20020815,0.174582234546
20020816,3.48168376984
20020817,0.125734086117
20020818,0.0487609514648
20020819,15.053657375
20020820,0.332463478104
20020821,0.305605097202
20020822,0.0910525422434
20020823,0.0137344679782
20020824,2.87042365862
20020825,0.152136088099
20020826,0.711887120249
20020827,0.105701014928
20020828,0.114218122092
20020829,5.2574071022
20020830,0.0935084657312
20020831,2.77230348373
20020901,2.6111776743
20020902,0.068491582481
20020903,5.14688285576
20020904,0.108197421901
20020905,0.126215798683
20020906,5.15474726491
20020907,0.862223598328
20020908,9.48655678134
20020909,6.12400545994
20020910,0.105378123031
20020911,3.34045551304
20020912,0.383174841537
20020913,0.754950026831
20020914,3.27645457499
20020915,0.310912539364
20020916,0.463308087254
20020917,1.03098521376
20020918,0.652839310828
20020919,0.0550571006246
20020920,0.25742630148
20020921,2.29128779102
20020922,0.0906955435341
20020923,0.912524648957
20020924,0.159300015929
20020925,0.542086044123
20020926,0.022617037089
20020927,0.00761161511767
20020928,1.71332364282
20020929,0.0984406268183
20020930,0.00120445577996
20021001,2.57861928761
20021002,5.99077769157
20021003,0.213038580252
20021004,0.0286970421681
20021005,0.153335313293
20021006,0.13050939049
20021007,0.483567596172
20021008,3.86880357804
20021009,0.154534420331
20021010,2.89493937808
20021011,2.86823772381
20021012,2.2741304079
20021013,0.0507002647872
20021014,0.00706096292661
20021015,0.200692295036
20021016,0.00843343785112
20021017,0.000149539314757
20021018,0.0864091842965
20021019,1.29352327277
20021020,0.408883999667
20021021,0.00857404393686
20021022,0.982398221623
20021023,0.0426287113499
20021024,0.00391857821666
20021025,0.294051502697
20021026,5.95372260288
20021027,0.494416914091
20021028,0.0316619809938
20021029,0.928251547668
20021030,0.0476013203215
20021031,0.0075260232716
20021101,0.0205407126447
20021102,0.000360732988744
20021103,0.051538344676
20021104,0.000910571442851
20021105,0.0
20021106,0.0
20021107,0.0942461225235
20021108,0.00166512589639
20021109,0.0
20021110,0.0
20021111,0.0
20021112,0.0
20021113,0.0
20021114,0.0
20021115,0.058756226202
20021116,0.663030006047
20021117,0.0627232457912
20021118,0.0176563434205
20021119,0.000296021263379
20021120,0.0
20021121,0.148030158956
20021122,0.175864649107
20021123,0.0854718134884
20021124,0.00145602247421
20021125,0.0
20021126,0.0123775912617
20021127,0.0424854687505
20021128,0.125001021122
20021129,0.00254550006136
20021130,0.00688960654117
20021201,0.000121615181768
20021202,0.071966373442
20021203,0.00428254744186
20021204,5.31988847156e-05
20021205,0.0
20021206,0.0109553476511
20021207,0.911903720865
20021208,0.987578059732
20021209,0.941549941455
20021210,0.0163319108287
20021211,0.497041917104
20021212,1.19512556854
20021213,2.10534814764
20021214,0.0532955572635
20021215,0.000290970169402
20021216,0.0
20021217,0.591658491677
20021218,0.0124842952284
20021219,3.58827726693e-05
20021220,0.0
20021221,0.0
20021222,0.0
20021223,0.0
20021224,0.0
20021225,0.0
20021226,0.0
20021227,0.0
20021228,0.0
20021229,0.0
20021230,0.0
20021231,0.0
20030101,0.0
20030102,0.0
20030103,0.0
20030104,0.0
20030105,0.0
20030106,0.0230075966508
20030107,0.000406494655022
20030108,0.0
20030109,0.0
20030110,0.0237751143451
20030111,0.135496379996
20030112,0.180229578902
20030113,0.00314210367921
20030114,0.0
20030115,0.0153378091588
20030116,0.801004111616
20030117,0.0195510322894
20030118,0.00279154739483
20030119,4.76338158847e-05
20030120,0.000173848218708
20030121,0.336673604875
20030122,0.0456558401822
20030123,0.000701547712806
20030124,0.0
20030125,0.0451178427137
20030126,0.00680385136485
20030127,1.49744380087
20030128,0.0407260810034
20030129,0.000252143972297
20030130,0.0
20030131,0.0
20030201,0.0
20030202,0.0
20030203,0.0
20030204,0.0
20030205,0.0
20030206,0.0
20030207,0.0
20030208,0.0
20030209,0.0
20030210,0.0
20030211,0.313032435842
20030212,0.00553060817238
20030213,0.0
20030214,0.0413618805002
20030215,0.00772016442955
20030216,0.000123487427676
20030217,0.0
20030218,0.0
20030219,0.0
20030220,0.0
20030221,0.0
20030222,0.0
20030223,0.0
20030224,0.0
20030225,0.0
20030226,0.0
20030227,0.0
20030228,0.0
20030301,0.0
20030302,0.0
20030303,0.0
20030304,0.00224744466819
20030305,3.97075020025e-05
20030306,0.0
20030307,0.0279933436588
20030308,0.000494582036461
20030309,0.0
20030310,0.0
20030311,0.0
20030312,0.0
20030313,0.0
20030314,0.0573404043706
20030315,0.00101308127502
20030316,0.0
20030317,0.0
20030318,0.0
20030319,0.0
20030320,0.0
20030321,0.0
20030322,0.0
20030323,0.000549783655222
20030324,9.71349559667e-06
20030325,0.038933764651
20030326,0.00068787566363
20030327,0.0
20030328,0.0
20030329,0.0
20030330,0.0
20030331,0.0
20030401,0.0
20030402,0.0
20030403,0.0
20030404,0.0
20030405,0.0
20030406,0.0
20030407,0.0
20030408,0.0
20030409,0.0
20030410,0.0
20030411,0.0
20030412,0.0
20030413,0.0139063798565
20030414,0.0235071983242
20030415,0.000410980587403
20030416,0.0
20030417,0.0
20030418,0.0896422727504
20030419,0.0399770285194
20030420,0.422137026476
20030421,0.0585481318595
20030422,0.000902859805367
20030423,0.256459476184
20030424,0.338685866755
20030425,0.0178643795403
20030426,0.130316301039
20030427,0.024692692829
20030428,0.000395654013518
20030429,0.0
20030430,0.00222817325032
20030501,0.000134089289406
20030502,0.137857171173
20030503,2.4287228593
20030504,0.149514746965
20030505,1.98396815256
20030506,0.0626645337305
20030507,0.111005493687
20030508,0.100491235978
20030509,0.396787531001
20030510,0.714080242947
20030511,0.0322150649878
20030512,0.219224037472
20030513,0.0089118259676
20030514,8.91301276477e-05
20030515,0.00124231024939
20030516,0.0962189324674
20030517,0.0708791745504
20030518,1.02174845373
20030519,0.0306999653621
20030520,0.288739529156
20030521,0.00509744998833
20030522,0.887064568314
20030523,0.416072438262
20030524,0.0925458018301
20030525,0.117482259766
20030526,0.0914002852285
20030527,0.117305558095
20030528,0.00204464502464
20030529,0.0
20030530,0.0
20030531,0.606249980292
20030601,0.0548192933529
20030602,0.0355535501603
20030603,0.520255934862
20030604,0.00922108415335
20030605,0.199865659216
20030606,11.1477680119
20030607,0.621182352086
20030608,8.55760021427
20030609,18.1495812419
20030610,0.341239062909
20030611,1.70687825731
20030612,0.0725589176149
20030613,0.480763250441
20030614,0.224522825707
20030615,5.36847862204
20030616,3.09610273957
20030617,4.40238070172
20030618,4.14655242915
20030619,0.881219688633
20030620,0.384124699583
20030621,0.860114906157
20030622,0.0150809342444
20030623,6.36969714524
20030624,0.243522675491
20030625,1.81380115022
20030626,1.39969411876
20030627,0.643434760009
20030628,7.17662814965
20030629,7.00665065935
20030630,0.128731561293
20030701,0.779891549067
20030702,0.964783960505
20030703,3.2919524856
20030704,0.0987166895113
20030705,5.99176326493
20030706,2.65209360519
20030707,1.83668887763
20030708,0.465719782183
20030709,0.107395204164
20030710,1.73927791983
20030711,0.595355642732
20030712,8.37701921099
20030713,0.159808407172
20030714,0.0672180768847
20030715,3.06479627277
20030716,0.212076304727
20030717,0.209674536472
20030718,0.00796068563215
20030719,7.74701045841
20030720,0.33386100845
20030721,0.291584428678
20030722,0.698939100066
20030723,0.413511237399
20030724,0.239218588005
20030725,2.58350395108
20030726,6.56461376562
20030727,1.04931609994
20030728,0.151714598268
20030729,2.48671937621
20030730,0.351745205543
20030731,8.05190962339
20030801,0.159012204135
20030802,0.000297675230133
20030803,0.000923003681289
20030804,2.31559850764
20030805,0.138866219573
20030806,13.1427364467
20030807,0.445863253083
20030808,11.4434557387
20030809,6.12783321287
20030810,4.54725457649
20030811,3.98392277453
20030812,3.52797728867
20030813,5.85727214352
20030814,0.518031563758
20030815,3.92492694089
20030816,1.09305629492
20030817,1.46415599813
20030818,0.957797849863
20030819,10.0933105269
20030820,0.706545790583
20030821,1.2603053439
20030822,11.610908524
20030823,2.40709965735
20030824,0.129105815206
20030825,9.03584811736
20030826,1.55680585814
20030827,0.0246853364881
20030828,0.655560511296
20030829,0.482787280836
20030830,0.755075287555
20030831,0.0826196698898
20030901,2.68387004996
20030902,0.176717488278
20030903,0.52191704784
20030904,3.08060800038
20030905,2.78671471725
20030906,1.66791288251
20030907,5.17212822429
20030908,6.02425118313
20030909,6.44046811247
20030910,6.06953032278
20030911,0.14753330742
20030912,2.5929626272
20030913,0.429134303991
20030914,1.30590807221
20030915,0.211546706838
20030916,1.44675667295
20030917,6.4097684318
20030918,17.4810458384
20030919,4.670144823
20030920,0.648636856083
20030921,2.05545785377
20030922,8.01191632813
20030923,3.15873007733
20030924,1.84214057009
20030925,0.0997895250803
20030926,0.00350671564771
20030927,1.22180276897
20030928,1.22714821044
20030929,1.4042349124
20030930,5.28287566804
20031001,3.78883654831
20031002,0.0814158302252
20031003,0.0931229377435
20031004,0.215918492836
20031005,0.0248084812446
20031006,1.43622470687
20031007,0.627264754359
20031008,3.49706558506
20031009,0.0695242593595
20031010,0.288195714529
20031011,0.00508932288986
20031012,0.128967566292
20031013,0.368954832476
20031014,0.00683943853416
20031015,0.000291276794367
20031016,1.45523871694e-05
20031017,0.0764472131549
20031018,1.97554351225
20031019,2.12033847227
20031020,5.94468573188
20031021,3.60786432618
20031022,0.321794853078
20031023,1.91839550011
20031024,0.761802545678
20031025,0.218195122964
20031026,0.0200237958509
20031027,0.165054845521
20031028,0.00881622213403
20031029,0.501255130334
20031030,0.0120535452076
20031031,0.114887554007
20031101,0.0450349646152
20031102,0.121781084267
20031103,0.0224339601927
20031104,0.00689440263546
20031105,0.00201972763598
20031106,3.36440421592e-05
20031107,0.0588314045099
20031108,4.9860422468
20031109,4.3397615014
20031110,0.0751181462313
20031111,0.0223668723931
20031112,0.0998667991115
20031113,0.00175744906104
20031114,0.0
20031115,0.0
20031116,0.0
20031117,0.084549800209
20031118,0.00149381261978
20031119,0.00882793890124
20031120,0.834423501741
20031121,0.0160131777917
20031122,0.0394416186299
20031123,0.00828003433953
20031124,0.000133985573864
20031125,0.0
20031126,0.00282412862756
20031127,0.909685316545
20031128,0.0764300161145
20031129,0.0355348894984
20031130,0.021038657788
20031201,0.084468285292
20031202,0.375439705428
20031203,0.18085347388
20031204,0.162655049293
20031205,0.155202586809
20031206,0.66402479448
20031207,0.352931064276
20031208,0.0964179585121
20031209,0.00159697652307
20031210,0.0
20031211,0.0
20031212,0.0
20031213,0.0
20031214,0.0
20031215,0.0
20031216,0.146357518776
20031217,0.00258582190267
20031218,0.0
20031219,0.0
20031220,0.0
20031221,0.0
20031222,0.0
20031223,0.0
20031224,0.644426162785
20031225,0.170250292055
20031226,0.00280679637411
20031227,0.0
20031228,0.00123914660498
20031229,2.18930526072e-05
20031230,0.0
20031231,0.0
20040101,0.0929540129052
20040102,0.0163369775527
20040103,0.000259623300917
20040104,0.0
20040105,0.0061433590551
20040106,0.00010853989783
20040107,0.0
20040108,0.398509487936
20040109,4.58056757675
20040110,3.92202708423
20040111,0.512345673599
20040112,0.00831092374981
20040113,2.51331621341
20040114,0.872207888331
20040115,0.132314408982
20040116,0.159848504453
20040117,0.00278744154458
20040118,0.0
20040119,0.0
20040120,0.125323762818
20040121,0.00221420057374
20040122,0.39086424691
20040123,0.27771741191
20040124,0.00478465867255
20040125,0.0
20040126,0.0
20040127,0.527417485452
20040128,0.00931833078539
20040129,0.0
20040130,0.0
20040131,0.0
20040201,0.0
20040202,0.0
20040203,0.0228601326707
20040204,0.000403889277066
20040205,0.0
20040206,0.0
20040207,0.0
20040208,0.0
20040209,0.0
20040210,0.0
20040211,0.0
20040212,0.0
20040213,0.0
20040214,0.00274434904215
20040215,0.361803730299
20040216,0.0151467684883
20040217,0.000154687864151
20040218,0.00569903870226
20040219,0.002763943726
20040220,4.70539579775e-05
20040221,0.110498937226
20040222,0.011831348792
20040223,0.000174541906276
20040224,0.0
20040225,0.0
20040226,0.0
20040227,0.0
20040228,0.0
20040229,0.0
20040301,0.0
20040302,0.0
20040303,0.0
20040304,0.0
20040305,0.0
20040306,0.0
20040307,0.0
20040308,0.0
20040309,0.0
20040310,0.0
20040311,0.0
20040312,0.0
20040313,0.0
20040314,0.0
20040315,0.0
20040316,0.0149838530742
20040317,0.00682167954134
20040318,0.000115847100125
20040319,0.0
20040320,0.0
20040321,0.0
20040322,0.00199200597441
20040323,0.0627317307791
20040324,0.0449210015961
20040325,0.000774086506872
20040326,0.066277566601
20040327,0.00117098174281
20040328,0.0
20040329,0.0
20040330,0.0
20040331,0.0
20040401,0.0
20040402,0.0
20040403,0.221775820317
20040404,0.0660180455814
20040405,0.0168976817498
20040406,0.000279161037103
20040407,0.00781315550618
20040408,0.000138041607236
20040409,0.0
20040410,0.0
20040411,0.151993939077
20040412,0.122491227385
20040413,0.140961643343
20040414,0.00881084665403
20040415,0.0883244434873
20040416,0.00155851785135
20040417,0.645383670575
20040418,0.0158847755974
20040419,8.15782425551e-05
20040420,4.21689457719e-08
20040421,0.0
20040422,0.0384372215474
20040423,0.238446772805
20040424,0.196560685
20040425,0.00339858379756
20040426,0.222227168978
20040427,0.0039349842479
20040428,0.233376425387
20040429,0.128203540776
20040430,0.0930375985629
20040501,0.140864454132
20040502,0.00246041372433
20040503,0.0
20040504,0.0
20040505,0.0
20040506,0.028343570324
20040507,0.00677653373357
20040508,0.000704047653363
20040509,1.04800038186e-05
20040510,0.00303046318514
20040511,0.00871305383925
20040512,0.000170062488676
20040513,3.01547036876e-07
20040514,0.000504741607995
20040515,0.184167275363
20040516,0.231299366402
20040517,0.00931389172447
20040518,9.33712939358e-05
20040519,0.0156298641283
20040520,0.00241062840988
20040521,3.77117077035e-05
20040522,0.00268841498443
20040523,0.0653491536296
20040524,0.592219983082
20040525,1.89916371943
20040526,2.26547638764
20040527,0.130061758336
20040528,2.44616272244
20040529,10.9590739623
20040530,0.223622698331
20040531,0.0005435079806
20040601,0.0
20040602,0.0972415685925
20040603,0.0983969740852
20040604,1.50636677472
20040605,0.522924163907
20040606,0.645819672265
20040607,4.04651318791
20040608,0.0735228683111
20040609,1.76301999266
20040610,9.12960071263
20040611,0.162389308457
20040612,0.0073598711993
20040613,1.0925108238
20040614,0.419715449518
20040615,4.77134190791
20040616,0.087685094264
20040617,0.0149728409071
20040618,0.234359911946
20040619,0.753694261573
20040620,0.379632420101
20040621,0.0473702508536
20040622,7.99044138871
20040623,0.289149705493
20040624,0.00261463966127
20040625,0.0
20040626,5.66562600695
20040627,11.7567711015
20040628,0.238196955168
20040629,5.31443103363
20040630,1.40887581654
20040701,2.82477647756
20040702,7.2260386113
20040703,0.473705883579
20040704,1.79600073193
20040705,0.743614298772
20040706,3.11485506947
20040707,0.826037430651
20040708,0.0251906822982
20040709,1.3295909746
20040710,5.86584682655
20040711,1.27563333978
20040712,2.76752205092
20040713,10.7894874366
20040714,0.18999438881
20040715,16.9013811785
20040716,0.29898926578
20040717,6.68489067318e-06
20040718,0.298150379927
20040719,0.237923992151
20040720,0.705748386102
20040721,3.21979435264
20040722,1.41570155834
20040723,3.7697279802
20040724,0.986963636939
20040725,0.30692296157
20040726,6.63346476793
20040727,0.928558079882
20040728,0.988723907904
20040729,0.0740543000871
20040730,0.625442453842
20040731,2.92316285593
20040801,2.40659406025
20040802,0.833878476845
20040803,0.889797830142
20040804,0.384521681637
20040805,0.210080243877
20040806,0.15179069714
20040807,0.354133168855
20040808,0.791399270958
20040809,2.46209865268
20040810,0.0526414697917
20040811,0.0502591759278
20040812,0.363754370584
20040813,3.6576952707
20040814,10.69039461
20040815,0.187794706945
20040816,1.37650054752
20040817,0.0243210774852
20040818,0.785928187228
20040819,1.67949524118
20040820,0.357158771976
20040821,20.6051073538
20040822,0.670364983848
20040823,0.0135886858857
20040824,0.000144433142628
20040825,9.54983598781
20040826,0.194676626459
20040827,0.39533405397
20040828,2.6096644183
20040829,18.4317566293
20040830,1.57586813237
20040831,1.73437006672
20040901,0.644006962334
20040902,0.0531935824751
20040903,0.0424765928326
20040904,0.197595944339
20040905,0.898495795182
20040906,0.463734721227
20040907,8.62691065469
20040908,0.814211523375
20040909,0.427267768585
20040910,4.38024932551
20040911,2.90501908782
20040912,0.174624829041
20040913,4.42936876717
20040914,1.76473588037
20040915,2.10998046834
20040916,3.92006718677
20040917,0.0692904401134
20040918,0.185813095515
20040919,0.0045949007004
20040920,0.0818126709279
20040921,4.65711276093
20040922,3.08991899277
20040923,1.56771142137
20040924,6.3897219134
20040925,0.283015708691
20040926,0.801797564001
20040927,2.55004543841
20040928,0.724745933507
20040929,0.393674014703
20040930,0.254568410558
20041001,0.00437853854902
20041002,0.0
20041003,11.1538852935
20041004,0.204343719134
20041005,0.00216564257861
20041006,0.52488747473
20041007,0.0734161171288
20041008,0.837824871446
20041009,1.14108648024
20041010,0.218044738107
20041011,0.0139334507312
20041012,1.42765503971
20041013,0.247526255481
20041014,6.19356725647
20041015,0.574193718761
20041016,1.67320322301
20041017,0.485173564218
20041018,0.265692158265
20041019,0.119490964108
20041020,0.752730334193
20041021,0.0132632437933
20041022,0.040099994537
20041023,0.611710416173
20041024,9.02979444927
20041025,0.187588479786
20041026,0.229601183548
20041027,0.00404774160452
20041028,0.0901250245575
20041029,0.317248915416
20041030,1.56609070024
20041031,0.18736512404
20041101,0.0832205151894
20041102,0.106068759099
20041103,0.0209867725471
20041104,1.96609504863
20041105,0.288141522482
20041106,0.137374788932
20041107,0.410944747098
20041108,1.04767000339
20041109,0.0278683485907
20041110,0.0189576903742
20041111,0.457537981158
20041112,0.00807784429198
20041113,0.0
20041114,0.102456470818
20041115,0.679451825702
20041116,0.0880931050229
20041117,0.0571837588389
20041118,0.125979550793
20041119,0.00950508477351
20041120,0.142387816441
20041121,0.00251340817898
20041122,0.0
20041123,0.0
20041124,0.0
20041125,0.0
20041126,0.0
20041127,0.0
20041128,0.0
20041129,0.00502471749995
20041130,0.00738003723534
20041201,0.380282413917
20041202,0.00671649444702
20041203,0.0
20041204,0.0
20041205,0.0
20041206,0.0
20041207,0.0604654967736
20041208,0.0188106429471
20041209,0.351111930001
20041210,0.0271586296773
20041211,0.000370331746695
20041212,0.0837645459905
20041213,0.156395108773
20041214,0.0168335621214
20041215,0.428865167547
20041216,0.0733418821095
20041217,0.317584238573
20041218,0.139947648296
20041219,0.00361947879731
20041220,2.20084411898e-05
20041221,0.0
20041222,0.0
20041223,0.0
20041224,0.0
20041225,0.0
20041226,0.0110428423973
20041227,0.000195103234268
20041228,0.0
20041229,0.0
20041230,0.0
20041231,0.0
20050101,0.0985990344562
20050102,0.00174203251936
20050103,0.0
20050104,0.0
20050105,0.0
20050106,0.0
20050107,0.0
20050108,0.0121578067497
20050109,0.000214802265999
20050110,0.0
20050111,0.00159828538602
20050112,0.161756550272
20050113,0.565178883603
20050114,0.00993500896423
20050115,0.0
20050116,0.0
20050117,0.0044550245465
20050118,0.00237111659403
20050119,4.05018711716e-05
20050120,0.0
20050121,0.0482588913223
20050122,2.2613265853
20050123,0.0399377015385
20050124,0.0
20050125,0.0
20050126,0.0
20050127,0.0
20050128,0.0
20050129,0.0
20050130,0.0
20050131,0.0
20050201,0.0
20050202,0.0
20050203,0.0
20050204,0.0
20050205,0.0
20050206,0.0
20050207,12.717018651
20050208,0.224682309012
20050209,0.0
20050210,0.0
20050211,0.0
20050212,0.274519153819
20050213,0.00485016163409
20050214,0.144001426069
20050215,3.25175984447
20050216,0.417938979376
20050217,0.00636982931864
20050218,0.0
20050219,0.00517109979832
20050220,0.00394196080873
20050221,0.95000342516
20050222,0.326190936616
20050223,0.00546656561365
20050224,0.0
20050225,0.0391132007675
20050226,0.0414641391009
20050227,1.51276581311
20050228,1.71066113265
20050301,0.1997192051
20050302,0.108365046497
20050303,0.0777971908303
20050304,0.0423744748764
20050305,1.11592355443
20050306,0.160128880373
20050307,0.0243358472795
20050308,0.000386127707218
20050309,0.0
20050310,0.0
20050311,0.0123323280057
20050312,0.000217885648522
20050313,0.0
20050314,0.0
20050315,0.0
20050316,0.0
20050317,0.0
20050318,0.0
20050319,0.0
20050320,0.00248421118896
20050321,4.38906414541e-05
20050322,0.0
20050323,0.0
20050324,0.0
20050325,0.0
20050326,0.0
20050327,0.0
20050328,0.0
20050329,0.0
20050330,0.0
20050331,0.0
20050401,0.0
20050402,0.0
20050403,0.0
20050404,0.0
20050405,0.0
20050406,0.0
20050407,0.000559786902952
20050408,0.00810617907014
20050409,0.000143043970045
20050410,0.0
20050411,0.0
20050412,0.0725046315454
20050413,0.315177207747
20050414,1.77673112216
20050415,0.159004084667
20050416,0.107456657194
20050417,1.4723189709
20050418,0.979219608246
20050419,0.0168416916687
20050420,0.0780144490239
20050421,0.0013783471805
20050422,0.323445804638
20050423,0.00571459006334
20050424,0.0
20050425,0.0
20050426,0.65260571181
20050427,0.0563222956596
20050428,0.00375583464015
20050429,5.2375496544e-05
20050430,0.0
20050501,0.00111884552746
20050502,0.000921133031087
20050503,0.0353060625909
20050504,0.000623500638867
20050505,0.0
20050506,0.0
20050507,0.0
20050508,0.0212889317443
20050509,0.123769339942
20050510,2.47491921235
20050511,1.05474572087
20050512,0.0663447886116
20050513,0.020658818895
20050514,0.199859630899
20050515,0.0322147585498
20050516,1.80987649715
20050517,0.202945829874
20050518,0.0208953539971
20050519,0.704787762093
20050520,2.38720453199
20050521,0.977744752055
20050522,1.54128651355
20050523,0.029066018975
20050524,7.90928167544
20050525,0.148944600675
20050526,0.000162637892512
20050527,0.0632090751244
20050528,0.30105584986
20050529,0.283616425427
20050530,0.150367134704
20050531,0.0979835871734
20050601,0.464026783427
20050602,0.178120984832
20050603,3.53951391236
20050604,0.910207019446
20050605,6.11702101423
20050606,3.17616739088
20050607,2.68730214796
20050608,2.48148625903
20050609,0.28243808544
20050610,0.00422999115098
20050611,15.9577980042
20050612,1.65361456813
20050613,5.89104806928
20050614,4.14469826435
20050615,0.0916228462581
20050616,1.6842739686
20050617,2.70875050569
20050618,0.0473321440032
20050619,0.0439579446812
20050620,4.83323756056
20050621,2.24349464408
20050622,2.25825879228
20050623,0.196945388147
20050624,2.11921256059
20050625,3.21730009452
20050626,0.795914973854
20050627,0.184493066296
20050628,20.0831573297
20050629,0.374032307385
20050630,2.48542802795
20050701,3.60315627072
20050702,0.0628842787378
20050703,0.825803758831
20050704,12.0984793621
20050705,0.270535010098
20050706,24.9699215905
20050707,0.926107313941
20050708,0.409381274107
20050709,0.809061560692
20050710,14.6951760897
20050711,7.04196998128
20050712,0.426916477616
20050713,13.2332613788
20050714,0.248057102203
20050715,9.48157568309
20050716,0.925988725415
20050717,0.0135343925459
20050718,2.36374569813e-06
20050719,0.02022852413
20050720,2.02077063384
20050721,4.05049387794
20050722,0.146346177028
20050723,0.0531385447393
20050724,9.45734206274
20050725,7.31249473469
20050726,0.126579862142
20050727,0.862946222793
20050728,0.406387077388
20050729,0.00691061427465
20050730,0.00320049538362
20050731,1.05729514461
20050801,1.83734454982
20050802,2.31025401222
20050803,0.484684876913
20050804,0.00802911441594
20050805,1.36853964901
20050806,2.04072020905
20050807,0.195307636817
20050808,0.0117385152881
20050809,0.000228483961373
20050810,1.56395526108
20050811,11.4673913538
20050812,1.83786842885
20050813,0.128911843336
20050814,0.162873336318
20050815,0.660200480999
20050816,3.39391152269
20050817,2.06305233282
20050818,1.04599466437
20050819,13.5747678116
20050820,11.954574923
20050821,0.213373551132
20050822,1.70626076755
20050823,9.00249225247
20050824,1.28086672147
20050825,1.32853391221
20050826,0.0278158278328
20050827,6.6384200055
20050828,0.799346552368
20050829,11.580656306
20050830,0.300189331525
20050831,0.0224088790002
20050901,12.3634912532
20050902,0.411901772953
20050903,0.0725655898505
20050904,0.834762347034
20050905,5.6374398639
20050906,0.153572855987
20050907,1.88255021086
20050908,4.63182598382
20050909,0.134593586775
20050910,1.73104304475
20050911,0.0305983495631
20050912,5.51312645187e-07
20050913,0.941641539079
20050914,0.956773710182
20050915,2.05836792055
20050916,0.475109770264
20050917,0.220647119497
20050918,1.23979246873
20050919,2.06452030286
20050920,0.074488519936
20050921,0.00201572742274
20050922,5.7674856916
20050923,2.22518327894
20050924,0.973125865527
20050925,0.13020657038
20050926,0.938472184786
20050927,15.1463150296
20050928,13.686244616
20050929,4.39360500891
20050930,0.663563046959
20051001,0.139639889309
20051002,1.88928354361
20051003,0.455604650547
20051004,0.0574755895482
20051005,0.160746107303
20051006,22.7172810277
20051007,0.459164222894
20051008,0.0148529579751
20051009,6.80363824218
20051010,1.1933097316
20051011,1.12527754467
20051012,2.40376552201
20051013,10.4363859018
20051014,2.16882971204
20051015,0.0350739474152
20051016,0.22088416303
20051017,0.370493179885
20051018,0.062877382699
20051019,0.15892528916
20051020,1.35307827978
20051021,1.42167063912
20051022,1.19421230518
20051023,1.51907510745
20051024,4.52606927693
20051025,1.48185367479
20051026,0.225213952412
20051027,0.00354316093942
20051028,0.200772999205
20051029,0.449261207755
20051030,0.732239483511
20051031,0.0297120681547
20051101,0.0270877503261
20051102,0.312645510977
20051103,0.561464791258
20051104,0.00982242742652
20051105,0.00692198992619
20051106,0.000906609010634
20051107,1.38571060752e-05
20051108,0.0224831162479
20051109,0.000397228112825
20051110,0.0
20051111,0.00854783097916
20051112,0.000151021756219
20051113,0.0696990427269
20051114,0.296615898681
20051115,0.0748904391613
20051116,0.239773700298
20051117,0.674898388596
20051118,0.0118495379941
20051119,0.0
20051120,0.0
20051121,0.334214923992
20051122,0.00590485660871
20051123,0.0391379369182
20051124,0.00597106470105
20051125,0.000457367576204
20051126,0.183175900649
20051127,0.0721311192294
20051128,0.0876086514957
20051129,0.00152635026015
20051130,0.0
20051201,0.0
20051202,0.0
20051203,0.0
20051204,0.0252574296737
20051205,0.107576600827
20051206,0.00189276242107
20051207,0.0
20051208,0.0
20051209,0.0
20051210,0.0240325739755
20051211,0.345976179071
20051212,0.114738691618
20051213,0.00191932043021
20051214,0.0414197072863
20051215,0.271211879067
20051216,0.0620516105877
20051217,0.00101188707888
20051218,0.0
20051219,0.0
20051220,0.0
20051221,0.113127937264
20051222,0.00919432715876
20051223,0.000127130742923
20051224,0.365236389915
20051225,0.133994503022
20051226,0.827754813932
20051227,0.054498884227
20051228,0.256539660127
20051229,0.00452004320272
20051230,0.0495601233352
20051231,0.149316162676
20060101,0.00262262421592
20060102,0.0
20060103,0.0
20060104,0.0
20060105,0.0
20060106,0.0
20060107,0.129352168676
20060108,0.203414914084
20060109,0.207866310683
20060110,0.00969782538465
20060111,0.00318906388406
20060112,1.2333841773
20060113,0.0284639627796
20060114,0.000117909667753
20060115,0.000365062598601
20060116,6.44986828701e-06
20060117,0.514783508274
20060118,0.677810339098
20060119,0.672387076462
20060120,0.0116708884619
20060121,0.0
20060122,0.0
20060123,0.0
20060124,0.233608853864
20060125,0.0139002224712
20060126,0.000172665307976
20060127,0.0
20060128,0.343346088104
20060129,0.0332449103853
20060130,0.000480189582486
20060131,0.0
20060201,0.0
20060202,0.00359604627148
20060203,0.013055912782
20060204,0.000229547304398
20060205,0.0902936759341
20060206,0.00159529457146
20060207,0.0
20060208,0.0
20060209,0.0
20060210,0.0782233662318
20060211,1.1837095824
20060212,0.640645253497
20060213,1.40598158932
20060214,0.0250002590441
20060215,6.23770533407e-06
20060216,0.00476320452511
20060217,0.00179439388595
20060218,3.02162210441e-05
20060219,0.00515941368563
20060220,9.11557003866e-05
20060221,0.0
20060222,0.0
20060223,0.0
20060224,0.0
20060225,0.0
20060226,0.0
20060227,0.0
20060228,0.0
20060301,0.0
20060302,0.00498622371038
20060303,8.80958285901e-05
20060304,0.0
20060305,0.0
20060306,0.0
20060307,0.0
20060308,0.0927476138058
20060309,0.0319669658194
20060310,0.042518111205
20060311,0.000741736265963
20060312,0.0
20060313,0.0
20060314,0.0
20060315,0.0
20060316,0.0
20060317,0.482789697812
20060318,0.115989051028
20060319,0.00189857238321
20060320,0.0
20060321,0.0
20060322,0.0
20060323,0.0
20060324,0.0
20060325,0.0
20060326,0.0
20060327,0.0
20060328,0.0
20060329,0.00107169079666
20060330,0.0795458394494
20060331,1.42174809605
20060401,0.0250943986611
20060402,0.0
20060403,0.0
20060404,0.0
20060405,0.0
20060406,0.0
20060407,0.0580403144989
20060408,0.102435227263
20060409,0.0172605725442
20060410,0.000273301774554
20060411,0.017822262786
20060412,0.000314881010239
20060413,0.0
20060414,0.0
20060415,0.0
20060416,0.0
20060417,0.208569788933
20060418,1.62207542064
20060419,0.171209156022
20060420,0.00348090978467
20060421,0.0818184463236
20060422,0.254232857089
20060423,0.0681778586391
20060424,0.141470761599
20060425,0.0153443643935
20060426,0.000227292704557
20060427,0.0
20060428,0.0209847971422
20060429,0.242394239114
20060430,0.206456569375
20060501,0.00357209391934
20060502,0.00867276414118
20060503,0.0100167764801
20060504,0.0267073764993
20060505,0.000468782821434
20060506,0.00118481437732
20060507,0.0171784867381
20060508,0.0489829596297
20060509,0.242634558769
20060510,0.087705263873
20060511,0.00147409235031
20060512,0.0
20060513,0.0110398186684
20060514,0.000195049786627
20060515,0.0
20060516,0.0
20060517,0.0
20060518,0.0
20060519,0.0208858671015
20060520,0.0621968433974
20060521,1.61322188216
20060522,0.471141244506
20060523,0.889601561694
20060524,1.288500026
20060525,2.6411807927
20060526,0.187584565002
20060527,0.0249761325904
20060528,0.142050532781
20060529,0.0445167908041
20060530,0.0142989384605
20060531,0.793183814462
20060601,0.0363244092763
20060602,1.04802297572
20060603,30.7255182528
20060604,0.545324457701
20060605,4.94312075915e-05
20060606,0.0
20060607,9.91929302535
20060608,2.80669591755
20060609,0.502906369166
20060610,0.0831219440777
20060611,3.5594827685
20060612,1.44078846755
20060613,0.447977892503
20060614,0.233793213245
20060615,14.0913357827
20060616,0.257257098131
20060617,1.10671747498
20060618,0.823312971893
20060619,0.0142007469954
20060620,0.0
20060621,0.286545542309
20060622,33.2567031841
20060623,0.753463040862
20060624,0.576042249808
20060625,5.62522611189
20060626,0.114320409951
20060627,2.79803437043
20060628,0.0635256826387
20060629,0.000249031106315
20060630,0.009385539156
20060701,0.27478400011
20060702,0.486455867794
20060703,1.34106142135
20060704,5.61304376246
20060705,0.339518662374
20060706,3.15725236289
20060707,7.08955062126
20060708,0.12427285958
20060709,0.376059919211
20060710,0.0066616624358
20060711,3.39401697809
20060712,2.02645122879
20060713,5.91729555116
20060714,0.730769759692
20060715,2.07335558218
20060716,3.82602107445
20060717,0.109191100858
20060718,0.32905671479
20060719,0.00999466571963
20060720,0.504572984321
20060721,5.1573024096
20060722,0.75495737136
20060723,1.10856907146
20060724,0.22722801187
20060725,1.67943154798
20060726,2.3519617428
20060727,1.68638867996
20060728,2.16250698309
20060729,0.133439490887
20060730,0.889180195486
20060731,1.52185594762
20060801,0.169470786451
20060802,7.6721576691
20060803,0.296447186389
20060804,0.0224617348131
20060805,0.000374176401748
20060806,3.32678528495
20060807,0.245515186902
20060808,3.15096616762
20060809,8.02036717676
20060810,4.99333161842
20060811,4.66798857115
20060812,3.32278928769
20060813,0.81988852146
20060814,1.52042790433
20060815,0.0553672281082
20060816,8.67769204756
20060817,0.156452066633
20060818,0.00891993784864
20060819,0.547879556391
20060820,11.8779400681
20060821,0.221115993685
20060822,0.0848079909071
20060823,0.159922785574
20060824,0.00279908127495
20060825,0.26558305928
20060826,0.672032814446
20060827,11.703739805
20060828,1.28514135078
20060829,5.32442243602
20060830,0.413055356659
20060831,3.85395612185
20060901,0.291967361493
20060902,10.3450302769
20060903,2.4967297633
20060904,0.504823098733
20060905,0.0300985471756
20060906,1.20952909633
20060907,0.14420488772
20060908,0.184293595742
20060909,0.00360513255329
20060910,0.0442734363761
20060911,6.7199079613
20060912,0.153131140793
20060913,0.0294750235571
20060914,8.69507308438
20060915,9.6100366745
20060916,1.23046503816
20060917,0.0756365184432
20060918,4.247500871
20060919,0.798085203798
20060920,0.820428998709
20060921,0.403227257723
20060922,0.0355972668005
20060923,4.70639774289
20060924,0.190812800293
20060925,0.701686681352
20060926,0.531877957606
20060927,2.05681708209
20060928,0.523591484048
20060929,1.99948555068
20060930,0.0394317890414
20061001,0.374900742614
20061002,0.0066716421169
20061003,8.70726763593e-07
20061004,0.680787360696
20061005,0.0120284033197
20061006,1.55622786899
20061007,0.0565180166242
20061008,0.00131977585532
20061009,0.627044834518
20061010,3.08262805486
20061011,0.120863195418
20061012,0.438592568807
20061013,5.7893553789
20061014,2.37463633361
20061015,1.09030555536
20061016,0.0556669612935
20061017,0.790519643057
20061018,0.0763989280162
20061019,0.00474324747813
20061020,0.0803426646144
20061021,0.0304716900853
20061022,0.016466903688
20061023,7.07100886339
20061024,0.125469131632
20061025,0.037502783401
20061026,0.0242354954171
20061027,0.000416485435029
20061028,0.000620625918098
20061029,0.0492613050985
20061030,0.229242767269
20061031,0.307683680046
20061101,0.100686379691
20061102,0.0534712270508
20061103,0.205183189215
20061104,0.132002884477
20061105,0.222208249869
20061106,0.00388586187246
20061107,0.0
20061108,0.0
20061109,0.0
20061110,0.0
20061111,0.0
20061112,0.00557293198679
20061113,0.0203080042062
20061114,0.000357059047034
20061115,0.0
20061116,0.0
20061117,0.0
20061118,0.00180982167533
20061119,3.19756469917e-05
20061120,0.0
20061121,0.0
20061122,0.0190056249038
20061123,0.000335788432606
20061124,0.0
20061125,0.0
20061126,0.501432027522
20061127,0.0177338828431
20061128,0.000156796130429
20061129,0.0144770002846
20061130,0.187834358969
20061201,0.00331410910754
20061202,0.0
20061203,0.0
20061204,0.0
20061205,0.0477396060785
20061206,0.211897554944
20061207,0.134253423783
20061208,0.00230608751103
20061209,0.11011850173
20061210,0.0503278607874
20061211,0.00289571659384
20061212,3.60584123343e-05
20061213,0.0
20061214,0.000241761053916
20061215,0.415926977631
20061216,0.00734845762024
20061217,0.00475490059553
20061218,8.40088302811e-05
20061219,0.0
20061220,0.0
20061221,0.0
20061222,0.0
20061223,0.0
20061224,0.0
20061225,0.0
20061226,0.0
20061227,0.0
20061228,0.0
20061229,0.0
20061230,0.0
20061231,0.0
20070101,0.0386500688371
20070102,0.000682863436957
20070103,0.0
20070104,0.0
20070105,0.0
20070106,0.0
20070107,0.0
20070108,0.0
20070109,0.0
20070110,0.0
20070111,0.0
20070112,0.00788946914212
20070113,0.130929789625
20070114,0.0272025039895
20070115,0.141404141444
20070116,0.00249053632319
20070117,0.0
20070118,0.0
20070119,0.0
20070120,0.0
20070121,0.0
20070122,0.014269622434
20070123,0.00817024002668
20070124,0.00412500001946
20070125,7.04081868053e-05
20070126,0.457537783015
20070127,0.0080837064557
20070128,0.0
20070129,0.0
20070130,0.0
20070131,0.0
20070201,0.0
20070202,0.0569385828633
20070203,0.0409475462508
20070204,0.0554515000816
20070205,0.000967240572257
20070206,0.0
20070207,0.0
20070208,0.768209639928
20070209,0.035918479037
20070210,0.00168887500228
20070211,0.063936938708
20070212,0.0011292240179
20070213,0.0
20070214,0.0
20070215,0.0
20070216,0.0
20070217,0.0
20070218,0.0
20070219,0.222027515218
20070220,0.00702027300722
20070221,0.00250165528599
20070222,4.32319461572e-05
20070223,0.0
20070224,0.0
20070225,0.0
20070226,0.0
20070227,0.0
20070228,0.0
20070301,0.0
20070302,0.0
20070303,0.0
20070304,0.282730752249
20070305,0.0133995621499
20070306,0.230369540125
20070307,0.310194264344
20070308,0.00540859967731
20070309,0.0
20070310,0.0
20070311,0.0
20070312,0.030131651531
20070313,0.0572781343607
20070314,0.00100257551117
20070315,0.00396779960156
20070316,0.521984746018
20070317,0.00922110667686
20070318,0.0
20070319,0.0164566066039
20070320,0.00029075278071
20070321,0.0
20070322,0.0122751945846
20070323,0.0308377011274
20070324,0.000541004016523
20070325,0.0
20070326,0.0
20070327,0.0
20070328,0.0
20070329,0.0
20070330,0.00856225953892
20070331,0.000151276670631
20070401,0.0
20070402,0.0
20070403,0.0220074186021
20070404,0.0412281176798
20070405,0.000721542322752
20070406,0.00537285493004
20070407,9.4926760986e-05
20070408,0.0356768169409
20070409,0.0277796632271
20070410,0.0346382432958
20070411,0.337231472332
20070412,0.0489431480926
20070413,0.00940663998973
20070414,0.150863975901
20070415,0.0389932331026
20070416,0.000641881447686
20070417,0.0
20070418,0.0
20070419,0.0
20070420,0.0
20070421,0.0
20070422,0.114553007294
20070423,0.0171765964148
20070424,0.522354590893
20070425,0.141416908485
20070426,0.0023355610037
20070427,0.0
20070428,0.19933427459
20070429,0.0080758537685
20070430,8.04601705318e-05
20070501,0.760812968856
20070502,0.0423587955779
20070503,0.00284981028158
20070504,0.150345762976
20070505,0.593667412308
20070506,0.0549849492667
20070507,0.00196908057707
20070508,0.00803657496436
20070509,2.76955462082
20070510,0.0489295591649
20070511,0.0437890467568
20070512,0.00649601185777
20070513,0.000101101662471
20070514,0.197951979467
20070515,0.0295039722711
20070516,0.00522979822138
20070517,8.42812357303e-05
20070518,0.0
20070519,0.0406872014963
20070520,1.62679858034
20070521,2.13498384544
20070522,0.0381521210452
20070523,1.65926794095e-05
20070524,0.00983787192184
20070525,0.0729414513908
20070526,0.121083225722
20070527,2.50051214859
20070528,2.72217797016
20070529,0.310321795718
20070530,0.0265287511236
20070531,1.76030370961
20070601,2.21527128071
20070602,0.0925989624485
20070603,0.00232889802677
20070604,0.0387129886718
20070605,0.0324320051369
20070606,0.0333164041333
20070607,0.0694613286635
20070608,0.0619831450336
20070609,0.0389076121239
20070610,0.688561707896
20070611,0.0126265386422
20070612,0.000430299973287
20070613,3.38510298987
20070614,4.94892295537
20070615,5.32223210886
20070616,0.107455484622
20070617,0.186903723362
20070618,0.334740051703
20070619,14.5722618123
20070620,13.9584576976
20070621,0.242150277734
20070622,1.43761273655e-06
20070623,2.53871456124
20070624,0.39311007899
20070625,9.5006438025
20070626,0.413297759493
20070627,0.73790510038
20070628,0.0760681958805
20070629,0.0977112523232
20070630,0.317048892216
20070701,0.0210695168873
20070702,0.0214198103959
20070703,1.67498455977
20070704,21.9623701778
20070705,2.00749499064
20070706,10.5372669161
20070707,0.186244084031
20070708,1.0229210754e-05
20070709,0.373470047911
20070710,25.362181387
20070711,0.662855327273
20070712,0.0178411389123
20070713,6.39262007685
20070714,1.40452518192
20070715,0.135422960533
20070716,0.593508635416
20070717,8.76614901237
20070718,0.737302989484
20070719,13.4956208182
20070720,0.694324105175
20070721,0.243950785987
20070722,0.0716847655746
20070723,2.24798367785
20070724,12.9909610406
20070725,3.12667484407
20070726,0.0814142002241
20070727,5.90021682317
20070728,0.285597242964
20070729,1.54842617842
20070730,3.85680069047
20070731,0.850331356436
20070801,7.04224698461
20070802,0.311328397588
20070803,9.70599293959
20070804,0.575415743221
20070805,0.382190475907
20070806,0.0481234334526
20070807,0.171558709276
20070808,0.0819499318789
20070809,0.616996624221
20070810,0.136794002213
20070811,0.14626196636
20070812,0.013868320881
20070813,10.5820405536
20070814,3.09100289336
20070815,0.144262863577
20070816,7.91125122599
20070817,1.26247570229
20070818,0.0254349732131
20070819,1.15597529761
20070820,0.339980796085
20070821,2.95030290288
20070822,3.51180548261
20070823,5.73615580378
20070824,0.611282038722
20070825,2.30468597346
20070826,1.44173562744
20070827,1.54823107838
20070828,2.25706189875
20070829,4.31125311074
20070830,0.377762805166
20070831,1.37906360919
20070901,1.00948070992
20070902,3.24526508982
20070903,0.519589331507
20070904,0.445937301078
20070905,1.59116456029
20070906,0.592225459051
20070907,0.465871903952
20070908,1.9869450639
20070909,0.397861839468
20070910,0.00745804262352
20070911,0.029240843719
20070912,3.29198319379
20070913,0.2254263774
20070914,0.14681309037
20070915,0.00552870426659
20070916,0.203704290335
20070917,0.00363036138782
20070918,7.65081495741
20070919,1.79601744257
20070920,0.114879654002
20070921,0.0132027880911
20070922,0.0740101487121
20070923,1.22803840811
20070924,4.45339620548
20070925,0.495469081211
20070926,2.86598976878
20070927,0.169046588829
20070928,1.96750996274
20070929,0.577597965524
20070930,0.063680708743
20071001,0.011031586681
20071002,1.25321518088
20071003,0.0237505564214
20071004,0.641544503895
20071005,1.93100741463
20071006,0.14842326085
20071007,0.0251630846808
20071008,0.763019336246
20071009,1.7104310436
20071010,0.241495514608
20071011,3.19278166942
20071012,8.66246738241
20071013,0.20550821154
20071014,0.112023671659
20071015,0.0708920650449
20071016,0.296008613002
20071017,0.171411167626
20071018,0.0177524526017
20071019,2.1724991042
20071020,0.0499823613885
20071021,0.32484597655
20071022,0.534059314797
20071023,0.415263744788
20071024,0.0611847716339
20071025,0.290495132903
20071026,0.00511556283771
20071027,0.0
20071028,0.155256275085
20071029,3.07267786063
20071030,0.120970562061
20071031,0.32254994305
20071101,1.26584391659
20071102,0.649425282323
20071103,0.524001672408
20071104,0.0150938561119
20071105,0.000153976053658
20071106,0.0217110231677
20071107,0.000383572191452
20071108,0.0
20071109,0.0
20071110,0.0
20071111,0.00822797076078
20071112,0.000593423544933
20071113,1.9453213995
20071114,1.82154125338
20071115,0.0315754715089
20071116,0.0
20071117,0.0794015358307
20071118,0.0126333132347
20071119,0.000198418011889
20071120,0.0
20071121,0.0
20071122,0.0
20071123,0.11914188054
20071124,0.00394521644127
20071125,0.222784390222
20071126,0.00393554535744
20071127,0.0
20071128,0.00080129625117
20071129,1.41571819666e-05
20071130,0.0
20071201,0.0140139352574
20071202,0.263046253082
20071203,0.0060669455248
20071204,2.51565393188e-05
20071205,0.472535236911
20071206,0.00834867898066
20071207,0.00660821027392
20071208,0.000116752830441
20071209,0.0
20071210,0.0
20071211,0.0
20071212,0.0
20071213,0.0
20071214,0.0
20071215,0.0
20071216,0.0
20071217,0.0291234580469
20071218,0.000514548736777
20071219,0.0
20071220,0.0
20071221,0.007670497394
20071222,0.01254974686
20071223,0.000219332664322
20071224,0.0
20071225,0.0
20071226,0.00530259582704
20071227,9.36854435819e-05
20071228,0.0
20071229,0.0
20071230,0.0
20071231,0.0
20080101,0.0
20080102,0.0
20080103,0.0
20080104,0.0
20080105,0.0
20080106,0.0
20080107,0.0
20080108,0.0
20080109,0.0
20080110,0.0
20080111,0.0
20080112,0.00388316094848
20080113,0.480719692708
20080114,0.0084920685503
20080115,0.00220920035746
20080116,0.00116019872396
20080117,1.98085994488e-05
20080118,0.0112984392821
20080119,0.00164313062365
20080120,2.55037396963e-05
20080121,0.0
20080122,0.0
20080123,0.0
20080124,0.0
20080125,0.0
20080126,0.0
20080127,0.0
20080128,0.0175645926577
20080129,0.000310328461289
20080130,0.0
20080131,0.0
20080201,0.0
20080202,0.0
20080203,0.0
20080204,0.0
20080205,0.0
20080206,0.0
20080207,0.0
20080208,0.102388708977
20080209,0.00180898786949
20080210,0.0
20080211,0.0
20080212,0.0753239587011
20080213,0.550114534474
20080214,0.0207407329469
20080215,0.000195139722138
20080216,0.0
20080217,0.0103232620776
20080218,0.000182389779341
20080219,0.0
20080220,0.0
20080221,0.0
20080222,0.0
20080223,0.0
20080224,0.0
20080225,0.0
20080226,0.0
20080227,0.0
20080228,0.0
20080229,0.0
20080301,0.0
20080302,0.0
20080303,0.0
20080304,0.0
20080305,0.0
20080306,0.0
20080307,0.0
20080308,0.0
20080309,0.0
20080310,0.0
20080311,0.0
20080312,0.0
20080313,0.0
20080314,0.0
20080315,0.0
20080316,0.0
20080317,0.0
20080318,0.00270542350717
20080319,4.77990115852e-05
20080320,0.0
20080321,0.00193285668247
20080322,3.41494169222e-05
20080323,0.0
20080324,0.0
20080325,0.0
20080326,0.0101245043884
20080327,0.000675665343205
20080328,8.7771616136e-06
20080329,0.0
20080330,0.0
20080331,0.0
20080401,0.0
20080402,0.0
20080403,0.0
20080404,0.013262864415
20080405,0.0382060326661
20080406,0.000670878217002
20080407,0.038633721344
20080408,0.290363710101
20080409,0.0569846520244
20080410,0.000916371250814
20080411,0.241073313807
20080412,0.0121326342643
20080413,0.0245020939739
20080414,0.195181276989
20080415,0.0346567205882
20080416,0.000551517505746
20080417,0.0
20080418,0.0
20080419,0.0
20080420,0.0776769789097
20080421,0.0339435359136
20080422,0.000575462112111
20080423,1.05217363574
20080424,0.0185896398929
20080425,0.0386798786059
20080426,0.0619366444185
20080427,0.00194655075011
20080428,1.52709860869e-05
20080429,0.0
20080430,0.00438176297381
20080501,0.00537338524217
20080502,0.15927421681
20080503,0.206938195167
20080504,0.00440938910454
20080505,1.4185965387e-05
20080506,2.122668484
20080507,2.82714045876
20080508,0.109837747917
20080509,0.0184187065578
20080510,0.000306517734498
20080511,0.0
20080512,0.0
20080513,0.0
20080514,0.018350245019
20080515,0.00208444902097
20080516,9.43322378792
20080517,0.474353832045
20080518,0.0162570316609
20080519,0.00973790401043
20080520,2.45864710042
20080521,0.0724589605993
20080522,0.190292808802
20080523,0.14583301253
20080524,0.979951397318
20080525,2.81905322554
20080526,0.144825149082
20080527,1.53352949264
20080528,0.0270690632744
20080529,0.00548251692298
20080530,9.68628064918e-05
20080531,1.54194413668
20080601,8.23825527985
20080602,1.53533832468
20080603,0.025454113587
20080604,1.57435535285e-05
20080605,2.60565464393
20080606,0.481464729335
20080607,0.780156627718
20080608,0.013650683108
20080609,0.000367310550756
20080610,0.137905597618
20080611,0.0287837278086
20080612,4.6947608496
20080613,12.735867838
20080614,10.4062549417
20080615,0.197361012319
20080616,9.49824829736
20080617,0.684270423991
20080618,0.00912477517748
20080619,0.298220743815
20080620,0.128566527243
20080621,26.037048844
20080622,1.1056641752
20080623,0.361035548787
20080624,0.966851297069
20080625,3.28613996753
20080626,0.12004336138
20080627,3.34566925109
20080628,8.9786057963
20080629,0.783122012281
20080630,0.185190715442
20080701,3.41038349799
20080702,11.94334334
20080703,0.901595971231
20080704,1.8774730833
20080705,0.0969096260008
20080706,0.00112994028479
20080707,0.00481834197411
20080708,3.34301359103
20080709,1.4838816617
20080710,0.0255374544838
20080711,5.7668451796
20080712,0.105027785536
20080713,17.8570762661
20080714,0.321794959331
20080715,0.0408792608949
20080716,0.0478099472391
20080717,0.00327066084385
20080718,0.101708435222
20080719,1.00313351287
20080720,1.9187356966
20080721,11.0285506755
20080722,1.44947857091
20080723,0.14555194945
20080724,0.0320926908873
20080725,3.08704881051
20080726,0.0554599922165
20080727,1.20918103433
20080728,3.96475669061
20080729,0.288658966924
20080730,3.05233158949
20080731,0.060966546371
20080801,0.840010509822
20080802,0.0148819082307
20080803,5.79166385242
20080804,1.43281487141
20080805,16.8813155182
20080806,1.78533011029
20080807,0.966002567128
20080808,0.657246303388
20080809,0.0130534024052
20080810,0.00591345389641
20080811,2.27487759986
20080812,0.044978120019
20080813,4.43841633577
20080814,0.353300686189
20080815,0.125602079411
20080816,0.0730622341231
20080817,0.0763094101514
20080818,0.905457837609
20080819,1.60208441406
20080820,2.00673920259
20080821,10.0519707666
20080822,0.208131446435
20080823,2.54878253458
20080824,17.5286459622
20080825,1.34362535079
20080826,0.403327124101
20080827,0.314695102819
20080828,12.2286947717
20080829,13.9867052119
20080830,0.469583146147
20080831,2.47554093505
20080901,0.0903846952937
20080902,0.483566897172
20080903,18.9229808122
20080904,1.17473657781
20080905,0.0148508665157
20080906,13.4624840685
20080907,0.238643809598
20080908,0.0261648253887
20080909,12.0468623427
20080910,0.566650552512
20080911,0.0067745406564
20080912,0.042258039059
20080913,0.952340558832
20080914,0.219341521205
20080915,0.0732628864134
20080916,12.6896931619
20080917,6.90576052288
20080918,0.485556843492
20080919,0.0345114533358
20080920,5.49612100324
20080921,0.811522734482
20080922,1.23272711073
20080923,2.49984109751
20080924,0.455547739498
20080925,19.8542692593
20080926,3.57015910127
20080927,12.5062975967
20080928,0.518972568925
20080929,1.45379963531
20080930,5.39369787075
20081001,6.69490039401
20081002,4.86595575383
20081003,0.804246648795
20081004,0.907368066591
20081005,1.97043508038
20081006,0.0345340745054
20081007,6.42722648729
20081008,0.239180282173
20081009,0.00478522720829
20081010,0.096554064111
20081011,0.123886597768
20081012,0.00655751540909
20081013,0.013773869935
20081014,0.652851460484
20081015,1.67334549093
20081016,1.29048066538
20081017,0.0256330306087
20081018,0.0626868635201
20081019,0.464184599978
20081020,9.83382748028
20081021,1.44384700675
20081022,1.23359984226
20081023,0.103702420508
20081024,0.196050040085
20081025,0.945592273382
20081026,0.396083967242
20081027,0.0292728042368
20081028,0.00174664610772
20081029,0.0614287398756
20081030,0.0796743902024
20081031,0.0597816836711
20081101,0.138039757397
20081102,0.346010696107
20081103,0.0060704956442
20081104,0.0
20081105,0.0
20081106,0.0
20081107,0.0
20081108,0.0
20081109,0.0
20081110,0.0
20081111,0.0
20081112,0.0
20081113,0.0
20081114,0.0
20081115,0.00780481060355
20081116,0.126582500174
20081117,0.00296526035502
20081118,1.29197315447e-05
20081119,0.0
20081120,0.0976433251543
20081121,0.352619421524
20081122,0.251085140119
20081123,0.00432660051213
20081124,0.126237420509
20081125,0.0691892938843
20081126,0.00118302048822
20081127,0.0
20081128,0.0
20081129,0.0
20081130,0.0
20081201,0.0
20081202,0.0
20081203,0.0
20081204,0.0
20081205,0.0
20081206,0.212091052442
20081207,0.00374719170727
20081208,0.0
20081209,0.193236743398
20081210,0.00667868500599
20081211,5.76785770586e-05
20081212,0.00277062338243
20081213,4.89509569438e-05
20081214,0.0
20081215,0.0
20081216,0.013575813616
20081217,0.000239855358445
20081218,0.0
20081219,0.0049227258214
20081220,0.0169714530286
20081221,0.000298312377624
20081222,0.0
20081223,0.0
20081224,0.0328064315896
20081225,0.000579618930754
20081226,0.0
20081227,0.0
20081228,0.0
20081229,0.0
20081230,0.0
20081231,0.0
20090101,0.0
20090102,0.227506506638
20090103,0.00401954958877
20090104,0.0
20090105,0.00188398032781
20090106,0.00425711331053
20090107,0.0340930125668
20090108,0.00104455723824
20090109,0.0279829284175
20090110,0.00049425955665
20090111,0.0
20090112,0.100042407559
20090113,0.0481830598641
20090114,0.00139974087347
20090115,1.02416740711e-05
20090116,0.165458607255
20090117,0.00292329684612
20090118,0.0267438438876
20090119,0.00991883008842
20090120,0.000166896141796
20090121,0.0
20090122,0.0
20090123,0.0
20090124,0.0587660437304
20090125,0.200644783407
20090126,0.00552337139843
20090127,3.52783621616e-05
20090129,0.0
20090202,0.0
20090203,0.0
20090204,0.0
20090205,0.0
20090207,0.0
20090208,0.0
20090210,0.0
20090212,0.0
20090214,0.0
20090216,0.00819453843134
20090218,0.0
20090219,0.0
20090220,1.6711331057
20090222,1.62496270761e-05
20090223,0.0
20090225,0.0
20090226,0.0
20090227,0.0
20090228,0.0
20090301,0.0
20090303,0.0
20090304,0.0
20090305,0.0
20090307,0.0242527213319
20090309,0.0
20090310,0.0
20090312,0.0
20090313,0.0
20090314,0.0
20090315,0.0
20090316,0.0
20090317,0.0
20090318,0.0
20090319,0.0
20090320,0.0
20090321,0.0
20090322,0.0093912911821
20090323,0.0111439513908
20090324,0.469432664061
20090325,0.00829043562456
20090326,0.0752239709511
20090327,0.00627842888057
20090328,0.227514687448
20090329,0.00918550707988
20090330,9.1296086439e-05
20090331,0.0
20090401,0.304206959324
20090402,0.0172265335445
20090403,0.000209396693819
20090404,0.0399382149563
20090405,0.000705622239598
20090406,0.0
20090407,0.0
20090408,0.000367822664433
20090409,6.49863111575e-06
20090410,0.0
20090411,0.0
20090412,0.0
20090413,0.0
20090414,0.0
20090415,0.0
20090416,0.0
20090417,0.0816882671325
20090418,0.0776656880094
20090419,0.356855030291
20090420,0.00628106595533
20090421,0.0
20090422,0.0
20090423,0.0
20090424,0.00590313912062
20090425,0.000104295760302
20090426,0.0
20090427,0.00131902352286
20090428,0.572763019861
20090429,0.0543274456389
20090430,0.459749235077
20090501,0.0423104132267
20090502,0.216833655017
20090503,0.00382030708003
20090504,0.0
20090505,0.0
20090506,0.131060789689
20090507,0.324266982971
20090508,0.448200706606
20090509,0.963773854236
20090510,0.016889674575
20090511,0.0
20090512,0.0988275645694
20090513,0.0125484114294
20090514,0.299838405773
20090515,4.49656638643
20090516,0.27334156874
20090517,0.981171937941
20090518,0.666287575576
20090519,0.144878972763
20090520,0.183244047986
20090521,0.365713994279
20090522,0.049015524077
20090523,0.000752837618058
20090524,2.05755870193
20090525,0.27471523567
20090526,0.267713104638
20090527,0.357806949526
20090528,0.308536742301
20090529,0.411775026604
20090530,0.00718081413537
20090531,0.863858734645
20090601,4.40425075599
20090602,0.0775439552043
20090603,0.599772775071
20090604,0.0729253592654
20090605,0.0764295966268
20090606,3.85064406859
20090607,0.128233761873
20090608,3.46345173229
20090609,2.12215657207
20090610,0.059927264974
20090611,0.00041544396924
20090612,0.0220716451527
20090613,0.22765313633
20090614,3.94911265705
20090615,7.81966065042
20090616,0.591051838752
20090617,0.00898926400698
20090618,11.5632814323
20090619,1.84205924743
20090620,1.68582152906
20090621,0.115902313266
20090622,0.00588783808143
20090623,11.5218547033
20090624,0.645027307623
20090625,0.960597811003
20090626,18.9697229497
20090627,0.33531859217
20090628,0.383659178539
20090629,0.251313247326
20090630,0.634020945714
20090701,0.0750645172731
20090702,9.64212613707
20090703,0.306123451768
20090704,0.696283441117
20090705,13.9798086837
20090706,0.77866046171
20090707,0.00939724335871
20090708,9.86517496329
20090709,1.64729006796
20090710,0.340145623185
20090711,2.62870471079
20090712,0.753047564858
20090713,13.8520794916
20090714,0.267965942222
20090715,8.24226446599
20090716,0.406265761663
20090717,0.0181727022331
20090718,0.000767348209375
20090719,0.039106494452
20090720,0.0447436173445
20090721,1.35213477616
20090722,25.0584790536
20090723,4.8922492852
20090724,0.560957388572
20090725,2.96280372616
20090726,0.223502768175
20090727,0.760602869
20090728,0.0959410235024
20090729,5.0845105499
20090730,0.412999068936
20090731,1.17217617498
20090801,0.524718880001
20090802,0.70219530736
20090803,3.58069060452
20090804,4.92525972231
20090805,1.74103496734
20090806,3.60347838
20090807,0.970091221085
20090808,22.7870928513
20090809,0.404424903229
20090810,0.528079424963
20090811,0.461493699437
20090812,6.25267269616
20090813,0.650163618779
20090814,0.364343497412
20090815,0.318319629088
20090816,0.205883974427
20090817,31.6203035784
20090818,1.72133657179
20090819,0.0816354698128
20090820,4.90514264473
20090821,0.221755564079
20090822,3.00281520036
20090823,9.9939027242
20090824,3.4166823742
20090825,13.442187747
20090826,0.261289418663
20090827,1.63411347784
20090828,2.63174977772
20090829,2.26480269329
20090830,0.0774269546432
20090831,0.017721717184
20090901,0.0459938594261
20090902,0.0308154723947
20090903,30.825914852
20090904,0.741332665979
20090905,0.227368408899
20090906,8.58633235388
20090907,1.01285974923
20090908,3.49198564693
20090909,4.19320297322
20090910,1.0242793674
20090911,1.44787113376
20090912,1.37641776275
20090913,10.6922526192
20090914,0.624527382578
20090915,3.23434690833
20090916,0.101099113684
20090917,9.9600664301
20090918,2.55187122653
20090919,0.11154031304
20090920,0.00480563633208
20090921,0.739309844771
20090922,1.26430642337
20090923,1.02898865034
20090924,0.294355690592
20090925,6.21402728778
20090926,4.68690855648
20090927,0.630214947966
20090928,0.00970575248661
20090929,0.000720846328731
20090930,1.44221756745
20091001,7.20061767061
20091002,2.51556191746
20091003,0.232385540111
20091004,0.0192992112095
20091005,0.000281610076595
20091006,0.940998785132
20091007,1.42393389571
20091008,3.31997112917
20091009,0.0582174395154
20091010,0.0
20091011,0.0353788833409
20091012,0.0225989211254
20091013,0.143592931944
20091014,1.76596661383
20091015,0.321068370185
20091016,0.150876695525
20091017,2.85563113807
20091018,7.41359627489
20091019,2.32259653635
20091020,0.390158694926
20091021,0.00620886669943
20091022,0.209200767017
20091023,0.0506417177349
20091024,1.8664015483
20091025,20.7407754482
20091026,1.05893143691
20091027,0.208270966944
20091028,0.45499413862
20091029,0.230462656015
20091030,0.0609321638986
20091031,0.00100709064495
20091101,0.0
20091102,1.32413260326
20091103,1.21287792145
20091104,0.15657722837
20091105,0.452007340992
20091106,0.00892564114488
20091107,1.7349131653e-05
20091108,0.0
20091109,0.0
20091110,0.0
20091111,0.00771649959022
20091112,0.0978515319987
20091113,1.23921681728
20091114,0.0227472782784
20091115,1.56093776226e-05
20091116,0.0
20091117,0.0123529290892
20091118,0.144240495493
20091119,0.0788247742301
20091120,0.1424176504
20091121,0.00249240184269
20091122,0.0294904712789
20091123,0.000521033078948
20091124,0.0
20091125,0.00289438577291
20091126,0.000422382046989
20091127,6.55909470513e-06
20091128,0.0
20091129,1.70334794566
20091130,0.61512294359
20091201,1.28636620669
20091202,0.152470414647
20091203,0.865737326713
20091204,0.0157217207394
20091205,8.24320357987e-06
20091206,0.0
20091207,0.0
20091208,0.0038122404037
20091209,1.59480015373
20091210,1.40788740703
20091211,0.381149397967
20091212,0.0226926847611
20091213,0.634412031863
20091214,0.386600918312
20091215,0.0108465754724
20091216,0.459678778515
20091217,0.0139407723706
20091218,0.000102836643682
20091219,0.00494447628937
20091220,0.58946416313
20091221,0.0194447965951
20091222,0.205561565116
20091223,0.0124375844895
20091224,0.000155628520197
20091225,0.0
20091226,0.0
20091227,0.0
20091228,0.0
20091229,0.0
20091230,0.0
20091231,0.0
20100101,0.0
20100102,0.0
20100103,0.0
20100104,0.0
20100105,0.0
20100106,0.0
20100107,0.0
20100108,0.370319713754
20100109,0.0254972243421
20100110,0.0138264603304
20100111,0.357025704116
20100112,0.59878937289
20100113,0.224004646739
20100114,0.372443065138
20100115,0.00651361016615
20100116,0.0
20100117,0.0
20100118,0.0
20100119,0.0
20100120,0.0
20100121,0.0
20100122,0.0553558187777
20100123,0.00923568958266
20100124,0.000145895243746
20100125,0.0491734673875
20100126,0.000868789179295
20100127,0.0
20100128,0.148624746388
20100129,0.00262587868182
20100130,0.0
20100131,0.0
20100201,0.116448292578
20100202,0.417141207398
20100203,0.499907003592
20100204,0.265869217069
20100205,0.0318112946605
20100206,0.0368275391542
20100207,0.00064215171787
20100208,0.0
20100209,0.0
20100210,0.0
20100211,0.00133976801198
20100212,2.36708072779e-05
20100213,0.0
20100214,0.0487533165689
20100215,0.000861366144084
20100216,0.0
20100217,0.0
20100218,0.0
20100219,0.0205042769756
20100220,0.000362266442545
20100221,0.0111777044329
20100222,0.000197485961838
20100223,0.0
20100224,0.0
20100225,0.0
20100226,0.0
20100227,0.0
20100228,0.0
20100301,0.0
20100302,0.116754955111
20100303,0.00206280822743
20100304,0.0
20100305,0.0
20100306,0.0
20100307,0.0101104612561
20100308,0.246323094235
20100309,0.0575498284107
20100310,0.000939946708484
20100311,0.0
20100312,0.0247483215803
20100313,0.187310459954
20100314,0.00330164679073
20100315,0.0
20100316,0.0
20100317,0.0
20100318,0.0
20100319,0.0
20100320,0.0359095210503
20100321,0.000634443841262
20100322,0.0
20100323,0.0
20100324,0.0
20100325,0.0
20100326,0.0
20100327,0.00227575519412
20100328,4.02077025437e-05
20100329,0.0
20100330,0.0
20100331,0.0
20100401,0.0
20100402,0.0
20100403,0.0
20100404,0.0
20100405,0.0
20100406,0.0
20100407,0.0
20100408,0.0
20100409,0.0
20100410,0.0
20100411,0.0364661587454
20100412,0.000644278334873
20100413,0.0865267833942
20100414,0.00152874155078
20100415,0.0
20100416,0.0
20100417,0.0
20100418,0.0
20100419,0.886659510926
20100420,0.0475946399886
20100421,0.0956792739557
20100422,0.00185244543212
20100423,0.0142117565023
20100424,1.41249781704
20100425,0.706771575515
20100426,0.0471344477568
20100427,0.000689799473083
20100428,0.161103592027
20100429,0.563149310513
20100430,0.277497431722
20100501,0.079575268253
20100502,0.34407780099
20100503,0.257288875985
20100504,0.00709078799731
20100505,4.68558440502e-05
20100506,0.0
20100507,0.0
20100508,0.048957377388
20100509,0.339775543512
20100510,0.0387115589487
20100511,0.0678774372098
20100512,0.0128245016163
20100513,0.337692223358
20100514,0.0116458678454
20100515,0.559386755879
20100516,2.2747053888
20100517,0.422713214464
20100518,0.144732267194
20100519,0.0452776209062
20100520,0.00216540517133
20100521,0.00318420218528
20100522,0.802379994164
20100523,5.33851007776
20100524,2.65328754099
20100525,0.893784837856
20100526,0.276578027135
20100527,0.00462165437135
20100528,0.173725058789
20100529,2.67261839984
20100530,0.176088261347
20100531,2.9212466874
20100601,0.741441409946
20100602,0.806917410855
20100603,0.516094055809
20100604,0.0148959938918
20100605,0.00404659256611
20100606,0.0504345828543
20100607,9.52148184971
20100608,8.60297778363
20100609,0.170012619151
20100610,0.0124649738253
20100611,1.5622884573
20100612,0.0496752405489
20100613,2.5247909107
20100614,1.51160516443
20100615,2.21901196267
20100616,0.192630115258
20100617,0.0995503266331
20100618,0.750011416719
20100619,0.0555015034701
20100620,4.59441673447
20100621,18.6271160922
20100622,1.54746112732
20100623,0.773997908862
20100624,5.21938921523
20100625,26.1241716178
20100626,5.70172938397
20100627,0.0926112479713
20100628,7.2205771445
20100629,9.16845635624
20100630,16.1508877932
20100701,0.698433637839
20100702,0.0356558955428
20100703,2.75473573202
20100704,1.75340729423
20100705,0.406669772979
20100706,0.00665283766601
20100707,0.773430151951
20100708,0.149990287512
20100709,5.78549088485
20100710,0.312853592394
20100711,11.2422144559
20100712,1.72708195144
20100713,7.18287838721
20100714,0.547467650748
20100715,3.87678629119
20100716,6.6877990519
20100717,1.60859340824
20100718,0.99774733166
20100719,0.201629407807
20100720,0.967471961653
20100721,17.8861207758
20100722,0.409220476572
20100723,0.00165216000252
20100724,2.83047732514
20100725,6.01522006665
20100726,0.132932513793
20100727,0.777218336392
20100728,16.7982878925
20100729,2.65845871371
20100730,2.64882261037
20100731,0.215651062989
20100801,7.18706416439
20100802,0.914283045739
20100803,7.75975418271
20100804,0.279866961586
20100805,3.52121653832
20100806,1.21918138106
20100807,0.0247386316755
20100808,0.293866121242
20100809,5.31866925884
20100810,0.472463778556
20100811,0.0137769502997
20100812,1.04546349472
20100813,0.723223677622
20100814,2.59033727187
20100815,3.542197179
20100816,5.69775674971
20100817,0.719675492744
20100818,2.53871992975
20100819,0.14145435929
20100820,0.0427022447903
20100821,2.67910240461
20100822,19.0180637346
20100823,0.51423778571
20100824,0.115736371097
20100825,17.4719445217
20100826,0.39668764705
20100827,0.127051859595
20100828,3.30300779043
20100829,0.0588925884293
20100830,0.0184555598286
20100831,7.86305088637
20100901,8.17404983388
20100902,4.81135718775
20100903,0.98070607768
20100904,1.60176030619
20100905,0.418555273967
20100906,0.0551569623826
20100907,5.79727722326
20100908,13.9298932274
20100909,0.320710983908
20100910,0.0870598068977
20100911,8.23320658997
20100912,1.83697322176
20100913,0.189367681826
20100914,8.97364343537
20100915,0.344353454353
20100916,1.609733822
20100917,0.717249664655
20100918,1.60574694301
20100919,9.6235597777
20100920,13.8543907938
20100921,0.798381621125
20100922,11.0767067032
20100923,3.87761404602
20100924,5.66849634654
20100925,0.201562389488
20100926,0.0949922733613
20100927,2.36404794505
20100928,0.54486319288
20100929,0.310839507398
20100930,1.31090540348
20101001,0.606732413269
20101002,2.67730305364
20101003,1.36164858278
20101004,0.0270828787913
20101005,6.81623866832e-05
20101006,0.425935514471
20101007,0.131877213621
20101008,0.967204632394
20101009,0.0382396980645
20101010,0.563601521937
20101011,1.95318718906
20101012,0.547104030975
20101013,2.47280636265
20101014,0.332565878219
20101015,11.3052790335
20101016,1.26501283208
20101017,0.280161610277
20101018,0.244578443289
20101019,0.0570358797537
20101020,0.578032995742
20101021,1.85298980003
20101022,0.374384788711
20101023,0.00630036488276
20101024,0.000398023151135
20101025,0.000221686926964
20101026,0.199366577861
20101027,0.0035223104215
20101028,0.00465388280944
20101029,0.805355013314
20101030,0.42464824182
20101031,0.784672231925
20101101,0.0141258562823
20101102,6.89935265283e-06
20101103,2.6673047793
20101104,0.390053668474
20101105,0.0115808060301
20101106,0.36949359481
20101107,0.0065264318515
20101108,0.0
20101109,0.213915386879
20101110,0.749690100706
20101111,0.0766233095792
20101112,0.00112093073195
20101113,0.0
20101114,0.0
20101115,0.173082462889
20101116,0.00305799409434
20101117,0.019857108613
20101118,0.04922324038
20101119,0.000863470134596
20101120,0.0
20101121,0.0
20101122,0.0269862931615
20101123,0.000476789581534
20101124,0.0
20101125,0.0
20101126,0.0
20101127,0.0
20101128,0.0
20101129,0.0
20101130,0.0
20101201,0.0
20101202,0.0
20101203,0.0
20101204,0.0
20101205,0.0254600206832
20101206,0.000449823615961
20101207,0.0
20101208,0.0
20101209,0.545676624168
20101210,0.0122443710349
20101211,0.000422410229916
20101212,0.034260572877
20101213,0.0844123701533
20101214,0.00148069202196
20101215,0.0
20101216,0.22518665355
20101217,0.354451437834
20101218,0.0100383325107
20101219,0.0982499174996
20101220,0.00173466362635
20101221,0.0
20101222,0.0
20101223,0.0
20101224,0.0
20101225,0.0
20101226,0.0
20101227,0.257400625215
20101228,0.00490077987496
20101229,6.23791408457e-06
20101230,0.00663776393537
20101231,2.47622378897
20110101,0.263369745581
20110102,0.0868293844116
20110103,0.00146553227521
20110104,0.0
20110105,0.0
20110106,0.00314363884058
20110107,5.55413046576e-05
20110108,0.0
20110109,0.115715742175
20110110,0.571403893986
20110111,0.169039698215
20110112,0.00280883988748
20110113,0.0
20110114,0.633215817974
20110115,0.11187990764
20110116,0.763963125721
20110117,0.571971181863
20110118,0.159896691355
20110119,0.213027954814
20110120,0.288374914098
20110121,0.237208761397
20110122,0.687957415254
20110123,0.0243821953737
20110124,0.143070781084
20110125,0.0483638752015
20110126,0.201949722572
20110127,0.157888030733
20110128,0.00272675473974
20110129,0.0356438866945
20110130,0.0105767657508
20110131,0.000175742323072
20110201,0.013359141751
20110202,0.00111725056901
20110203,1.55693157723e-05
20110204,0.0380640752365
20110205,0.000672510096931
20110206,0.0
20110207,0.0
20110208,0.0
20110209,0.0
20110210,0.00951819640847
20110211,0.000168166019918
20110212,0.0
20110213,0.0
20110214,0.0147756008799
20110215,0.000261053029331
20110216,0.0
20110217,0.0
20110218,0.130095013757
20110219,0.00229849865977
20110220,0.0
20110221,0.0
20110222,0.0
20110223,0.0
20110224,0.0
20110225,0.0
20110226,0.0
20110227,0.0
20110228,0.0
20110301,0.0
20110302,0.0
20110303,0.0
20110304,0.0
20110305,0.0
20110306,0.0139997854724
20110307,0.0112374945765
20110308,0.000558082457807
20110309,0.00100950864008
20110310,0.00559520048119
20110311,0.111475253127
20110312,0.00196778643559
20110313,0.0
20110314,0.0
20110315,0.00125275048329
20110316,0.112665441924
20110317,0.00373047361496
20110318,3.07475152136e-05
20110319,0.0
20110320,0.0
20110321,0.0
20110322,0.0
20110323,0.0
20110324,0.00142203342195
20110325,2.51242667062e-05
20110326,0.0
20110327,0.0
20110328,0.0
20110329,1.36032545412
20110330,0.353640466926
20110331,0.0839950758318
20110401,1.37341500857
20110402,0.351977538681
20110403,0.0192589050256
20110404,0.274808821664
20110405,0.00561359005485
20110406,0.0135366437538
20110407,0.00468091693339
20110408,0.0519718638852
20110409,0.0398773015745
20110410,0.00395281848513
20110411,5.76761707932e-05
20110412,0.0
20110413,0.0
20110414,0.0013206037459
20110415,2.33322080649e-05
20110416,0.0
20110417,0.00692595778699
20110418,0.0183145195678
20110419,0.000321416131372
20110420,0.0376389815152
20110421,0.55524350763
20110422,0.102343002557
20110423,0.00163506705337
20110424,0.00862686707364
20110425,0.000152418173635
20110426,0.550307531406
20110427,0.16568107405
20110428,0.629394785946
20110429,0.448936471116
20110430,0.0246767425468
20110501,0.000299304011483
20110502,0.0
20110503,0.00342023099842
20110504,0.152295454179
20110505,0.035592501403
20110506,0.0863649774636
20110507,0.323518409658
20110508,0.751138688068
20110509,0.0169400447123
20110510,6.65999621773e-05
20110511,0.0
20110512,0.0
20110513,0.0218489608955
20110514,0.0307181000965
20110515,1.55291234365
20110516,1.62532626315
20110517,1.46752315511
20110518,1.15651365113
20110519,0.791590845998
20110520,3.10457102652
20110521,1.54321553769
20110522,3.40673743903
20110523,0.149653019878
20110524,0.00912400837609
20110525,0.0489111998971
20110526,0.182743277329
20110527,0.00383235570915
20110528,3.60872794696e-05
20110529,0.0773551758541
20110530,0.138141969354
20110531,3.31583568767
20110601,6.66667539196
20110602,7.34310956952
20110603,0.598965600066
20110604,0.422081935029
20110605,0.133353455912
20110606,5.76670521921
20110607,0.461095597203
20110608,0.156967544612
20110609,0.177485612729
20110610,0.310902304282
20110611,0.00758323040719
20110612,0.0564256083337
20110613,0.0960179434395
20110614,3.44111655446
20110615,10.5123878027
20110616,1.29221397194
20110617,3.55527890788
20110618,0.0918810170181
20110619,0.0928371314918
20110620,0.340571110298
20110621,2.67351500131
20110622,4.67199715734
20110623,0.087631968494
20110624,0.426960210581
20110625,4.32349797027
20110626,0.43023362665
20110627,0.491406115709
20110628,9.74826669064
20110629,0.329078409856
20110630,0.00405452449216
20110701,5.3591245027
20110702,3.09721933591
20110703,8.73392049244
20110704,0.944379951037
20110705,1.72088447306
20110706,0.415895792309
20110707,3.72609837841
20110708,0.258464811912
20110709,0.00342944683805
20110710,0.118416572956
20110711,0.121885915806
20110712,22.5807285306
20110713,23.2405932603
20110714,3.34955764814
20110715,0.926577668983
20110716,0.457296461685
20110717,7.69996840908
20110718,2.2860135556
20110719,0.0807430942353
20110720,1.22254499259
20110721,2.12637725248
20110722,0.875086958595
20110723,0.014803884028
20110724,0.0
20110725,2.15921647762
20110726,12.1672007146
20110727,1.9254886201
20110728,3.4942032757
20110729,0.0629676135363
20110730,7.6607939424
20110731,8.9599812895
20110801,0.234848901437
20110802,1.57321895394
20110803,2.47960330598
20110804,0.0527335378794
20110805,4.32349460453
20110806,2.16220708368
20110807,0.0399577754519
20110808,3.85747796834
20110809,3.48989809226
20110810,0.189012328073
20110811,1.02227130066
20110812,4.19856939824
20110813,1.24382318801
20110814,0.033883717615
20110815,1.90413002113
20110816,0.459285927653
20110817,6.8238596269
20110818,6.06307086526
20110819,4.68557553841
20110820,12.2064317564
20110821,2.14309337129
20110822,40.3898366003
20110823,1.84580169355
20110824,25.9250369262
20110825,4.43888796253
20110826,2.16053481576
20110827,3.39274392726
20110828,17.833583665
20110829,1.98655471064
20110830,17.1574793537
20110831,0.302643333268
20110901,3.61854914016
20110902,1.92900490236
20110903,0.765982935223
20110904,1.98695773008
20110905,0.348457196113
20110906,3.05086922616
20110907,0.66106639319
20110908,16.7420484885
20110909,1.34053047788
20110910,1.41969055325
20110911,0.986326242533
20110912,1.30610943744
20110913,7.25045848568
20110914,0.43789305188
20110915,0.502249238283
20110916,0.0630514135717
20110917,0.187523031034
20110918,3.2770923945
20110919,3.10070734581
20110920,13.0769379672
20110921,1.3632305087
20110922,0.551627685353
20110923,0.820333090215
20110924,6.40749669639
20110925,0.13776586177
20110926,0.884927982233
20110927,0.124401641884
20110928,0.193183899576
20110929,2.02094728472
20110930,16.5399287689
20111001,0.543104290509
20111002,2.41313544733
20111003,0.340012928355
20111004,0.294253084133
20111005,0.0357550064578
20111006,0.000541502460502
20111007,0.0
20111008,0.0
20111009,0.0888756118841
20111010,0.808977315047
20111011,0.210581029767
20111012,0.0489022898281
20111013,0.957187029676
20111014,0.211010047862
20111015,0.0865272022084
20111016,1.18778142823
20111017,0.05894030917
20111018,2.49229049429
20111019,0.419161597205
20111020,0.00662791635917
20111021,0.0
20111022,0.00615139275314
20111023,0.61623437886
20111024,0.0109802561455
20111025,0.00439383386416
20111026,7.76000290934e-05
20111027,2.01880619746e-05
20111028,0.221769575159
20111029,0.0462970836205
20111030,0.258711854847
20111031,5.15903256317
20111101,0.148016504398
20111102,0.179578329762
20111103,0.0300247645249
20111104,0.482945103292
20111105,0.399017072462
20111106,0.0938766438343
20111107,0.00153670468095
20111108,0.0
20111109,0.0
20111110,0.0048141202423
20111111,8.55330027337e-05
20111112,0.00567338115013
20111113,0.00594336008177
20111114,0.000103235401676
20111115,0.0352886202277
20111116,0.000623473807183
20111117,0.0
20111118,0.0
20111119,0.0
20111120,0.0
20111121,0.135194383647
20111122,0.0298352516205
20111123,0.170406237035
20111124,0.00300214344452
20111125,0.0
20111126,0.0
20111127,0.0
20111128,0.0451900406012
20111129,0.0237359665762
20111130,0.0379893223765
20111201,0.00541042878245
20111202,8.38586619334e-05
20111203,0.0
20111204,0.0
20111205,0.00180519817697
20111206,3.1893957394e-05
20111207,0.0
20111208,0.0
20111209,0.0
20111210,0.0
20111211,0.0
20111212,0.0
20111213,0.0
20111214,0.190319664735
20111215,0.00336253817428
20111216,0.0
20111217,0.0
20111218,0.0
20111219,0.0
20111220,0.000353252364691
20111221,0.000502524256165
20111222,8.76825079676e-06
20111223,0.0
20111224,0.0
20111225,0.0
20111226,0.0
20111227,0.0
20111228,0.000767569314134
20111229,1.3561298568e-05
20111230,0.0
20111231,0.00041095588824
20120101,7.26070191383e-06
20120102,0.0
20120103,0.0
20120104,0.0
20120105,0.0
20120106,0.0
20120107,0.0
20120108,0.0
20120109,0.0
20120110,0.0
20120111,0.0686984098876
20120112,0.0308885926386
20120113,0.000524290456621
20120114,0.0
20120115,0.0
20120116,0.0
20120117,0.0
20120118,0.0
20120119,0.0
20120120,0.0
20120121,0.0
20120122,0.0270082106546
20120123,0.0152620158144
20120124,0.00026121624056
20120125,0.00554559729271
20120126,0.139757779824
20120127,0.00246748751942
20120128,0.139696188637
20120129,0.0024681305155
20120130,0.00544957493075
20120131,9.62822300321e-05
20120201,0.083708709643
20120202,0.00147895253088
20120203,0.133137171409
20120204,0.553476243641
20120205,0.0679635304772
20120206,1.24362718189
20120207,0.142850588932
20120208,0.012498718977
20120209,0.00231021908964
20120210,0.020140356268
20120211,0.000355172692733
20120212,0.0
20120213,0.00131341553783
20120214,2.32052217553e-05
20120215,0.0
20120216,0.316199746496
20120217,0.00558656788388
20120218,0.0
20120219,0.0
20120220,0.0
20120221,0.0
20120222,0.0
20120223,0.0
20120224,0.0
20120225,0.0
20120226,0.0
20120227,0.0
20120228,0.0
20120229,0.0
20120301,0.0
20120302,0.0
20120303,0.0
20120304,0.0
20120305,0.0
20120306,0.0
20120307,0.0
20120308,0.0
20120309,0.0
20120310,0.0
20120311,0.0
20120312,0.0
20120313,0.0
20120314,0.0
20120315,0.0
20120316,0.0
20120317,0.00177910785481
20120318,0.000386128157789
20120319,6.26669911488e-06
