20010102,0.129112375139
20010103,0.209612427291
20010104,0.126344133604
20010105,0.0619949295669
20010106,0.0425713344098
20010107,0.0519367013595
20010108,0.0409718349897
20010109,0.00443884150556
20010110,0.000568617963398
20010111,0.0330913596893
20010112,0.000584496052419
20010113,0.000104150823962
20010114,0.0124210215369
20010115,0.000219420164165
20010116,0.000151725426422
20010117,0.00622043167271
20010118,0.000133336783992
20010119,0.0801068839808
20010120,0.00634879766447
20010121,0.00171179726738
20010122,0.00448864292434
20010123,0.00484287855712
20010124,0.00117439842211
20010125,1.92619687372e-05
20010126,3.06203280786e-05
20010127,5.40995104802e-07
20010128,0.0
20010129,0.00380443729398
20010130,0.0203626259032
20010131,0.000745786661346
20010201,0.0610391788073
20010202,0.108401887163
20010203,0.0422155557364
20010204,0.196672572172
20010205,0.0103529672083
20010206,0.0148702489858
20010207,0.0311889970542
20010208,0.0220966838255
20010209,0.000407232631116
20010210,0.0338246136297
20010211,0.0207271037035
20010212,0.0368057386683
20010213,0.0405901769168
20010214,0.00867276944833
20010215,0.0147091576389
20010216,0.124775949997
20010217,0.00293394466914
20010218,0.0034238013356
20010219,0.00131162954465
20010220,0.0284220623338
20010221,0.27427364288
20010222,0.216683124211
20010223,0.0837254999742
20010224,0.0344242060243
20010225,0.000606447019598
20010226,0.000189505888184
20010227,0.000638278613294
20010228,0.0195388382605
20010301,0.164732073258
20010302,0.522504568948
20010303,0.018336062925
20010304,0.00785853475878
20010305,0.015104865357
20010306,0.106746580474
20010307,0.0195137685789
20010308,0.0213355260745
20010309,0.00576072032338
20010310,0.0197474585956
20010311,0.0301452228908
20010312,0.0765133121772
20010313,0.0637525701975
20010314,0.108657168567
20010315,0.0803727484275
20010316,0.174834125524
20010317,0.0306819292467
20010318,0.0428784702125
20010319,0.026599581511
20010320,0.00519237050291
20010321,0.0534915472083
20010322,0.317852719232
20010323,0.381471977348
20010324,0.122991365729
20010325,0.168100094489
20010326,0.326877691059
20010327,0.165951318357
20010328,0.110999569385
20010329,0.354682434379
20010330,0.253116210109
20010331,0.01989157417
20010401,0.137217537306
20010402,1.01507288289
20010403,2.23308161172
20010404,5.23836560244
20010405,0.84787856883
20010406,0.30643064528
20010407,0.380374641906
20010408,0.38027009638
20010409,0.0379517035104
20010410,0.0754955407141
20010411,0.325594195299
20010412,1.83127486
20010413,0.478151126797
20010414,0.648546399691
20010415,1.65099999148
20010416,2.19021868855
20010417,0.303703237953
20010418,1.52932110471
20010419,1.73321185707
20010420,0.582165111547
20010421,2.40331588231
20010422,1.84347736159
20010423,1.02237728089
20010424,0.758148128019
20010425,1.20955074611
20010426,1.938033818
20010427,0.171093533429
20010428,1.57685713501
20010429,4.47187853279
20010430,0.543546236509
20010501,1.28214376463
20010502,2.97725811547
20010503,2.38229648087
20010504,0.284141594029
20010505,1.502240273
20010506,2.919175071
20010507,1.38735811124
20010508,1.05146372546
20010509,2.24780731127
20010510,0.740377821765
20010511,1.62087860162
20010512,2.56768679233
20010513,2.453766656
20010514,0.345167015499
20010515,6.43752970937
20010516,1.68398268056
20010517,2.61597084079
20010518,0.103666367673
20010519,0.985314531697
20010520,0.364911999768
20010521,0.28227115878
20010522,0.479703638937
20010523,0.474307596666
20010524,2.63446021498
20010525,1.03474918088
20010526,1.88870203939
20010527,1.40725533231
20010528,1.11548701149
20010529,1.54976636844
20010530,4.51794355012
20010531,0.935627821127
20010601,4.80507325065
20010602,9.87607089689
20010603,0.497584161931
20010604,5.27636544259
20010605,0.74484945268
20010606,0.287977669962
20010607,1.51199085053
20010608,2.6061885891
20010609,1.74501041057
20010610,1.97376135149
20010611,3.07198200661
20010612,2.69491731561
20010613,1.92070843965
20010614,1.17070680901
20010615,1.20642444925
20010616,2.08024975317
20010617,2.07055474569
20010618,3.62533726508
20010619,0.677775050535
20010620,2.09655550765
20010621,3.16263871879
20010622,4.31936100926
20010623,2.39165455931
20010624,1.35417888026
20010625,2.14589986283
20010626,1.29036203351
20010627,2.30862508227
20010628,3.66346252639
20010629,4.09509317336
20010630,3.04437871209
20010701,1.88106455213
20010702,3.60952215124
20010703,1.30548854195
20010704,1.2419566019
20010705,0.83418833996
20010706,5.84764182549
20010707,1.97987339313
20010708,0.452000917449
20010709,0.226608222828
20010710,2.83394900722
20010711,3.543522526
20010712,1.96208162334
20010713,0.714445048616
20010714,0.547044943052
20010715,2.39876164151
20010716,10.937588343
20010717,5.96441516549
20010718,1.47570879146
20010719,0.835325953567
20010720,2.11048426627
20010721,7.0401156661
20010722,1.92104928786
20010723,4.14072487624
20010724,4.50310560826
20010725,3.10085426518
20010726,6.07026489641
20010727,5.68840377962
20010728,2.14031659451
20010729,5.33183620155
20010730,3.88663531544
20010731,3.25383017922
20010801,3.10561764281
20010802,4.00275911178
20010803,2.19804100191
20010804,7.07194563818
20010805,2.5497845744
20010806,0.948430537079
20010807,4.72671988508
20010808,4.45520593902
20010809,2.5925168449
20010810,2.16918559274
20010811,1.00467401078
20010812,3.50149453344
20010813,3.13850137945
20010814,2.97047773535
20010815,2.76942141913
20010816,0.682403549058
20010817,0.739427720184
20010818,0.771567261842
20010819,6.46389250838
20010820,4.82585935759
20010821,5.10316677529
20010822,1.18480670175
20010823,1.4675742374
20010824,0.704760642167
20010825,6.06692506453
20010826,2.6744482522
20010827,3.06050776659
20010828,2.3488350042
20010829,7.00115949297
20010830,3.03425519264
20010831,1.15575062983
20010901,3.61106132267
20010902,4.9379906807
20010903,5.7650189764
20010904,1.89829915287
20010905,1.95405338021
20010906,2.21091253939
20010907,3.06428868559
20010908,0.715568398674
20010909,4.74354420322
20010910,1.72107092658
20010911,0.295557739749
20010912,2.83596542336
20010913,2.51891910079
20010914,2.07079034456
20010915,1.75756511617
20010916,2.11492187237
20010917,2.1105907587
20010918,3.12228980992
20010919,3.98968387644
20010920,6.09686719832
20010921,0.61261143441
20010922,2.18091997866
20010923,3.48969792652
20010924,5.10231301622
20010925,2.65126715101
20010926,4.12894238599
20010927,2.4099510033
20010928,1.34568635177
20010929,2.27801446935
20010930,0.456061142037
20011001,3.34370142369
20011002,1.39675532001
20011003,1.18247626552
20011004,1.45248925077
20011005,1.49027817043
20011006,2.01070246767
20011007,0.551583606222
20011008,1.79291232514
20011009,1.16929141106
20011010,0.956308096503
20011011,1.48840268461
20011012,0.709469512794
20011013,0.315278471021
20011014,1.51276182591
20011015,0.535951011722
20011016,0.438873063041
20011017,0.739988578259
20011018,0.17630055311
20011019,0.228066863121
20011020,0.0906079614626
20011021,0.2120018982
20011022,0.0809236959947
20011023,0.197481130155
20011024,0.0909261967163
20011025,0.0660274900832
20011026,0.678617157571
20011027,0.217576721586
20011028,0.755109482196
20011029,0.028936399586
20011030,0.00120764629995
20011031,0.0153992354521
20011101,0.0657477422805
20011102,0.165986234085
20011103,0.0467963619474
20011104,0.0321910544574
20011105,0.0182171161152
20011106,0.0810850789847
20011107,0.0378578600735
20011108,0.0334476043357
20011109,0.0584528689452
20011110,0.0116301481294
20011111,0.00517049995512
20011112,0.0512542664389
20011113,0.312425732546
20011114,0.110576186077
20011115,0.0720197854439
20011116,0.0167827238444
20011117,0.0481392941467
20011118,0.00639762587808
20011119,0.0314307449193
20011120,1.28462188973
20011121,0.0310891040023
20011122,0.110308808887
20011123,0.304285181672
20011124,0.0405014171341
20011125,0.00521937892392
20011126,0.0435554783068
20011127,0.304979740052
20011128,0.0359646950165
20011129,0.0963059718907
20011130,0.0450113481971
20011201,0.0198235251716
20011202,0.0270360629969
20011203,0.195269011367
20011204,0.162226167571
20011205,0.0153934477333
20011206,0.0662904168263
20011207,0.0232139486207
20011208,0.430773069623
20011209,0.0166374336877
20011210,0.0535667082071
20011211,0.03539364501
20011212,0.192333476955
20011213,0.126798727505
20011214,0.056872177909
20011215,0.00101313970968
20011216,0.329085846886
20011217,0.0548801689931
20011218,0.0761742823833
20011219,0.191847343943
20011220,0.0345746525974
20011221,0.0339353903464
20011222,0.101340147376
20011223,0.0189710153536
20011224,0.0200754489115
20011225,0.0179053588853
20011226,0.582208496117
20011227,0.0102808885961
20011228,0.0
20011229,0.0
20011230,0.10658700265
20011231,0.00193387767984
20020101,8.96026688184e-07
20020102,0.0604555061643
20020103,0.00492546193399
20020104,0.0637264357726
20020105,0.237448738365
20020106,0.0292536122325
20020107,0.485689843779
20020108,0.493578881303
20020109,0.639140119557
20020110,0.0607562385852
20020111,0.0932265068768
20020112,0.0270152303053
20020113,0.0169929222203
20020114,0.0012441359974
20020115,3.23681570444e-05
20020116,3.11476316609e-05
20020117,0.0012567557846
20020118,2.21945275237e-05
20020119,0.00457230914375
20020120,0.000670161262312
20020121,0.00534546031192
20020122,0.0250441254371
20020123,0.00557936189068
20020124,0.000487594060341
20020125,0.000854848178279
20020126,1.49794593154e-05
20020127,0.0
20020128,0.0
20020129,0.0
20020130,0.00945977657819
20020131,0.00469771660506
20020201,0.00371185124856
20020202,0.00401667677979
20020203,6.98323388301e-05
20020204,0.0
20020205,0.0304093000509
20020206,0.00499145555822
20020207,0.00446206301185
20020208,0.0690422788105
20020209,0.0806535950118
20020210,0.00185308616336
20020211,0.0221744866723
20020212,0.0595138424138
20020213,0.00104456198218
20020214,0.0141260163991
20020215,0.0958648064819
20020216,0.00168931499954
20020217,0.0
20020218,0.00196462844851
20020219,0.292501120357
20020220,0.0342402102724
20020221,0.00297274258347
20020222,0.0513045642899
20020223,0.000906508749791
20020224,0.0970947445114
20020225,0.182727052212
20020226,0.212539746567
20020227,1.5000081323
20020228,0.0817123108579
20020301,0.0804566420854
20020302,0.114149722447
20020303,0.490137462402
20020304,0.0240812541233
20020305,0.00490629080655
20020306,0.00943633274201
20020307,0.0629319649089
20020308,0.331341412952
20020309,0.639605211569
20020310,1.05583357085
20020311,0.710560203739
20020312,0.313648227354
20020313,0.0945062994284
20020314,0.00159701898747
20020315,0.0429184117783
20020316,0.0305352883876
20020317,0.0702997414716
20020318,0.116343754067
20020319,0.0597956383669
20020320,0.885773713047
20020321,0.0330344020438
20020322,0.0225475595526
20020323,0.123371213105
20020324,0.0548129764073
20020325,0.0871839405417
20020326,0.0408469362415
20020327,0.255829637446
20020328,0.471773087323
20020329,0.241212812359
20020330,0.595289783769
20020331,0.077162538228
20020401,0.0107291931622
20020402,0.0091094375732
20020403,0.0725492325866
20020404,0.191980978517
20020405,0.594243443276
20020406,0.849979098791
20020407,1.274482246
20020408,3.52216308804
20020409,0.60933299885
20020410,0.146916844804
20020411,0.162536277473
20020412,0.938209223148
20020413,2.06699755122
20020414,1.79313408769
20020415,3.67593189437
20020416,3.59792072799
20020417,0.419605968058
20020418,0.643270110586
20020419,1.33824291338
20020420,0.250802364624
20020421,2.16592683425
20020422,1.26987004546
20020423,0.697582129253
20020424,3.39416722018
20020425,0.160767072522
20020426,3.45749353398
20020427,0.648745898772
20020428,0.153014110468
20020429,0.161069244993
20020430,0.0797876711533
20020501,0.35387628782
20020502,5.92280833063
20020503,0.947528244804
20020504,2.49424428045
20020505,1.05364268888
20020506,1.68740645841
20020507,0.646810118973
20020508,2.31306249778
20020509,2.01760728129
20020510,2.46436723841
20020511,2.10656645637
20020512,1.63166661553
20020513,0.726328952739
20020514,1.26004534358
20020515,0.892243572846
20020516,0.953020500332
20020517,0.311776236189
20020518,1.76211489104
20020519,4.12852792795
20020520,1.65381104552
20020521,0.835999813924
20020522,2.14093970226
20020523,1.20416185174
20020524,2.62132553607
20020525,0.663782096105
20020526,0.302673873933
20020527,0.578953841162
20020528,2.63514732575
20020529,2.15109630122
20020530,0.418372955851
20020531,0.515976203109
20020601,1.91091527005
20020602,3.39471194363
20020603,0.826509445835
20020604,7.5435911796
20020605,2.63301247995
20020606,2.84175107905
20020607,0.905224540173
20020608,3.15418208896
20020609,0.967980723525
20020610,1.69547112083
20020611,2.56104726745
20020612,1.21585580188
20020613,0.823922068914
20020614,3.99091459204
20020615,1.51974333529
20020616,1.28661285402
20020617,1.42205401411
20020618,2.86308186432
20020619,0.625020262579
20020620,1.30282928835
20020621,0.761060233976
20020622,0.887847370596
20020623,2.68083732601
20020624,1.27646224394
20020625,3.52194486752
20020626,1.11716737203
20020627,1.34608457494
20020628,1.53278446949
20020629,3.22481134712
20020630,2.46335166464
20020701,1.41051175067
20020702,4.53498432318
20020703,3.09995131343
20020704,1.53007471965
20020705,3.78324359355
20020706,3.12637181312
20020707,1.59077797114
20020708,1.35117996425
20020709,0.656523063452
20020710,3.90334418756
20020711,3.36551999239
20020712,2.37880546441
20020713,0.417118251229
20020714,3.72118053445
20020715,3.12776011196
20020716,2.10321353878
20020717,9.93254939644
20020718,1.91452073784
20020719,1.76433774646
20020720,4.36742645089
20020721,7.85774794716
20020722,4.19491609378
20020723,2.41862621186
20020724,0.422635601205
20020725,7.58052701293
20020726,3.11348126018
20020727,0.75512040263
20020728,1.13101788049
20020729,2.39003902202
20020730,4.2186183404
20020731,3.88859676623
20020801,3.61898995147
20020802,2.3754274498
20020803,1.84844916451
20020804,5.68738291084
20020805,4.63486760884
20020806,3.21887549778
20020807,2.39060340637
20020808,0.999279082042
20020809,1.50609503252
20020810,7.14814171575
20020811,1.4261085036
20020812,1.01002518525
20020813,3.54544289285
20020814,5.98395286771
20020815,7.78310418255
20020816,1.75407900431
20020817,3.11467752395
20020818,4.20663808855
20020819,1.17676865664
20020820,1.81436629408
20020821,4.91418414901
20020822,4.85873385723
20020823,2.0021954537
20020824,1.99305986323
20020825,3.25408694632
20020826,5.45546489646
20020827,3.68339635612
20020828,2.67043011963
20020829,5.91201087702
20020830,4.95666400731
20020831,2.15205464326
20020901,2.07642613435
20020902,2.62265607241
20020903,2.96212127606
20020904,4.69537985894
20020905,4.68991293219
20020906,4.6389297674
20020907,3.52441922749
20020908,2.88729073118
20020909,4.47024395127
20020910,2.90835691795
20020911,1.75635358323
20020912,5.82729834556
20020913,4.90724785704
20020914,2.48961002923
20020915,0.664280653461
20020916,0.716625859024
20020917,1.53328877793
20020918,3.98309919981
20020919,1.53854542878
20020920,1.59241431681
20020921,1.02426274196
20020922,3.1534861144
20020923,1.32955525494
20020924,5.64414245282
20020925,4.93429396757
20020926,0.824774178039
20020927,1.05531572311
20020928,1.23423690699
20020929,1.8419028092
20020930,6.64085710814
20021001,0.998694293675
20021002,3.13417709203
20021003,1.8462803911
20021004,0.529129821525
20021005,2.23683294649
20021006,2.88548705653
20021007,2.78372507337
20021008,1.44980923745
20021009,1.25535169376
20021010,1.02788438818
20021011,2.72198744805
20021012,3.59715402769
20021013,0.663408064037
20021014,1.32630429318
20021015,1.32726150167
20021016,2.13320557198
20021017,0.822264894376
20021018,0.89064372812
20021019,1.57706015971
20021020,0.378440901532
20021021,0.250256386035
20021022,3.21424984273
20021023,0.353319946208
20021024,0.353191827787
20021025,0.169793158878
20021026,0.224398962132
20021027,0.021685772847
20021028,0.157310389924
20021029,0.483416710219
20021030,0.721866691883
20021031,0.0803421928362
20021101,0.113548616165
20021102,0.0563153616909
20021103,0.0178558754597
20021104,1.63192137835
20021105,0.530912425105
20021106,0.983615007202
20021107,0.106531128683
20021108,0.0477599106013
20021109,0.0345380647595
20021110,0.0729573430377
20021111,0.14342293221
20021112,0.0794416692726
20021113,0.00463333223994
20021114,0.0119969216455
20021115,0.00266911003754
20021116,0.00422260331706
20021117,0.0153896652689
20021118,0.0600435471818
20021119,0.075636398387
20021120,0.0106567812276
20021121,0.00784623040509
20021122,0.0048304058917
20021123,0.00604195240568
20021124,0.0244809813948
20021125,0.0929314931711
20021126,0.0122013354315
20021127,0.0181409436353
20021128,0.0617264467113
20021129,0.0379546319708
20021130,0.0512364555003
20021201,0.00109155510426
20021202,0.00827035917529
20021203,0.0714469444526
20021204,0.0139819985796
20021205,0.0180255217635
20021206,0.00663181406795
20021207,0.177316141892
20021208,0.0650766403717
20021209,0.00418460279063
20021210,0.000370525329062
20021211,0.255333527301
20021212,0.250042553532
20021213,0.13989335913
20021214,0.0318250699444
20021215,0.004673731894
20021216,0.00362014761646
20021217,0.000255804392973
20021218,0.0167071629893
20021219,0.00562857068932
20021220,9.4230588259e-05
20021221,0.0713728623412
20021222,0.500686809571
20021223,0.043576754965
20021224,0.000614010202304
20021225,0.217397229337
20021226,0.00384094034557
20021227,0.012066712014
20021228,0.000229953691844
20021229,2.9612868102e-07
20021230,0.0
20021231,0.0
20030101,0.0
20030102,0.0
20030103,0.000265825661351
20030104,4.69656693797e-06
20030105,0.0
20030106,0.0
20030107,0.0156292306192
20030108,0.000276134790533
20030109,0.0
20030110,0.0326570011665
20030111,0.0557902996862
20030112,0.343655813687
20030113,0.0963477696256
20030114,0.0116825699744
20030115,0.072492883173
20030116,0.0890888193596
20030117,0.0298445821219
20030118,0.249542324198
20030119,0.234527646434
20030120,0.107162564837
20030121,0.0307832145254
20030122,0.181926456011
20030123,0.0869805773344
20030124,0.122330202851
20030125,0.0575355120868
20030126,0.0324280836121
20030127,0.027030891225
20030128,0.128265128844
20030129,0.00258076392183
20030130,0.00294817861281
20030131,5.19871766686e-05
20030201,0.0
20030202,0.000542942053545
20030203,0.000601999198233
20030204,0.0285324245985
20030205,0.00109055544048
20030206,1.03645575883e-05
20030207,0.000109167061794
20030208,1.92874674457e-06
20030209,0.00270450287362
20030210,0.0124487821265
20030211,0.00821378197928
20030212,0.00434274241543
20030213,0.00547925323375
20030214,0.0757170991179
20030215,0.0985241875476
20030216,0.604000286948
20030217,0.562267673473
20030218,0.622013471778
20030219,0.0453838578834
20030220,0.0327113353613
20030221,0.00381210210333
20030222,0.586297305822
20030223,0.0421633631345
20030224,0.0927652650572
20030225,0.0270099617384
20030226,0.183676600867
20030227,0.372557292091
20030228,0.0232388605845
20030301,0.0101470224456
20030302,0.0110700098171
20030303,0.0183119209832
20030304,0.0016207224506
20030305,0.00423868891321
20030306,0.0110091716024
20030307,0.122564146206
20030308,0.198805099129
20030309,0.0965414453003
20030310,0.00987963408342
20030311,0.0429877218635
20030312,0.0923591678817
20030313,0.079150451308
20030314,0.0187270054964
20030315,0.0124086833331
20030316,0.000272272898685
20030317,1.03279675905e-06
20030318,0.00220475127968
20030319,0.0547923526064
20030320,0.295981726553
20030321,0.0125414839224
20030322,0.42871497242
20030323,0.817190827874
20030324,0.169100209555
20030325,0.134669671592
20030326,0.0413264023051
20030327,0.46284340666
20030328,0.108138529179
20030329,0.00406770427387
20030330,0.0185530511279
20030331,0.0143078041839
20030401,0.0729370868629
20030402,0.00529958694001
20030403,0.246800489917
20030404,0.604389118258
20030405,0.711525383947
20030406,2.88163084279
20030407,1.27996021292
20030408,0.238461988693
20030409,0.146655973671
20030410,0.729975958432
20030411,1.72870204527
20030412,2.43460398656
20030413,0.924982108732
20030414,2.11385791663
20030415,5.02206860937
20030416,2.1318164147
20030417,2.19984481278
20030418,0.742050663941
20030419,1.3426281787
20030420,0.791884716187
20030421,0.827108414967
20030422,0.260012342979
20030423,1.02939208109
20030424,2.06360791177
20030425,0.653248446598
20030426,0.899718755747
20030427,1.69007183849
20030428,0.316939901366
20030429,0.509655691206
20030430,0.427424850499
20030501,0.210039794202
20030502,0.0829834064269
20030503,0.0150953403139
20030504,0.263863982689
20030505,0.253703936416
20030506,0.106503422381
20030507,0.14015156022
20030508,1.23581556908
20030509,0.333837563627
20030510,0.640272716135
20030511,0.878042424475
20030512,1.36480468745
20030513,1.9857805024
20030514,4.93805979241
20030515,0.615532771241
20030516,4.24567163292
20030517,5.92291469226
20030518,1.65412785663
20030519,0.835536217141
20030520,0.88201163885
20030521,1.44745643587
20030522,4.25988019663
20030523,3.96569317756
20030524,0.868069209921
20030525,1.13111341396
20030526,2.09450470772
20030527,1.26455259322
20030528,4.9535362221
20030529,5.20239463636
20030530,1.82634237085
20030531,2.7203123938
20030601,1.19116177515
20030602,7.48522459707
20030603,2.11606460083
20030604,6.81819086447
20030605,1.35346765626
20030606,3.79188715426
20030607,0.593843824952
20030608,3.0311752129
20030609,0.70228423097
20030610,1.90780113032
20030611,1.87164765517
20030612,2.7740731098
20030613,4.72750052066
20030614,1.08131063604
20030615,0.283742258287
20030616,1.33693244471
20030617,1.96727439547
20030618,3.30038457241
20030619,1.52828780825
20030620,3.87786730447
20030621,2.24122710994
20030622,6.41347659445
20030623,1.80033519597
20030624,3.1424946791
20030625,1.41169919117
20030626,2.1965225984
20030627,4.39327573832
20030628,0.68425825905
20030629,2.55528603937
20030630,7.55217581984
20030701,1.18777001546
20030702,2.25660768242
20030703,9.72174139259
20030704,3.09145162785
20030705,1.73321843597
20030706,0.733055637957
20030707,2.96537071613
20030708,5.88187967769
20030709,2.82314524486
20030710,0.550468772241
20030711,2.8956027341
20030712,2.95593751342
20030713,3.82054264098
20030714,3.97021587316
20030715,0.749870937524
20030716,1.05880913333
20030717,2.12746714768
20030718,3.26731664084
20030719,2.77214148887
20030720,6.34350985695
20030721,2.06606143107
20030722,0.688016175604
20030723,2.47138409294
20030724,2.95245232377
20030725,1.74569044571
20030726,1.17388831844
20030727,0.620828358726
20030728,1.54430795924
20030729,5.01975592319
20030730,2.13833841768
20030731,2.10310517785
20030801,5.30597903316
20030802,0.71380026043
20030803,3.57341833772
20030804,1.80959389063
20030805,7.95345428452
20030806,7.47563159318
20030807,9.01202155936
20030808,4.08112923548
20030809,3.67396900518
20030810,1.30487336159
20030811,2.72719637846
20030812,5.69476805718
20030813,5.29788224163
20030814,1.46323631
20030815,1.23625641871
20030816,4.30816067414
20030817,2.51990091811
20030818,4.31393085586
20030819,1.52689215507
20030820,2.43735869385
20030821,4.44179814621
20030822,6.05546494111
20030823,1.24430753203
20030824,5.63208219341
20030825,6.68994377835
20030826,2.05906001069
20030827,2.0934580306
20030828,3.89917878325
20030829,4.25079164156
20030830,5.01339455714
20030831,4.18568036868
20030901,8.03616207007
20030902,2.5945302064
20030903,3.75375269428
20030904,2.2292888572
20030905,4.64418729536
20030906,7.99051233012
20030907,5.32276783786
20030908,3.22560967607
20030909,2.63903605842
20030910,1.4669424871
20030911,1.39465722727
20030912,2.55138185913
20030913,1.07902934953
20030914,2.40303360486
20030915,2.00553326369
20030916,0.65512739434
20030917,1.88016199606
20030918,0.784831154776
20030919,5.17645745665
20030920,1.53513427713
20030921,4.01625080372
20030922,0.690378961944
20030923,2.48699501985
20030924,1.22679342199
20030925,0.631614159208
20030926,0.985334353202
20030927,1.20841940615
20030928,2.6228901861
20030929,2.85428276548
20030930,2.04997998672
20031001,1.54660132252
20031002,1.10299504857
20031003,0.938564843988
20031004,1.36848013787
20031005,0.838053914447
20031006,2.48175844435
20031007,0.406071450068
20031008,0.794396254928
20031009,0.370833497658
20031010,0.28275528456
20031011,0.442258701414
20031012,0.915370997661
20031013,0.871340864352
20031014,1.02914375421
20031015,1.94709037106
20031016,2.32138434542
20031017,1.30164175008
20031018,0.871677005042
20031019,0.849921766478
20031020,0.531528148402
20031021,1.25110678586
20031022,0.613900624101
20031023,0.108354185109
20031024,0.748811713565
20031025,0.67064958528
20031026,0.406530265362
20031027,1.099534254
20031028,1.07981708361
20031029,2.83430178814
20031030,0.293225097975
20031031,0.452094462204
20031101,0.46220749597
20031102,0.613326456184
20031103,0.503785217304
20031104,0.277688777225
20031105,0.059704901718
20031106,0.763009139456
20031107,1.09074196505
20031108,1.08964986222
20031109,0.69373089173
20031110,0.081873770004
20031111,0.164649975944
20031112,0.204865231145
20031113,0.106754854476
20031114,0.386076173631
20031115,0.280107245674
20031116,0.0218079342439
20031117,0.0859099923776
20031118,0.141631324503
20031119,0.26528178519
20031120,0.138181889524
20031121,0.113443952394
20031122,0.326374195537
20031123,0.122670873008
20031124,0.0133083968713
20031125,0.220449658557
20031126,0.264242880806
20031127,0.0958283774414
20031128,0.202799550717
20031129,0.0294859749509
20031130,0.000885299660935
20031201,0.0394009994629
20031202,0.0364694956988
20031203,0.188521484165
20031204,0.118640448394
20031205,0.188655179614
20031206,0.00518412780521
20031207,0.100426804214
20031208,0.0163700757523
20031209,0.00337081326828
20031210,0.0478113995499
20031211,0.00136409126873
20031212,9.19326182084e-06
20031213,0.000298279713574
20031214,0.00608378297386
20031215,0.142096746323
20031216,0.0732342882821
20031217,0.0376873464316
20031218,0.000643776962566
20031219,0.0
20031220,0.000203429201855
20031221,0.0143138291122
20031222,0.023031667134
20031223,0.00208662040198
20031224,0.103171120975
20031225,0.331319631303
20031226,0.20680554072
20031227,0.0182168730517
20031228,0.000565265737536
20031229,5.40902117558e-06
20031230,1.41519847235e-05
20031231,0.257199478188
20040101,0.118379544239
20040102,0.0709843407023
20040103,0.0338210834743
20040104,0.00509705320405
20040105,0.00149316690558
20040106,0.167898603081
20040107,0.0498763787093
20040108,0.0163255906486
20040109,0.0302293276068
20040110,0.0643026839989
20040111,0.0648797199455
20040112,0.0152441771907
20040113,0.0860919717268
20040114,0.260884723007
20040115,0.0417518388346
20040116,0.0138641254076
20040117,0.207971683078
20040118,0.258564114908
20040119,0.0460205079371
20040120,0.0940351963015
20040121,1.18725704335
20040122,0.41124761317
20040123,0.0749898565772
20040124,0.0350709974361
20040125,0.0644277013208
20040126,0.119840228395
20040127,0.0922125442499
20040128,0.0484698906393
20040129,0.00266169232873
20040130,3.23933485423e-05
20040131,0.0
20040201,0.00278822314372
20040202,0.0484604087459
20040203,0.000939178634596
20040204,0.000878611934042
20040205,1.54970019743e-05
20040206,0.0111041229758
20040207,0.00582244661378
20040208,9.94038967282e-05
20040209,0.00355767019472
20040210,6.28563646119e-05
20040211,0.0072624711901
20040212,0.0409301420877
20040213,0.0121858542295
20040214,0.0761902413772
20040215,0.114379900792
20040216,0.217927286986
20040217,0.195911334366
20040218,0.0461956386175
20040219,0.21788620811
20040220,0.0657538707891
20040221,0.0500419516384
20040222,0.0190249440688
20040223,0.000654767200152
20040224,0.00103281608908
20040225,0.00867764797082
20040226,0.0066953813012
20040227,0.160394857607
20040228,0.905184932983
20040229,0.206940100521
20040301,0.229718276687
20040302,0.317825204629
20040303,0.518808206847
20040304,0.53466785074
20040305,1.00030595951
20040306,0.0796452713642
20040307,0.00230174342559
20040308,2.12708938968e-05
20040309,0.0
20040310,0.0
20040311,0.000241136474548
20040312,0.00587015985318
20040313,0.0250185964167
20040314,0.0395343855597
20040315,0.0298383814767
20040316,0.136820574657
20040317,0.185139828114
20040318,0.218662669754
20040319,0.117333553668
20040320,0.027387950623
20040321,0.00766298831243
20040322,0.0935386093466
20040323,0.081677479934
20040324,0.104010492659
20040325,0.0376589270679
20040326,0.0531963579965
20040327,0.0626827856958
20040328,0.0497107729079
20040329,0.200842730674
20040330,0.0315095927961
20040331,0.124620462988
20040401,0.619106150162
20040402,1.06010803724
20040403,1.11521476197
20040404,0.187066303186
20040405,0.714873597616
20040406,1.98934450171
20040407,1.1076770609
20040408,0.379440809036
20040409,0.537067832631
20040410,0.217577888778
20040411,0.831767682255
20040412,1.10619911077
20040413,1.54191915016
20040414,0.602482625086
20040415,0.595060553442
20040416,1.22647033686
20040417,1.04257336139
20040418,0.189978744847
20040419,0.430069015351
20040420,0.597227605403
20040421,1.02462810027
20040422,4.53126762305
20040423,0.969715007961
20040424,0.228835413596
20040425,0.172769232774
20040426,0.450821154445
20040427,3.97038553111
20040428,1.00369774268
20040429,4.6176545472
20040430,0.788134889262
20040501,0.252212487928
20040502,0.273787604583
20040503,0.69970134341
20040504,9.47320557377
20040505,2.04435376608
20040506,3.48157713863
20040507,3.2775402192
20040508,0.549163498681
20040509,0.465930837182
20040510,1.28118888826
20040511,2.19898203617
20040512,1.56527742577
20040513,0.645894388481
20040514,0.696990559979
20040515,1.78577617431
20040516,1.41125867241
20040517,0.827160981755
20040518,1.75774789168
20040519,1.21127241259
20040520,2.1244524563
20040521,0.585408317226
20040522,0.446972898419
20040523,3.286350883
20040524,2.07180800012
20040525,0.166902187768
20040526,1.09472214305
20040527,1.15025360578
20040528,2.07621554843
20040529,1.71747393079
20040530,1.46918385887
20040531,2.61359593785
20040601,0.425566810145
20040602,6.71225051628
20040603,2.64588123658
20040604,2.04795293327
20040605,0.259211894562
20040606,1.24358866053
20040607,5.1733370936
20040608,1.30802244915
20040609,3.58173635293
20040610,1.42026169059
20040611,0.572057819907
20040612,2.59611963757
20040613,0.851108250043
20040614,0.789425204582
20040615,0.983161415363
20040616,1.73836334563
20040617,3.97978511511
20040618,0.354655808003
20040619,1.08307213495
20040620,2.62480113816
20040621,1.20452450915
20040622,3.96158600296
20040623,0.980794226033
20040624,1.47505631227
20040625,8.04468807561
20040626,2.86548408143
20040627,0.412652134389
20040628,2.07880066577
20040629,0.555789173307
20040630,5.47449799892
20040701,1.88925942156
20040702,0.544788371503
20040703,4.60329797003
20040704,1.33820455118
20040705,2.64751694453
20040706,1.02925857547
20040707,4.35105848857
20040708,0.961387048832
20040709,1.32937761295
20040710,2.56057874168
20040711,3.73429142268
20040712,2.98923359435
20040713,0.132126782489
20040714,3.57723387669
20040715,2.66795935035
20040716,0.620154278244
20040717,4.41357635969
20040718,2.82065734979
20040719,2.58777320068
20040720,3.95517999125
20040721,4.96065299168
20040722,2.46985137485
20040723,3.99316047426
20040724,4.1319187783
20040725,1.02850738746
20040726,1.98183620841
20040727,0.751391012126
20040728,2.34505108379
20040729,3.66316697857
20040730,3.46276635903
20040731,1.57125646248
20040801,2.1834422403
20040802,2.76138584664
20040803,5.32494529705
20040804,0.491363384827
20040805,3.52373124462
20040806,3.25053859504
20040807,0.923035271708
20040808,3.24865727146
20040809,1.3289493234
20040810,1.81691349333
20040811,3.1759362784
20040812,3.35336834156
20040813,1.68461869466
20040814,2.17643279959
20040815,3.7238898169
20040816,2.90297550784
20040817,6.41812232268
20040818,3.33123177315
20040819,0.281349853647
20040820,2.48123607768
20040821,7.53341265736
20040822,4.37800132826
20040823,1.92878891099
20040824,5.94860061921
20040825,2.0783540245
20040826,0.200122622572
20040827,4.8155660869
20040828,3.4333904887
20040829,1.38752033823
20040830,1.44930586478
20040831,3.46108092576
20040901,0.683271585626
20040902,3.13201422619
20040903,3.57762322205
20040904,1.01151828516
20040905,2.54056184069
20040906,0.398907993159
20040907,3.09312403887
20040908,2.29932312947
20040909,3.72382354589
20040910,0.604364660402
20040911,5.58095276102
20040912,1.45240048186
20040913,0.522657721214
20040914,3.62015538207
20040915,0.676268368094
20040916,1.74716134984
20040917,1.61653707004
20040918,0.467180391972
20040919,1.04052352797
20040920,3.4443519334
20040921,1.05186373764
20040922,1.72171943088
20040923,1.76598312019
20040924,0.505589001603
20040925,0.971888508264
20040926,1.09199580882
20040927,1.06618753439
20040928,0.774011402932
20040929,1.30591150099
20040930,2.45326548955
20041001,1.29278344825
20041002,0.78349261659
20041003,1.59609999582
20041004,0.675735773438
20041005,3.92090044325
20041006,0.894267644283
20041007,1.46249363194
20041008,0.599362022437
20041009,0.286571754214
20041010,0.750851683865
20041011,0.802728229344
20041012,0.461092231748
20041013,0.284520374114
20041014,0.47556932538
20041015,0.793393201412
20041016,0.634614742433
20041017,0.20967198698
20041018,0.184743842599
20041019,0.207517600072
20041020,0.622536072546
20041021,0.328500937013
20041022,0.336966933181
20041023,0.200048382751
20041024,1.32642788996
20041025,0.980811867703
20041026,0.0451304674925
20041027,0.063596638796
20041028,0.205174808382
20041029,0.410057599528
20041030,0.406828271287
20041031,0.19599592535
20041101,0.971189586057
20041102,0.36449010719
20041103,0.587972286378
20041104,0.531283976446
20041105,0.479569826587
20041106,0.248920994606
20041107,1.00691851245
20041108,0.11807083107
20041109,0.187710596039
20041110,0.0809453631621
20041111,0.0484199400712
20041112,0.277621572438
20041113,0.340176694392
20041114,0.0462962919329
20041115,0.262504732752
20041116,0.0533687310758
20041117,0.294413939136
20041118,0.0678025479538
20041119,0.0328200577539
20041120,0.0915818699465
20041121,0.0701475847202
20041122,0.0277234483716
20041123,0.0101655804504
20041124,0.00807130548127
20041125,0.0742418771825
20041126,0.0116469256815
20041127,0.000183081740621
20041128,7.71926042255e-09
20041129,0.0151239315194
20041130,0.00302719612682
20041201,0.000312718699038
20041202,0.000463233908375
20041203,1.27760111141e-05
20041204,0.00722116501809
20041205,0.0187545121729
20041206,0.211785514723
20041207,0.00848720270998
20041208,0.000890019972244
20041209,0.0407864356557
20041210,0.0293879687457
20041211,0.0141716662611
20041212,0.00986309681965
20041213,0.0143543199481
20041214,0.147973681994
20041215,0.00700003647127
20041216,0.202854289878
20041217,0.16265299015
20041218,0.0415991622146
20041219,0.00231608722656
20041220,0.126404318799
20041221,0.011704646296
20041222,0.00319182443505
20041223,0.00215526654359
20041224,0.00340264926746
20041225,0.000481516044266
20041226,0.0217028708619
20041227,0.0834433650596
20041228,0.0269808658088
20041229,0.03998248251
20041230,0.0947482578199
20041231,0.126762864572
20050101,0.0821148931127
20050102,0.0421891399253
20050103,0.00157494834327
20050104,1.50971648155e-05
20050105,0.0
20050106,0.0
20050107,0.0
20050108,0.010952048327
20050109,0.000379267897558
20050110,3.28213375253e-06
20050111,0.00917134516019
20050112,0.054071391203
20050113,0.226802449002
20050114,0.0188482876737
20050115,0.13113864063
20050116,0.0151015923878
20050117,0.0729175588223
20050118,0.0167268653653
20050119,0.00212480297387
20050120,0.00569619241244
20050121,0.000148592436017
20050122,0.0284202824673
20050123,0.0458198448131
20050124,0.233954531491
20050125,0.0349959213955
20050126,0.00854307016491
20050127,0.00680624688329
20050128,0.143571432659
20050129,0.0245762910383
20050130,0.0283240290834
20050131,0.245423012113
20050201,0.254856113142
20050202,0.00917684574039
20050203,0.00816368225213
20050204,0.00014275177416
20050205,0.0266812941975
20050206,0.0475319384837
20050207,0.41392704337
20050208,0.256600148771
20050209,0.114762003753
20050210,0.583010686688
20050211,0.303211171693
20050212,0.103494525548
20050213,0.0399996292874
20050214,0.0633266562735
20050215,0.12950015567
20050216,0.134147022071
20050217,0.00233001038052
20050218,0.0230374032775
20050219,0.187543709373
20050220,0.565479930914
20050221,0.273439046859
20050222,0.415056930577
20050223,0.11578361531
20050224,0.00454397239932
20050225,0.0936766235755
20050226,0.523223859262
20050227,0.243346872449
20050228,0.232026302098
20050301,0.187535498249
20050302,0.294272714583
20050303,0.303770668018
20050304,0.133722016068
20050305,0.154764959428
20050306,0.507889128399
20050307,1.22872184838
20050308,0.94530143584
20050309,0.509976399848
20050310,0.340134753185
20050311,1.03496633543
20050312,0.40683150352
20050313,0.0974163164306
20050314,0.631064863983
20050315,0.475380379304
20050316,0.0735425435634
20050317,0.193573796518
20050318,0.0965020742487
20050319,0.212382825608
20050320,0.0295994158897
20050321,0.361778081106
20050322,0.159050482847
20050323,0.0839125259834
20050324,0.210551655638
20050325,0.0252469127269
20050326,0.040422570151
20050327,0.0141576675795
20050328,0.126874941116
20050329,0.0468895043412
20050330,0.462383566359
20050331,0.086537627492
20050401,0.152050939931
20050402,0.165141266189
20050403,0.263576803589
20050404,0.126406196411
20050405,0.0379094921851
20050406,0.0672879655054
20050407,0.17817787983
20050408,0.065145819256
20050409,0.0440302988546
20050410,0.0362818537743
20050411,0.0742076754252
20050412,0.0963418513765
20050413,1.2292045637
20050414,0.459300743647
20050415,2.76837594601
20050416,0.288114311989
20050417,1.0668049607
20050418,0.735569045411
20050419,0.893995346183
20050420,2.47711486324
20050421,1.34169049114
20050422,1.87001487626
20050423,0.0834113785736
20050424,1.58917197462
20050425,0.889564545661
20050426,0.312640676366
20050427,0.412241309136
20050428,1.02121942895
20050429,2.01865130007
20050430,1.14035327257
20050501,0.396731053122
20050502,0.136269199813
20050503,3.89224278785
20050504,5.98384008259
20050505,1.95665613836
20050506,4.02457935628
20050507,0.448819339447
20050508,1.50711840515
20050509,1.03851988185
20050510,1.89469864772
20050511,1.08482252211
20050512,0.17986741688
20050513,0.277016503689
20050514,1.04680851408
20050515,0.324540381047
20050516,1.47996052758
20050517,0.984914291896
20050518,0.427478508601
20050519,0.69816503137
20050520,0.0947695792023
20050521,0.620882584792
20050522,0.790027582555
20050523,1.461255152
20050524,0.90733227542
20050525,0.302599197773
20050526,0.823083159212
20050527,1.84297466476
20050528,2.47388205096
20050529,1.586083794
20050530,2.14504960003
20050531,5.41793464037
20050601,1.54319850318
20050602,2.17752411591
20050603,1.11250281033
20050604,4.24983056986
20050605,2.73459115272
20050606,1.61302665226
20050607,0.25580505225
20050608,6.4230346638
20050609,0.495860849607
20050610,0.132275619273
20050611,2.82602823691
20050612,1.55240965943
20050613,2.84661205889
20050614,0.829977262521
20050615,1.82433622676
20050616,3.36621281686
20050617,3.54879469305
20050618,1.77840646544
20050619,1.58114410443
20050620,3.34297969516
20050621,1.60606594464
20050622,3.49041163506
20050623,0.516333086182
20050624,1.4697337643
20050625,3.69013319636
20050626,1.77902582683
20050627,7.11006159596
20050628,2.01890847784
20050629,1.6838145799
20050630,6.1598366967
20050701,1.42263088374
20050702,5.47925058657
20050703,2.64983966976
20050704,1.37730750516
20050705,0.719758722283
20050706,1.96398878304
20050707,2.41735318163
20050708,2.30840192829
20050709,6.30186395086
20050710,7.04102227526
20050711,3.61459674735
20050712,0.43941261135
20050713,1.33921691785
20050714,4.44623982005
20050715,5.73704085073
20050716,0.532599277312
20050717,2.29814484778
20050718,10.3323005899
20050719,0.769003195841
20050720,2.21635380865
20050721,7.12850272335
20050722,1.56612615526
20050723,0.284400251885
20050724,0.762735712361
20050725,1.42400606564
20050726,2.57683197127
20050727,1.86104067307
20050728,0.192375343394
20050729,2.96886192292
20050730,1.53818758986
20050731,1.70222505944
20050801,1.94908077192
20050802,1.86341789157
20050803,2.0835497307
20050804,1.60187170459
20050805,1.83689677879
20050806,2.72951799165
20050807,9.58101280965
20050808,2.94055303764
20050809,2.94549237485
20050810,1.77197527454
20050811,1.72138117552
20050812,4.26337554427
20050813,3.20371592468
20050814,1.67210212214
20050815,3.73940447322
20050816,5.46845937838
20050817,4.99480524687
20050818,3.47755303376
20050819,3.04870157288
20050820,1.41500860161
20050821,1.49826771188
20050822,1.42113422936
20050823,1.52416507812
20050824,4.69418593844
20050825,1.97186483271
20050826,2.1131083823
20050827,3.48946805658
20050828,1.03111801114
20050829,9.52777699472
20050830,3.73234302568
20050831,2.67378093179
20050901,2.57411104526
20050902,1.46661419172
20050903,6.69810192148
20050904,3.30217317521
20050905,0.84244629521
20050906,7.85107062052
20050907,3.89546330558
20050908,1.99789676199
20050909,1.19883120586
20050910,1.69465115493
20050911,1.48558136429
20050912,2.1964468064
20050913,2.26497595386
20050914,1.08445341463
20050915,0.500760645829
20050916,0.573425182835
20050917,0.301126287436
20050918,0.773406517315
20050919,1.17840780129
20050920,2.33458130779
20050921,2.51929342405
20050922,0.612101472972
20050923,1.71342343504
20050924,4.99456430532
20050925,3.93722267664
20050926,2.0194110667
20050927,5.04704387977
20050928,2.7261597427
20050929,0.622228928048
20050930,0.582814810439
20051001,1.27853726854
20051002,0.741462182228
20051003,2.03205618574
20051004,2.75308955292
20051005,0.536167655868
20051006,0.394476767533
20051007,0.472055403309
20051008,1.77120240777
20051009,0.422308438044
20051010,0.323103784377
20051011,0.656031336025
20051012,0.256695067432
20051013,0.262563180787
20051014,1.16924342866
20051015,0.679209919297
20051016,0.868787223245
20051017,0.419561093635
20051018,3.92782642291
20051019,2.91958498477
20051020,1.75727158881
20051021,0.371959790891
20051022,0.0579374387713
20051023,0.272046126568
20051024,0.496007746032
20051025,0.616511258023
20051026,0.176575712696
20051027,0.0602595484416
20051028,0.094493309245
20051029,0.13774550145
20051030,0.0874539178548
20051031,0.0516811391278
20051101,0.803754509444
20051102,0.475995177046
20051103,0.526985930168
20051104,0.236017124011
20051105,0.401027117422
20051106,0.115637444318
20051107,0.315876278082
20051108,0.0477048447466
20051109,0.00703099956597
20051110,0.197058636994
20051111,0.301011548595
20051112,0.277635138134
20051113,0.0811757687505
20051114,0.164089214266
20051115,0.0191349521273
20051116,0.0659611967378
20051117,0.0227517116607
20051118,0.0025185838067
20051119,0.000468059386589
20051120,0.0166372319514
20051121,0.25830452706
20051122,0.100641686574
20051123,0.206938679616
20051124,0.14756274267
20051125,0.0232251316794
20051126,0.0823927224493
20051127,0.0936640888405
20051128,0.0687929878723
20051129,0.136874129974
20051130,0.0115414629404
20051201,0.0783180378348
20051202,0.0709294538952
20051203,0.0372282093443
20051204,0.0498158197966
20051205,0.00179335326888
20051206,0.904333825284
20051207,0.0845013839446
20051208,0.00316433262367
20051209,0.403664531758
20051210,0.0783406432336
20051211,0.122827128766
20051212,0.237139693294
20051213,0.0195191935545
20051214,0.00293665004369
20051215,0.000343138248897
20051216,0.00723470113981
20051217,0.0123706660948
20051218,0.000216306302991
20051219,5.18724277067e-05
20051220,9.16473906567e-07
20051221,0.00112259045012
20051222,0.000262388620573
20051223,0.222501724532
20051224,0.0046682041039
20051225,0.235687395064
20051226,0.0223126064426
20051227,0.0106982383767
20051228,0.00134077472693
20051229,2.04492072565e-05
20051230,0.00352409655177
20051231,0.00815186705894
20060101,0.00920869225713
20060102,0.000160172777895
20060103,0.167286355887
20060104,0.547114528269
20060105,0.0678993021349
20060106,0.0194552142552
20060107,0.0170968641394
20060108,0.165585104918
20060109,0.184931878102
20060110,0.00405558436406
20060111,0.109502160285
20060112,0.121166679679
20060113,0.0116449104216
20060114,0.00559835695045
20060115,0.029242871875
20060116,0.000514963567191
20060117,0.0018522088647
20060118,0.0920218854756
20060119,0.0656921763466
20060120,0.147030789924
20060121,0.973016509005
20060122,0.0721502580847
20060123,0.000971814391434
20060124,0.00170327854099
20060125,0.0200261189471
20060126,0.43198033159
20060127,0.197544805591
20060128,0.321398125215
20060129,1.58637717815
20060130,0.102008636394
20060131,0.0142210292164
20060201,0.0289519831558
20060202,0.00436016547116
20060203,0.080796459014
20060204,0.0777918489243
20060205,0.0129595028874
20060206,0.00724351889011
20060207,0.000932333403915
20060208,0.00136651306861
20060209,0.00975540626658
20060210,0.0561942837129
20060211,0.0792664694319
20060212,0.0252494999095
20060213,0.186579835694
20060214,0.0511540419091
20060215,0.450571297296
20060216,0.159074078937
20060217,0.109208657388
20060218,0.0974970512336
20060219,0.172464073286
20060220,0.11605039263
20060221,0.302174589545
20060222,0.482660549173
20060223,0.0458990283235
20060224,0.213070653263
20060225,0.504465897241
20060226,0.285676939026
20060227,0.155658063743
20060228,0.0110060770759
20060301,0.0152151503383
20060302,0.593110710615
20060303,0.747536153682
20060304,0.192408716169
20060305,0.4232490287
20060306,0.0312529718231
20060307,0.0656057920483
20060308,0.585910157425
20060309,0.935932517684
20060310,0.15793742526
20060311,0.306873471841
20060312,0.114483352354
20060313,0.00217168013652
20060314,0.0101622800318
20060315,0.140328649581
20060316,0.226935955106
20060317,0.649967502298
20060318,0.089634202263
20060319,0.119941684849
20060320,0.251122740834
20060321,0.769862599163
20060322,0.661028064997
20060323,0.707452670681
20060324,0.0669420432555
20060325,0.0139134963892
20060326,0.280757751882
20060327,0.60106585096
20060328,0.0388259171388
20060329,0.455628471373
20060330,0.217896964274
20060331,0.171154507723
20060401,0.348561543446
20060402,0.0574490224226
20060403,0.340541514466
20060404,0.155879546361
20060405,0.463260990606
20060406,0.208063429584
20060407,0.41215085552
20060408,0.0792495015882
20060409,0.0981567791581
20060410,0.045188335842
20060411,0.275486618892
20060412,0.0548461417503
20060413,0.024477824617
20060414,0.0243297070587
20060415,0.178205042329
20060416,0.239858943932
20060417,0.382731726003
20060418,0.481115889427
20060419,0.193705369806
20060420,0.78983853895
20060421,0.46063629758
20060422,0.530742856904
20060423,0.388812473544
20060424,2.12984728615
20060425,1.97907410942
20060426,1.66058226046
20060427,2.23078926692
20060428,0.421703087436
20060429,0.832891591016
20060430,0.363620031064
20060501,0.360990637815
20060502,0.23654059593
20060503,1.13049995384
20060504,0.514268655558
20060505,1.96518179706
20060506,0.645909660982
20060507,1.56608273837
20060508,0.95356769412
20060509,1.594168616
20060510,1.28430243186
20060511,1.91885823486
20060512,0.283997542866
20060513,0.711289411955
20060514,0.706337997497
20060515,2.09034552227
20060516,1.21963776521
20060517,0.304567283684
20060518,1.08389803356
20060519,1.2334299316
20060520,2.46307034198
20060521,3.60229620902
20060522,1.05209885519
20060523,0.956559056077
20060524,3.13361479217
20060525,0.614276351707
20060526,0.836028779456
20060527,0.246461124728
20060528,2.1844763614
20060529,1.35097122586
20060530,1.50193902582
20060531,0.688330019716
20060601,1.19573854979
20060602,1.77574726297
20060603,1.02230491294
20060604,0.193285303303
20060605,1.91824975997
20060606,1.19856774277
20060607,1.03040888878
20060608,1.35911882418
20060609,3.13821597055
20060610,0.793102598604
20060611,0.580302653771
20060612,0.750773333136
20060613,0.66208386428
20060614,1.06816434047
20060615,5.46895976259
20060616,0.529647810144
20060617,3.2388290303
20060618,2.4235749079
20060619,0.517314867006
20060620,0.553741773434
20060621,0.849455005347
20060622,1.90037071485
20060623,0.957954079368
20060624,1.51911135831
20060625,1.20251663594
20060626,0.344171872165
20060627,1.40249381861
20060628,0.475595795038
20060629,0.254669809125
20060630,2.41719106445
20060701,1.76998589033
20060702,1.63667959779
20060703,0.92375212536
20060704,1.62294445865
20060705,1.48824248535
20060706,2.51424092821
20060707,0.519203141435
20060708,0.340405212847
20060709,2.649912235
20060710,2.01372768584
20060711,0.538282091821
20060712,1.43598667086
20060713,1.62756356361
20060714,1.61644838624
20060715,4.50479971687
20060716,2.12520831969
20060717,0.731825623294
20060718,1.00270732654
20060719,6.63509000801
20060720,7.25855820528
20060721,3.39184708122
20060722,1.95060694948
20060723,7.91382234911
20060724,0.701879257721
20060725,4.06731538166
20060726,4.543897389
20060727,0.311817308093
20060728,1.05110167791
20060729,1.36164454329
20060730,1.985851912
20060731,2.64795217065
20060801,4.74667459073
20060802,1.52181622181
20060803,0.589071715588
20060804,8.10622679163
20060805,1.71944697221
20060806,2.20088079064
20060807,3.6981830966
20060808,2.05696027401
20060809,1.06659686738
20060810,5.45598489711
20060811,5.33596490427
20060812,3.49197458787
20060813,0.514332186272
20060814,1.13960682713
20060815,4.05900043995
20060816,1.21094515914
20060817,2.34974105646
20060818,7.09264607158
20060819,7.24493255161
20060820,0.66134405329
20060821,2.45419400633
20060822,7.48862805987
20060823,8.48464286212
20060824,6.79571880628
20060825,1.02661495623
20060826,1.7192920945
20060827,2.5298349525
20060828,3.31942367106
20060829,4.67350219114
20060830,4.79741722676
20060831,2.58261704194
20060901,1.03585205319
20060902,0.826851705968
20060903,3.19785040665
20060904,1.47909132921
20060905,3.32029056545
20060906,2.0474779158
20060907,0.754957889393
20060908,3.13653393822
20060909,4.858050427
20060910,4.98316244431
20060911,7.25811407587
20060912,4.63535108545
20060913,2.43334629633
20060914,1.45056725873
20060915,2.00572451322
20060916,3.95309123768
20060917,2.20106823828
20060918,3.85315864437
20060919,3.15791643571
20060920,2.22118186012
20060921,1.78919683985
20060922,1.44385178943
20060923,1.26218577259
20060924,2.50665970113
20060925,2.00190234184
20060926,0.367784617169
20060927,4.07881497162
20060928,1.59164717866
20060929,0.664537153524
20060930,5.78341631559
20061001,1.95804486276
20061002,1.19170697247
20061003,0.716428485199
20061004,0.867710283487
20061005,0.96839213088
20061006,0.684996448678
20061007,1.92361252389
20061008,1.23970272318
20061009,1.28363728338
20061010,0.967679921437
20061011,1.03030079038
20061012,1.07709977426
20061013,1.74974561043
20061014,1.48392488717
20061015,0.63565650617
20061016,0.262841120483
20061017,0.642983797634
20061018,0.305933085618
20061019,1.48513808974
20061020,0.665601055597
20061021,0.685948617165
20061022,0.466752461333
20061023,0.49057893119
20061024,0.480483771625
20061025,0.22722548996
20061026,0.240998505405
20061027,0.928629966555
20061028,0.525371853986
20061029,0.190900678113
20061030,0.211539781885
20061031,0.14725089598
20061101,0.0776980850537
20061102,0.29302230185
20061103,1.20536242345
20061104,0.0792273790264
20061105,0.078679688785
20061106,0.126859894275
20061107,0.0278902320991
20061108,0.611871488379
20061109,0.258925324782
20061110,0.103789172049
20061111,0.414016716607
20061112,0.101129268098
20061113,0.11742810249
20061114,0.00389479817536
20061115,0.00202857301921
20061116,0.0224230398155
20061117,0.00300956954566
20061118,0.0142497169721
20061119,0.000250945794793
20061120,0.00574175357675
20061121,0.00184629796056
20061122,0.0146658492908
20061123,0.00137753924585
20061124,1.97697882547e-05
20061125,0.0
20061126,0.0
20061127,0.0191492318989
20061128,0.00989029230537
20061129,0.0844299410236
20061130,0.0169278673073
20061201,0.0534861717304
20061202,0.0780869282077
20061203,0.122426907243
20061204,0.0504305630216
20061205,0.0382647439882
20061206,0.0425966495658
20061207,0.0265442345115
20061208,0.0125612538163
20061209,0.0174826156967
20061210,0.11327876511
20061211,0.0310731210428
20061212,0.0384381128712
20061213,0.000670042094538
20061214,0.0764238421886
20061215,0.00638305461722
20061216,0.00758022730057
20061217,0.00510145248992
20061218,8.77932282981e-05
20061219,0.00888036255016
20061220,0.000198031099741
20061221,0.0127122266387
20061222,0.000224584796419
20061223,0.000100213465758
20061224,0.00108218884065
20061225,1.90886641275e-05
20061226,0.0103373735525
20061227,0.0016092584739
20061228,0.000538914735414
20061229,9.07613951879e-06
20061230,0.0
20061231,0.0496455131359
20070101,0.0209808147351
20070102,0.00223195209024
20070103,0.0490719162065
20070104,0.155934016422
20070105,0.211122046788
20070106,0.0246563438899
20070107,0.000432224083965
20070108,0.0189141533602
20070109,0.0084564143176
20070110,0.000648839257028
20070111,0.000357280426984
20070112,0.0269999503895
20070113,0.0072895490796
20070114,0.000417709723723
20070115,0.000228399295054
20070116,0.00164874906274
20070117,2.90601871103e-05
20070118,0.0
20070119,0.0
20070120,0.0
20070121,0.00131865168277
20070122,0.0125572646227
20070123,0.000626742011007
20070124,7.16066832129e-06
20070125,0.0145397463039
20070126,0.066121428957
20070127,0.198061186132
20070128,0.00373389194545
20070129,4.50773129886e-06
20070130,0.00119672036664
20070131,0.000331214384863
20070201,0.336302495192
20070202,0.130526178222
20070203,0.0130787598203
20070204,0.00612982045827
20070205,0.000681187518802
20070206,0.00933231057853
20070207,0.0776939694914
20070208,0.0266882813936
20070209,1.17003864013
20070210,0.842002416273
20070211,0.0835396762301
20070212,0.102178370567
20070213,0.0405877844442
20070214,0.0113914196422
20070215,0.0413678461667
20070216,0.000727538739017
20070217,0.0
20070218,0.00717186627473
20070219,0.0424315298784
20070220,0.185006307886
20070221,0.144330251478
20070222,0.386058048529
20070223,0.142155955829
20070224,0.629755236443
20070225,0.182980599991
20070226,0.0485817039264
20070227,0.0164478112117
20070228,0.0583110965778
20070301,0.0080985750045
20070302,0.000124968674659
20070303,0.0
20070304,0.0
20070305,0.00465606587913
20070306,0.00236724993881
20070307,0.131819613763
20070308,0.109679133205
20070309,0.0501723582764
20070310,0.00838308757618
20070311,0.0303182000592
20070312,0.0211719572395
20070313,0.00190076724234
20070314,0.000308552290087
20070315,0.0166077366979
20070316,0.451132228342
20070317,0.112154637835
20070318,0.0957185234254
20070319,0.0604418845827
20070320,0.00564298046602
20070321,0.00467878730885
20070322,0.0195360408775
20070323,0.0504030048941
20070324,0.347653374573
20070325,0.370367974093
20070326,0.581800573128
20070327,0.429048747423
20070328,0.149805865626
20070329,0.126132705675
20070330,2.12239602632
20070331,0.126718419361
20070401,0.24415916745
20070402,0.484740776619
20070403,1.00638088392
20070404,0.341696363934
20070405,1.1452818742
20070406,0.4306694017
20070407,3.68909371343
20070408,0.340071501625
20070409,0.26972506242
20070410,0.0660933762292
20070411,0.527483259701
20070412,0.0864737383039
20070413,0.661712432758
20070414,0.302826311471
20070415,0.107308609323
20070416,0.151864262609
20070417,0.57986953011
20070418,1.65916530807
20070419,0.620702649038
20070420,0.72082085552
20070421,0.660185783763
20070422,0.43975074188
20070423,2.96602667558
20070424,0.147381509618
20070425,0.303485974284
20070426,0.749077853514
20070427,1.55938884676
20070428,1.34337408742
20070429,1.28567598302
20070430,1.25460698464
20070501,0.686822723343
20070502,1.62390352882
20070503,0.938655370255
20070504,0.941638971935
20070505,2.00091797369
20070506,0.907143422979
20070507,2.49342268806
20070508,3.3742623325
20070509,0.586961910859
20070510,0.22802666971
20070511,0.751868153141
20070512,1.40695524788
20070513,0.662813560236
20070514,2.74691755527
20070515,0.628643941662
20070516,0.912035028317
20070517,1.10174177086
20070518,0.991074678445
20070519,2.00005543039
20070520,0.374362473314
20070521,7.52938060761
20070522,0.536539567884
20070523,1.77638115308
20070524,0.93402229754
20070525,4.33819827956
20070526,2.17075901444
20070527,8.93744189077
20070528,1.88864676015
20070529,0.867122143918
20070530,5.06679425054
20070531,0.772206650422
20070601,0.536099758072
20070602,5.95990389224
20070603,1.11703861712
20070604,3.12416348504
20070605,0.665567725357
20070606,4.02160682225
20070607,3.19998237884
20070608,2.47526218832
20070609,0.31023849324
20070610,0.44071382428
20070611,0.810405825963
20070612,1.33070204323
20070613,0.476178882585
20070614,1.31742244378
20070615,1.16960387068
20070616,0.0998666831799
20070617,3.13296153109
20070618,2.11866844929
20070619,1.30213676268
20070620,2.21613497082
20070621,0.619998777118
20070622,2.21916138328
20070623,1.1106695764
20070624,1.41054992925
20070625,0.839709720609
20070626,3.90980875488
20070627,1.876447843
20070628,3.18510382433
20070629,0.938564676214
20070630,2.96721557381
20070701,2.25926978547
20070702,2.5029977934
20070703,0.699928934949
20070704,0.826303893728
20070705,2.95834417832
20070706,0.422332519089
20070707,2.5671106462
20070708,5.89437274254
20070709,2.31822150692
20070710,2.08840941313
20070711,1.97798499413
20070712,2.10912161228
20070713,4.20644984616
20070714,2.36976129983
20070715,3.46761484378
20070716,3.06654671368
20070717,1.51048704067
20070718,0.896159446694
20070719,4.85067122818
20070720,0.463656024368
20070721,4.07268414166
20070722,2.55804608317
20070723,6.16312987437
20070724,1.40998438296
20070725,0.665410752544
20070726,5.64945252884
20070727,2.33440159411
20070728,4.63151976441
20070729,2.50028284941
20070730,1.31077936232
20070731,3.83650799957
20070801,4.74217599782
20070802,6.48860055321
20070803,2.85476272661
20070804,2.77648876946
20070805,6.04509794101
20070806,6.06556375538
20070807,1.97381982453
20070808,2.2392623664
20070809,3.47483944291
20070810,3.14504018689
20070811,10.3922495088
20070812,1.21067751143
20070813,8.56654798917
20070814,3.60675259999
20070815,3.84262061742
20070816,0.765818241689
20070817,1.81768239255
20070818,4.6708702428
20070819,2.00868297639
20070820,1.72809658377
20070821,6.30679034176
20070822,2.9032539668
20070823,2.07950827318
20070824,6.21072250018
20070825,3.81532560596
20070826,5.02745006833
20070827,2.98842093824
20070828,4.5365788487
20070829,9.04062406669
20070830,3.10691213971
20070831,2.26864955462
20070901,7.79254137186
20070902,2.24475547494
20070903,1.08584284538
20070904,2.12050697529
20070905,8.07776768786
20070906,5.18686235873
20070907,2.13783399073
20070908,2.41140678009
20070909,5.72891030108
20070910,3.8499237459
20070911,0.813472345473
20070912,0.661864961692
20070913,1.82562077306
20070914,2.03239780681
20070915,3.21704922103
20070916,1.5936893883
20070917,1.24700133484
20070918,3.48002502376
20070919,1.01406471568
20070920,0.829287731705
20070921,1.59682167611
20070922,1.52870198837
20070923,0.499437850055
20070924,1.84767820198
20070925,1.52701338239
20070926,1.30588276248
20070927,0.942260710939
20070928,1.15352152877
20070929,0.681722865058
20070930,1.44423555895
20071001,0.329055794552
20071002,1.03974995464
20071003,0.468795192369
20071004,0.297966406566
20071005,2.04231317787
20071006,1.30798403962
20071007,2.14720492238
20071008,0.689891008217
20071009,0.488430776646
20071010,1.15963851262
20071011,1.92890711097
20071012,1.33501389851
20071013,0.516123087096
20071014,0.313218906496
20071015,1.09238294937
20071016,0.101536303343
20071017,0.22586108469
20071018,0.36821477746
20071019,0.640303342892
20071020,1.02541567129
20071021,1.68539941375
20071022,0.881660945367
20071023,0.248756776675
20071024,1.71852818834
20071025,0.595358552126
20071026,0.34497891782
20071027,1.49519547207
20071028,1.49474060407
20071029,0.255025918526
20071030,0.418517264428
20071031,0.0799325061003
20071101,0.255555007628
20071102,0.266873501642
20071103,0.0310619967153
20071104,0.329555290675
20071105,0.0369849834219
20071106,0.0511201119814
20071107,0.0668751887193
20071108,0.030242189432
20071109,0.25598511284
20071110,0.924819724602
20071111,0.245057647178
20071112,0.419650918356
20071113,0.147711457185
20071114,0.0517579901802
20071115,0.387787635826
20071116,0.518292697913
20071117,0.1783368783
20071118,0.600293979156
20071119,0.28019877942
20071120,0.0354055070257
20071121,0.0771488685188
20071122,0.460103878317
20071123,0.0149917313388
20071124,0.054236002541
20071125,0.0862262175691
20071126,0.071448629365
20071127,0.128566195081
20071128,0.257903343207
20071129,0.0738473024251
20071130,0.0116098405775
20071201,0.024138678613
20071202,0.0882637505415
20071203,0.686253429273
20071204,0.095476960416
20071205,0.671019723219
20071206,0.0415134694113
20071207,0.0250545132324
20071208,0.0319536954355
20071209,0.0108211805769
20071210,0.0292332651001
20071211,0.00566581326951
20071212,0.00502008971206
20071213,0.000438067667439
20071214,0.0153398397735
20071215,0.0038906776172
20071216,8.02823497861e-05
20071217,0.000140182163032
20071218,0.0315732778759
20071219,0.0732014000417
20071220,0.00222910894691
20071221,1.6707650265e-05
20071222,0.0
20071223,7.22029808129e-05
20071224,1.27567097467e-06
20071225,0.0
20071226,0.0
20071227,0.0
20071228,0.0
20071229,0.0
20071230,0.0164860746145
20071231,0.0715691192141
20080101,0.0265607265907
20080102,0.17125671076
20080103,0.293144214258
20080104,0.145785115233
20080105,0.0385371919334
20080106,0.00661541458727
20080107,0.0887354469641
20080108,0.0542820177093
20080109,0.0654990883353
20080110,0.0467750312519
20080111,0.133078940659
20080112,0.197863768567
20080113,0.227001948673
20080114,0.0123956757228
20080115,0.0318210744863
20080116,0.00438127691863
20080117,0.0485715091062
20080118,0.00425080234038
20080119,0.000191181722858
20080120,2.10075667582
20080121,0.42370930414
20080122,0.00758045927267
20080123,0.00284510010771
20080124,0.0192515769254
20080125,0.0489696252409
20080126,0.00157719082135
20080127,0.0019129754005
20080128,0.00251135003377
20080129,0.121827086698
20080130,0.0021516485928
20080131,0.00973007078889
20080201,0.00559524901874
20080202,9.58187198448e-05
20080203,0.000476803820452
20080204,0.0124397081874
20080205,0.169310871081
20080206,0.190566445768
20080207,0.0538789388865
20080208,0.0765313762333
20080209,0.0397279473149
20080210,0.000757132568549
20080211,0.131817647568
20080212,0.00616935654641
20080213,0.0302150720488
20080214,0.0339381224299
20080215,0.0241925538161
20080216,0.0189611936058
20080217,0.00531476785984
20080218,8.81118696814e-05
20080219,0.0
20080220,0.0894390102902
20080221,0.00372633988375
20080222,3.79177614884e-05
20080223,0.0
20080224,0.0
20080225,0.00798477192578
20080226,0.000426472209915
20080227,0.183393186138
20080228,0.0340011948482
20080229,0.245802584065
20080301,0.0520935671443
20080302,0.128063032287
20080303,0.105657372258
20080304,0.0904811394046
20080305,0.0375441582825
20080306,0.00079362726921
20080307,0.112049455586
20080308,0.113248825171
20080309,0.0487692474542
20080310,0.149890140526
20080311,0.0777466144867
20080312,0.205395105511
20080313,0.067363593547
20080314,0.107612776096
20080315,0.100403282319
20080316,0.00554560425876
20080317,0.0245884755971
20080318,0.552221644344
20080319,0.195403477654
20080320,0.223066540551
20080321,0.158042998252
20080322,0.261932507719
20080323,0.391862946409
20080324,0.801148196217
20080325,0.755635511782
20080326,0.182642033518
20080327,0.0246749610717
20080328,0.0846232262776
20080329,0.170609634541
20080330,0.662976140908
20080331,0.150795124314
20080401,0.192155580998
20080402,0.583317417667
20080403,0.692267151808
20080404,0.101903527233
20080405,1.65326195614
20080406,0.117952103694
20080407,0.125704831464
20080408,1.2504487828
20080409,0.300878575387
20080410,0.0717914540234
20080411,0.0222150085695
20080412,0.0977223361548
20080413,0.200627427296
20080414,0.111976165942
20080415,0.014067926624
20080416,0.0729481223898
20080417,1.0073521718
20080418,0.725714838419
20080419,0.359349323898
20080420,0.30326757341
20080421,0.290311519651
20080422,1.20187110677
20080423,4.18547861106
20080424,1.66487918098
20080425,2.15751554158
20080426,0.859922007338
20080427,2.53932657436
20080428,0.316120974368
20080429,1.33857324293
20080430,2.50775271153
20080501,0.503724105473
20080502,0.219201000172
20080503,0.707130877072
20080504,0.222701162541
20080505,0.3253202115
20080506,1.57309141982
20080507,0.829197424243
20080508,6.95823077501
20080509,0.567401489136
20080510,0.836223965205
20080511,3.54475940767
20080512,2.08051994234
20080513,0.438247903321
20080514,1.21536484649
20080515,0.446610022554
20080516,1.10323367496
20080517,2.70067316437
20080518,4.89850420053
20080519,6.821727851
20080520,1.78421171027
20080521,7.41771062412
20080522,1.31040383864
20080523,0.391725915998
20080524,1.87899301904
20080525,1.80829549902
20080526,0.465192630127
20080527,0.23652203412
20080528,0.409669674897
20080529,0.150149653018
20080530,1.58079351493
20080531,2.7853631648
20080601,1.49127415951
20080602,3.92486785755
20080603,1.18915699427
20080604,1.77061781123
20080605,0.468696204763
20080606,1.30404954988
20080607,0.650171565753
20080608,2.54503927275
20080609,1.97400173342
20080610,0.719339740879
20080611,1.22166824211
20080612,1.44049302367
20080613,4.41664169697
20080614,2.29285731077
20080615,0.658927750293
20080616,0.518744521211
20080617,1.14992986412
20080618,0.764037330626
20080619,1.09832174027
20080620,1.07647309732
20080621,2.38464043992
20080622,4.77266236872
20080623,2.08951160247
20080624,6.3673171692
20080625,2.29810970849
20080626,7.07713863082
20080627,1.39529002951
20080628,2.45872468988
20080629,8.21780410929
20080630,6.22479379502
20080701,2.98745206482
20080702,4.39142437861
20080703,0.475277953614
20080704,1.64842481025
20080705,4.17075913691
20080706,0.603463809347
20080707,2.10203651966
20080708,5.07987029696
20080709,2.67194266287
20080710,1.31171819692
20080711,1.26451598129
20080712,9.17954313288
20080713,0.812100629687
20080714,0.594188674336
20080715,1.74357221356
20080716,4.21801981122
20080717,1.15040136969
20080718,3.39698460649
20080719,2.99695600908
20080720,7.23993311475
20080721,1.80351736183
20080722,4.46057397124
20080723,2.93740045058
20080724,1.60545197231
20080725,1.02665403601
20080726,1.82159114636
20080727,3.21848394719
20080728,2.12514997164
20080729,1.31992739387
20080730,2.59175823975
20080731,3.27344765019
20080801,3.16644465629
20080802,2.90985454257
20080803,1.31799628082
20080804,4.64129090389
20080805,1.02493493936
20080806,1.62737767765
20080807,4.40106976809
20080808,2.37317319872
20080809,8.09115742892
20080810,0.943665497674
20080811,0.131941441387
20080812,5.49456713547
20080813,4.97493529145
20080814,1.98797820781
20080815,3.64452928244
20080816,2.96154442039
20080817,3.50661305997
20080818,3.90985662135
20080819,4.18293219605
20080820,6.25343647226
20080821,6.01840096198
20080822,4.26182242417
20080823,8.28037320799
20080824,1.60976164089
20080825,3.61885760695
20080826,2.55989987022
20080827,5.64679119508
20080828,3.24129377309
20080829,3.41535425293
20080830,1.98148243975
20080831,6.72004238682
20080901,1.2820515892
20080902,1.43043741082
20080903,1.66207593925
20080904,4.17037739247
20080905,4.4509437252
20080906,1.79564424368
20080907,1.89006972286
20080908,2.03919007616
20080909,3.63010360769
20080910,2.0483918691
20080911,2.09487748387
20080912,6.25226733495
20080913,2.00676438644
20080914,2.95785682885
20080915,3.84658426937
20080916,3.46139109703
20080917,1.36186091412
20080918,1.28720900511
20080919,1.55735652147
20080920,2.16319626781
20080921,2.16165822487
20080922,2.4674371082
20080923,1.58056689424
20080924,2.13110510335
20080925,1.43947503044
20080926,1.5783787272
20080927,2.04932015652
20080928,6.44099040505
20080929,3.54602729056
20080930,1.77414237156
20081001,0.153095248584
20081002,2.48102339128
20081003,3.57725386003
20081004,2.02878717637
20081005,1.23583487732
20081006,0.394087628522
20081007,1.60733818705
20081008,1.12967406372
20081009,1.00435419686
20081010,0.461326760885
20081011,3.89179984064
20081012,0.773870278933
20081013,1.89829465619
20081014,0.431995498379
20081015,1.87570937906
20081016,0.240780601857
20081017,0.363006082779
20081018,0.532863077745
20081019,0.110502299043
20081020,0.431559094411
20081021,0.754490922036
20081022,0.851436624025
20081023,0.0697622945538
20081024,0.0249726645509
20081025,0.00252398596609
20081026,0.00770283545043
20081027,0.0115933255418
20081028,1.00855402789
20081029,0.218773604967
20081030,0.050377057756
20081031,0.0586117349811
20081101,0.185772862397
20081102,0.08759045015
20081103,0.0014898636144
20081104,0.00346554158194
20081105,0.0674147886807
20081106,0.0777237592236
20081107,0.062633473372
20081108,0.0115886182193
20081109,0.160624890847
20081110,0.0939526504965
20081111,0.0948083200704
20081112,0.191467136932
20081113,0.00380729100532
20081114,0.00704233464163
20081115,0.0711893677333
20081116,0.282898047519
20081117,0.233821412791
20081118,0.0873684752994
20081119,0.00256695392383
20081120,0.0155198009377
20081121,0.110842020146
20081122,0.180950412508
20081123,0.00713085605005
20081124,0.0347149180711
20081125,0.00602907471847
20081126,0.000330458180917
20081127,0.0129040927033
20081128,0.003769841077
20081129,6.25782103324e-05
20081130,9.88813966811e-11
20081201,0.00408461883991
20081202,0.000480005079872
20081203,0.236919500488
20081204,0.0236807585407
20081205,1.74799008543
20081206,0.79914043372
20081207,0.0528898998774
20081208,0.0122788451151
20081209,0.00616201144425
20081210,0.00155342743463
20081211,0.043229781205
20081212,0.0271301761652
20081213,0.201520785407
20081214,0.00747149734844
20081215,0.00461922571837
20081216,0.00498248877
20081217,0.13887049977
20081218,0.179618094374
20081219,0.0215237729343
20081220,0.00336638808712
20081221,0.00705235099691
20081222,0.000123650454443
20081223,0.00054692702508
20081224,9.66302239034e-06
20081225,0.0
20081226,0.0253243073987
20081227,0.000540240260071
20081228,0.00105121046228
20081229,0.000432358267938
20081230,7.31121269522e-06
20081231,0.0
20090101,0.0
20090102,0.00471045310815
20090103,0.0518622947842
20090104,0.0325999511754
20090105,0.00477015772583
20090106,0.000925576029078
20090107,0.0645471170162
20090108,0.158256016629
20090109,0.10063438006
20090110,1.64274329311
20090111,0.201383239527
20090112,0.0872306410625
20090113,0.0650730876368
20090114,0.00262474897334
20090115,0.00323560165273
20090116,0.172687894137
20090117,0.167193508851
20090118,0.146147147967
20090119,0.107788252294
20090120,0.00384322775452
20090121,0.183994431748
20090122,0.259561413216
20090123,0.0661226566478
20090124,0.0788286983783
20090125,0.0366226023484
20090126,0.0142541601748
20090127,0.00145464392672
20090129,0.0
20090202,0.00123198671222
20090203,0.0
20090204,0.0
20090205,0.0
20090207,0.00929413747244
20090208,0.00356527347646
20090210,0.0087500348316
20090212,0.0
20090214,0.0
20090216,0.0468286037974
20090218,0.0
20090219,1.25781802614
20090220,0.472581279523
20090222,0.0337218480028
20090223,0.0
20090225,0.0
20090226,0.0
20090227,0.0
20090228,0.0
20090301,0.0
20090303,0.0759219587104
20090304,0.0
20090305,0.0
20090307,0.0213120407815
20090309,0.0
20090310,0.201998751766
20090312,0.0453344892026
20090313,0.132011206927
20090314,0.560568114801
20090315,0.253768363227
20090316,0.0489988617827
20090317,0.0490553332897
20090318,0.327485698548
20090319,0.347328881919
20090320,1.29737222696
20090321,0.61277181084
20090322,0.0196408608777
20090323,0.0911528629902
20090324,0.110565294119
20090325,0.258815305382
20090326,0.334444060712
20090327,0.259632955505
20090328,0.173475149677
20090329,1.23102309647
20090330,0.260201550766
20090331,0.0923253558825
20090401,0.169862040406
20090402,0.218814441802
20090403,0.361839951286
20090404,0.472719760293
20090405,1.84445735775
20090406,0.669627578557
20090407,0.400182940192
20090408,1.2948291174
20090409,1.67546916051
20090410,0.494952755858
20090411,0.074769565279
20090412,0.675037575506
20090413,4.6429818185
20090414,1.55909461458
20090415,0.511922990574
20090416,1.35961546929
20090417,0.564328782822
20090418,0.131440452249
20090419,0.909598499756
20090420,0.672822369302
20090421,0.853944683411
20090422,1.66355202039
20090423,0.177560490719
20090424,3.110860643
20090425,0.629178488642
20090426,0.557418836148
20090427,0.33357874005
20090428,0.483113985874
20090429,0.239677611528
20090430,1.24953267967
20090501,0.892091701095
20090502,0.348072707972
20090503,0.987356630553
20090504,0.89663340851
20090505,3.83970799723
20090506,1.17244090014
20090507,0.967164710731
20090508,1.97555816953
20090509,1.48108870271
20090510,1.43006476072
20090511,1.06091427979
20090512,1.64797519983
20090513,1.02151976492
20090514,1.30724955353
20090515,2.41747147389
20090516,0.653958176796
20090517,1.51276888188
20090518,2.55542499793
20090519,1.99440364667
20090520,0.428109424159
20090521,1.63042631408
20090522,0.450324284185
20090523,1.05325552945
20090524,2.07408222361
20090525,2.65174142483
20090526,0.556559779818
20090527,0.367586197615
20090528,1.61057644129
20090529,1.74361030018
20090530,1.97870161542
20090531,0.349360114861
20090601,4.66564539965
20090602,1.2284254249
20090603,1.2229524258
20090604,2.97198449666
20090605,3.75014926094
20090606,1.69026197971
20090607,3.823687395
20090608,1.35295670846
20090609,2.03942528681
20090610,0.758756712723
20090611,6.38902074241
20090612,2.95060173084
20090613,3.89306482191
20090614,1.90120701605
20090615,2.82352754224
20090616,3.13658411421
20090617,2.49937596496
20090618,0.641361813131
20090619,2.88840620524
20090620,1.98117387312
20090621,8.00328827806
20090622,3.40144898391
20090623,0.8478659893
20090624,0.238314019234
20090625,2.55169991362
20090626,2.01739735619
20090627,4.80891889321
20090628,1.54354845802
20090629,1.87617827559
20090630,5.89662104995
20090701,5.13507168833
20090702,2.58089035551
20090703,0.392501668079
20090704,0.993472728763
20090705,1.12785082932
20090706,1.64712104304
20090707,3.28169400604
20090708,4.75902967232
20090709,1.87455140576
20090710,5.49876403353
20090711,2.36445005962
20090712,1.31462232001
20090713,1.3158177758
20090714,3.30121574699
20090715,2.12400326578
20090716,0.242314161771
20090717,5.66726524706
20090718,1.63875992067
20090719,2.85287961126
20090720,0.569149072087
20090721,3.6079802113
20090722,2.31668068936
20090723,1.6948006422
20090724,2.68930494244
20090725,3.90716609197
20090726,3.54704151217
20090727,2.48869214269
20090728,7.09592553767
20090729,3.44096006957
20090730,2.11342424259
20090731,4.99031200069
20090801,2.69763259419
20090802,3.42122832183
20090803,2.52362935289
20090804,5.08435274444
20090805,2.34013887228
20090806,4.08528536837
20090807,2.22927924592
20090808,1.20172129479
20090809,1.55517331804
20090810,6.04919253435
20090811,1.32829214339
20090812,2.97986577281
20090813,8.27697302908
20090814,2.35939357818
20090815,2.03382441497
20090816,3.34452391424
20090817,5.87740610816
20090818,3.87774649033
20090819,5.79993182242
20090820,4.64632176188
20090821,3.18487864065
20090822,2.50498631801
20090823,7.80171198554
20090824,2.74873818457
20090825,2.64189529409
20090826,2.075671254
20090827,1.9123374931
20090828,3.21119000476
20090829,4.918408836
20090830,5.59233442388
20090831,4.74589903207
20090901,5.81874384468
20090902,6.34371858543
20090903,2.69228429002
20090904,4.04252848944
20090905,4.50468381821
20090906,4.24637264018
20090907,2.70838484027
20090908,3.00459483532
20090909,1.45485392274
20090910,1.88490277432
20090911,2.15452278319
20090912,1.51863260881
20090913,2.19366368478
20090914,2.54723822785
20090915,2.82172095637
20090916,3.13001348012
20090917,0.621524591991
20090918,1.28185589076
20090919,1.39398778208
20090920,4.75381768581
20090921,2.12257050705
20090922,0.698648171916
20090923,0.434272530262
20090924,0.258297124153
20090925,2.7507116433
20090926,2.64925222335
20090927,0.933889433972
20090928,2.28984433102
20090929,1.11675309938
20090930,0.714850682981
20091001,0.688925533057
20091002,0.929342801128
20091003,1.18589688373
20091004,0.871940628083
20091005,1.06653188722
20091006,0.860805786392
20091007,0.714943478509
20091008,1.44611981748
20091009,1.73872650857
20091010,0.0625681305134
20091011,0.304724839368
20091012,3.59256387271
20091013,1.65653099365
20091014,1.29433635449
20091015,3.42295870755
20091016,0.496068093581
20091017,0.269046386631
20091018,0.393720227792
20091019,1.00505330393
20091020,0.954762820248
20091021,4.26459832829
20091022,3.14640305721
20091023,0.846283534859
20091024,1.34386762401
20091025,2.11133137458
20091026,1.07712893556
20091027,0.510502658454
20091028,2.26149961049
20091029,0.725299877118
20091030,2.47811947345
20091031,1.70651952079
20091101,2.2416905451
20091102,0.781290889152
20091103,0.0973288440577
20091104,0.368689256311
20091105,0.16394339035
20091106,0.371265999087
20091107,0.052231568436
20091108,0.346199708962
20091109,0.22742015274
20091110,0.874902248555
20091111,0.100667810091
20091112,0.24646069721
20091113,0.194560405291
20091114,0.182452026129
20091115,0.257459322635
20091116,0.0377744656543
20091117,0.00631341352714
20091118,0.0176436425529
20091119,0.0107031329657
20091120,0.0105521294508
20091121,0.00752776624355
20091122,0.000286594792812
20091123,2.77088197902e-06
20091124,0.0261101103832
20091125,0.185056036676
20091126,0.124833450985
20091127,0.116742150824
20091128,0.242413220377
20091129,0.0635797765811
20091130,0.0125951735765
20091201,0.00520806821213
20091202,0.00280873080174
20091203,0.00535408643011
20091204,0.00549682340549
20091205,0.0289946843649
20091206,0.0430434800533
20091207,0.000751464531841
20091208,0.000653117817789
20091209,0.00830928529945
20091210,0.0447894345531
20091211,0.17311729794
20091212,0.0234914146654
20091213,0.0780861636138
20091214,0.344209189172
20091215,0.17630040647
20091216,0.0899899575195
20091217,0.0382138478764
20091218,0.0311971569931
20091219,0.00670522141559
20091220,0.0450436970112
20091221,0.0638410673392
20091222,0.00255627395382
20091223,2.5483507835e-05
20091224,0.0
20091225,0.0
20091226,0.00647051729867
20091227,0.00011432009588
20091228,0.0
20091229,0.0
20091230,0.0
20091231,0.0
20100101,0.0
20100102,0.000376103756049
20100103,0.000190057442375
20100104,3.24050349009e-06
20100105,0.0
20100106,0.0
20100107,0.000906091693687
20100108,0.0746432579918
20100109,0.00402446637202
20100110,0.0014689125945
20100111,0.0152242156708
20100112,0.00898646032778
20100113,0.089465887108
20100114,0.086402613729
20100115,0.0100178442085
20100116,0.00157324137664
20100117,0.00638280705245
20100118,0.00128947813777
20100119,2.07977351279e-05
20100120,0.0
20100121,0.00362322429205
20100122,0.0013462591619
20100123,0.139713674089
20100124,0.00595627194063
20100125,0.0181035377067
20100126,0.211923792356
20100127,0.157176393528
20100128,0.0855052484237
20100129,0.311147869291
20100130,0.468870023946
20100131,0.119627744897
20100201,0.00627302240396
20100202,0.0067105793962
20100203,0.0313900679029
20100204,0.00438859003952
20100205,0.0257348406786
20100206,0.0227142654106
20100207,0.000393300042837
20100208,0.00404755556895
20100209,0.000801592098591
20100210,0.013522413595
20100211,0.154088792253
20100212,0.0390796270247
20100213,0.399474182229
20100214,0.198857094817
20100215,0.0900031111825
20100216,0.00543666030878
20100217,0.114542899931
20100218,0.00239747933642
20100219,0.0632365690665
20100220,0.076422874503
20100221,0.0265122752315
20100222,0.223997889485
20100223,0.0119804590343
20100224,0.0704871905313
20100225,0.0804069322996
20100226,0.183015156436
20100227,0.0664097790369
20100228,0.115953402233
20100301,0.174092327707
20100302,0.0193175017426
20100303,0.148008055323
20100304,0.0729217729755
20100305,0.25485457978
20100306,0.386698155364
20100307,0.101814258344
20100308,0.326469842413
20100309,0.613077687864
20100310,0.552385323104
20100311,0.897505617183
20100312,0.943844658164
20100313,0.221572767266
20100314,0.51400774993
20100315,0.189156181823
20100316,1.0719369286
20100317,2.77066801537
20100318,0.283966114822
20100319,0.374537118069
20100320,0.0125596655386
20100321,0.456235120819
20100322,0.0616236358678
20100323,0.000946374971265
20100324,0.0
20100325,0.000618827247859
20100326,0.142099130866
20100327,0.0650548746158
20100328,0.0306354644674
20100329,0.0907986060307
20100330,0.021379694434
20100331,0.105086440538
20100401,0.0519372754394
20100402,0.114048196185
20100403,0.459786911984
20100404,0.0950971383483
20100405,0.556028071744
20100406,1.14270861127
20100407,0.477905035722
20100408,0.481348339155
20100409,0.744852007927
20100410,1.31919483769
20100411,0.542973858372
20100412,0.101423186696
20100413,0.122496017742
20100414,0.398625534927
20100415,4.45622174674
20100416,0.699098484207
20100417,2.02647683861
20100418,0.414348032835
20100419,0.468625992326
20100420,0.769693054703
20100421,1.3563968657
20100422,0.819685367412
20100423,1.34997477806
20100424,5.69305034855
20100425,1.26058246713
20100426,1.87912724858
20100427,1.36941887378
20100428,1.87773209327
20100429,0.413828741935
20100430,2.01135482262
20100501,1.25268396597
20100502,2.10652489624
20100503,1.90598963147
20100504,1.49361465455
20100505,0.994019516504
20100506,1.25607863329
20100507,3.69263745533
20100508,4.15327526728
20100509,1.6399824333
20100510,1.30168418442
20100511,0.957254346616
20100512,1.90553367198
20100513,0.824429979335
20100514,0.3832989701
20100515,1.25376583079
20100516,1.14185038305
20100517,0.655915312844
20100518,1.95335125636
20100519,1.31910922965
20100520,1.16883740954
20100521,2.45711478835
20100522,0.800926406717
20100523,0.356236477761
20100524,3.22988041775
20100525,2.09390730236
20100526,1.16949080551
20100527,0.949196263889
20100528,2.04329621403
20100529,2.46480861464
20100530,3.93752951699
20100531,0.649847436403
20100601,3.07327763678
20100602,2.33022826953
20100603,1.48372128503
20100604,4.50829756628
20100605,0.947878632369
20100606,4.79951416967
20100607,0.606850439598
20100608,1.50666837821
20100609,3.75078316052
20100610,7.00288821899
20100611,7.10263840264
20100612,0.196124326062
20100613,1.00052537184
20100614,2.08314063153
20100615,2.29524967605
20100616,1.15499431893
20100617,3.53505957507
20100618,2.19954415232
20100619,0.569994963593
20100620,1.3417131852
20100621,3.77003615836
20100622,3.66501187987
20100623,3.61889391254
20100624,0.333810347508
20100625,1.42958638996
20100626,10.7136916656
20100627,3.68344496256
20100628,3.49033035796
20100629,0.305439459032
20100630,2.52360890585
20100701,3.88679936779
20100702,1.82304443244
20100703,5.52918587914
20100704,5.57283257707
20100705,1.83700718885
20100706,4.32391009652
20100707,4.52243162863
20100708,3.91580565221
20100709,2.47197547417
20100710,5.0318456377
20100711,6.19263287682
20100712,3.46605801437
20100713,1.33697497721
20100714,0.275115040395
20100715,1.55178288735
20100716,5.70795508227
20100717,1.52163097997
20100718,0.523163127185
20100719,0.448354429147
20100720,3.84122315424
20100721,6.74910278888
20100722,4.02362741427
20100723,6.35196683108
20100724,5.90028539923
20100725,1.39803856067
20100726,2.04875866892
20100727,2.99407201892
20100728,6.86659747304
20100729,2.50502990233
20100730,2.29077475728
20100731,1.27240649982
20100801,3.11327806986
20100802,2.52811963946
20100803,1.26214870357
20100804,0.626999659566
20100805,3.56734007738
20100806,1.51543057227
20100807,6.48003007032
20100808,4.93488558479
20100809,6.3876282493
20100810,3.66155143292
20100811,3.20338284797
20100812,6.94250973894
20100813,4.57279793704
20100814,3.19064608295
20100815,3.13871874004
20100816,3.26598088428
20100817,2.47734789919
20100818,10.3156647705
20100819,1.20663092124
20100820,0.866922145383
20100821,2.21141749778
20100822,2.55657422042
20100823,1.17118844828
20100824,1.63433418014
20100825,3.64175747538
20100826,3.71754963032
20100827,3.67462682003
20100828,1.73653246142
20100829,5.45857479432
20100830,2.30383953934
20100831,5.25680276352
20100901,7.53969054886
20100902,0.681712743996
20100903,3.04878823961
20100904,8.42331498554
20100905,2.13972884383
20100906,2.58741466137
20100907,4.35599536023
20100908,3.66694227645
20100909,4.32320009952
20100910,2.59451476662
20100911,3.21687280368
20100912,1.83527726674
20100913,2.82408999867
20100914,3.63953587225
20100915,1.03277495053
20100916,1.95224438252
20100917,5.86286229034
20100918,2.03308590431
20100919,2.70452331872
20100920,6.48450384582
20100921,2.34402243365
20100922,2.16748840172
20100923,1.11995647171
20100924,2.30871043163
20100925,1.13202192481
20100926,0.333699991545
20100927,2.73025970734
20100928,2.25495843341
20100929,0.778206594031
20100930,0.290432485362
20101001,1.91721594462
20101002,2.11105074327
20101003,3.23811655127
20101004,1.08377451268
20101005,3.59685091333
20101006,2.1561015738
20101007,3.70891086482
20101008,1.94708725018
20101009,1.20894701388
20101010,0.722173123478
20101011,1.26946889895
20101012,4.06205442137
20101013,1.98926953579
20101014,1.65997761104
20101015,1.26709701819
20101016,1.07281132604
20101017,0.461556196026
20101018,0.308454814417
20101019,2.11910399168
20101020,0.669943726312
20101021,2.07873382169
20101022,0.981489607893
20101023,0.137706995
20101024,1.70891878158
20101025,2.07607576622
20101026,0.959762869624
20101027,1.4261159277
20101028,0.798122877894
20101029,0.616586338062
20101030,0.551835474764
20101031,0.141483875791
20101101,0.857127916054
20101102,0.380428488427
20101103,0.390344512265
20101104,0.0793358381252
20101105,0.160282183637
20101106,0.487109831101
20101107,0.16489236712
20101108,0.464082444467
20101109,0.219310292407
20101110,0.0490327334466
20101111,0.197074604206
20101112,0.0352178663718
20101113,0.0344539419082
20101114,0.056535339848
20101115,0.0127479839597
20101116,0.132215977211
20101117,0.0759822404699
20101118,0.14535256773
20101119,0.212313570091
20101120,0.0337959197676
20101121,0.145612755339
20101122,0.134735210866
20101123,0.117007282641
20101124,0.0162269201285
20101125,0.00476417057659
20101126,0.00144185296014
20101127,0.00408067300746
20101128,0.0251494705094
20101129,0.000443070619483
20101130,2.0505597412e-05
20101201,3.62289631071e-07
20101202,0.0
20101203,0.0
20101204,0.00784252234826
20101205,0.0110639061343
20101206,0.0446381047917
20101207,0.0247281653449
20101208,0.0130333167939
20101209,0.000269238760432
20101210,0.00258897451653
20101211,0.024566600275
20101212,0.000916425227538
20101213,0.00666150043132
20101214,0.0074392677156
20101215,0.00342038887666
20101216,0.0229400209333
20101217,0.00241605035103
20101218,0.0331706117966
20101219,0.0018185807062
20101220,0.000107720822721
20101221,0.00624265488201
20101222,0.000110267424183
20101223,0.0599351159213
20101224,0.0553705187745
20101225,0.00962750537319
20101226,0.0239513070927
20101227,0.215533064441
20101228,0.125874460233
20101229,0.0127586828562
20101230,0.00691801035564
20101231,0.038340878351
20110101,0.164176115655
20110102,0.30986969267
20110103,0.152823339896
20110104,0.092570477109
20110105,0.0593480009996
20110106,0.00877087166495
20110107,0.00460322927205
20110108,0.00875032318251
20110109,0.00100999917591
20110110,0.0762157465564
20110111,0.00287440428472
20110112,2.69982978226e-05
20110113,0.0184685642888
20110114,0.216465461891
20110115,0.0606021828718
20110116,0.0219603061423
20110117,0.0621713810998
20110118,0.196969587316
20110119,0.019840684685
20110120,0.000738183420613
20110121,0.0295266377461
20110122,0.0339145338255
20110123,0.00315167670314
20110124,0.00136123180591
20110125,0.0170154757804
20110126,0.0505480415261
20110127,0.0123269866478
20110128,0.0272326304584
20110129,0.00117311631115
20110130,0.00852897798954
20110131,0.12402952467
20110201,0.0318878812398
20110202,0.0419307051218
20110203,0.212505070899
20110204,0.493714749581
20110205,0.915698235254
20110206,0.182689934207
20110207,0.0680621882369
20110208,0.0850738514802
20110209,0.0166806384218
20110210,0.00927045389434
20110211,0.0562391082703
20110212,0.0097029935409
20110213,0.005980732211
20110214,0.36377936234
20110215,0.192004135097
20110216,0.441323314318
20110217,0.0273694905491
20110218,0.117264418448
20110219,0.235336547661
20110220,0.110442641138
20110221,0.0423085825424
20110222,0.0728770125337
20110223,0.642251893699
20110224,0.111844438389
20110225,0.678969289036
20110226,0.294209806934
20110227,0.741484544602
20110228,0.405650645317
20110301,0.0873003345194
20110302,0.0732420555728
20110303,0.116609313069
20110304,0.157019669552
20110305,0.0541999042073
20110306,0.667170782234
20110307,0.524576403243
20110308,0.132034201176
20110309,0.0871867152636
20110310,0.0964370446181
20110311,0.084350845811
20110312,0.0444213643715
20110313,0.243791540615
20110314,0.152051862827
20110315,0.131462935973
20110316,0.0660503150055
20110317,0.0276525917734
20110318,0.0465737079281
20110319,0.432854924829
20110320,0.257086171905
20110321,0.0854318384399
20110322,0.25600481977
20110323,0.347098284515
20110324,0.519078251526
20110325,0.609465488732
20110326,0.310208352554
20110327,0.0914215429437
20110328,0.729661916682
20110329,0.114041083148
20110330,0.328408731066
20110331,0.172732387643
20110401,0.38584839213
20110402,0.352069307436
20110403,0.651921424637
20110404,0.431016192231
20110405,0.415701404758
20110406,0.293797806948
20110407,0.640060716066
20110408,0.223256451139
20110409,0.170491853871
20110410,0.469857168486
20110411,0.201672257128
20110412,0.18439099149
20110413,0.703304411794
20110414,0.438263127752
20110415,0.382331415217
20110416,0.502295611197
20110417,1.0247187931
20110418,1.93110273577
20110419,1.24222601218
20110420,0.807440621154
20110421,1.34159595113
20110422,0.277809916244
20110423,1.39525187397
20110424,1.31185030448
20110425,2.52806785097
20110426,1.09181723624
20110427,0.594958451025
20110428,0.317863886823
20110429,0.495439400695
20110430,3.4457939639
20110501,1.67924051365
20110502,0.989568900952
20110503,0.821829636944
20110504,3.41595635652
20110505,0.236309606504
20110506,0.236340585802
20110507,0.770002805118
20110508,3.15460008538
20110509,5.1180858583
20110510,1.31902829391
20110511,0.402600619304
20110512,1.82642264961
20110513,2.72068104818
20110514,1.68521533011
20110515,3.16768659459
20110516,0.462862397425
20110517,0.209913296342
20110518,2.21020931919
20110519,0.487240210953
20110520,1.29443965601
20110521,0.838074039193
20110522,2.56172638798
20110523,1.91539271512
20110524,1.61427861733
20110525,1.81416991907
20110526,1.51829217049
20110527,1.36923596474
20110528,0.71809301008
20110529,2.01785731361
20110530,2.10995971464
20110531,1.67943533086
20110601,1.48387942055
20110602,1.19042147356
20110603,3.36710595271
20110604,1.31058915097
20110605,2.60781694717
20110606,1.39953431813
20110607,1.13007985152
20110608,1.61997513839
20110609,2.29018621594
20110610,1.37725012644
20110611,0.767089785074
20110612,2.70952909748
20110613,1.85386469138
20110614,2.08956318491
20110615,0.872036501171
20110616,3.16203368953
20110617,2.9308662631
20110618,2.64703641732
20110619,2.74949760083
20110620,2.73167832413
20110621,2.90958511815
20110622,0.560710582067
20110623,6.09895692784
20110624,4.04234746267
20110625,0.896428290693
20110626,3.63216147649
20110627,1.46336156951
20110628,3.16007979428
20110629,5.74546082384
20110630,2.29490749134
20110701,1.95729369544
20110702,2.40945358158
20110703,2.43527171023
20110704,2.63332067698
20110705,4.70859504312
20110706,5.05972288263
20110707,0.961389947649
20110708,2.57294322259
20110709,1.13395932622
20110710,8.70456974265
20110711,2.80011148182
20110712,1.76255212627
20110713,0.638138632311
20110714,4.62792703568
20110715,3.08105821663
20110716,2.78135681843
20110717,1.64842771469
20110718,2.23174404078
20110719,4.20840267479
20110720,1.46705389753
20110721,3.21305512528
20110722,0.890491418738
20110723,1.10629296816
20110724,1.68408654111
20110725,1.67371861613
20110726,5.11037308041
20110727,3.33413294502
20110728,1.56177453829
20110729,2.96099376169
20110730,1.80976837098
20110731,5.10259120887
20110801,1.35574688784
20110802,2.30719235458
20110803,5.70785593084
20110804,0.96580429969
20110805,4.86919915354
20110806,2.79393561379
20110807,3.44752210286
20110808,2.89114555837
20110809,4.85283779181
20110810,1.07284111618
20110811,0.863071400085
20110812,3.71855908568
20110813,7.72142841243
20110814,3.75486830602
20110815,2.89107849283
20110816,5.27695619632
20110817,2.95779218574
20110818,1.35273772596
20110819,6.51327478408
20110820,3.13660118846
20110821,1.45403748354
20110822,3.31230623867
20110823,3.26139153535
20110824,3.9111956075
20110825,1.02684767186
20110826,2.68487679515
20110827,3.94556178061
20110828,1.61812095917
20110829,2.72579595514
20110830,2.55639938984
20110831,3.18413915865
20110901,1.42365600108
20110902,0.518771402725
20110903,2.37792310778
20110904,7.634726299
20110905,2.89734430475
20110906,4.00881404826
20110907,1.96287745796
20110908,3.10446202195
20110909,2.48306028397
20110910,1.57416977636
20110911,1.95191532231
20110912,4.76230452869
20110913,1.94478530092
20110914,3.80048873171
20110915,3.66590002974
20110916,6.25387531343
20110917,1.65250712686
20110918,4.3974281749
20110919,3.28413289452
20110920,2.88547125835
20110921,2.28002861746
20110922,2.0228423175
20110923,2.3066811451
20110924,1.71000193224
20110925,0.889436728095
20110926,1.44669796098
20110927,1.82749999252
20110928,2.74532630423
20110929,1.98654447051
20110930,0.851059619785
20111001,1.31680806761
20111002,0.817952114698
20111003,0.525131013169
20111004,2.16438394953
20111005,0.805745342548
20111006,2.35875556625
20111007,2.18795056744
20111008,1.16168231475
20111009,0.353900139402
20111010,2.38188466093
20111011,2.1023365479
20111012,1.46891631227
20111013,3.02264175068
20111014,1.58240031623
20111015,0.875698476636
20111016,1.58957375532
20111017,0.255088513562
20111018,0.459189123097
20111019,0.111982908769
20111020,0.556778530272
20111021,0.498306578589
20111022,0.292723400987
20111023,1.34068081864
20111024,0.382744814201
20111025,2.04646818013
20111026,0.455195969227
20111027,0.107190167458
20111028,0.0278028804324
20111029,0.0282879760569
20111030,0.0445113882802
20111031,0.0486413035728
20111101,0.35531263549
20111102,0.112118272813
20111103,0.0979754366206
20111104,0.0403982966478
20111105,0.0352161136416
20111106,0.0256464391339
20111107,0.00258433789625
20111108,0.0261047310505
20111109,0.0314283940591
20111110,0.0562699963401
20111111,0.122792122808
20111112,0.0329545327687
20111113,0.028587465079
20111114,0.0481443451869
20111115,0.0322022098875
20111116,0.00225604042602
20111117,0.00383660458878
20111118,0.00691265783317
20111119,0.0063049519617
20111120,0.0153286781025
20111121,0.0493489158258
20111122,0.20483226762
20111123,0.0161961530531
20111124,0.00569621166457
20111125,0.065996907873
20111126,0.00135589126206
20111127,0.017084149193
20111128,0.0566741755512
20111129,0.106713701498
20111130,0.00596727332247
20111201,0.000594857159625
20111202,0.00154821994139
20111203,0.00231716940373
20111204,4.0458989049e-05
20111205,0.00459443812016
20111206,0.000249188997485
20111207,2.96846573004e-06
20111208,0.00220425085554
20111209,0.000831474725137
20111210,1.40023023739e-05
20111211,0.0
20111212,4.63594569479e-05
20111213,0.0608617652921
20111214,0.0565136037642
20111215,0.122570878398
20111216,0.123774923065
20111217,0.0632104799894
20111218,0.146200618808
20111219,0.00448665922324
20111220,0.0559677900107
20111221,0.00486250759512
20111222,0.0697775668467
20111223,0.00503873018856
20111224,6.72636027012e-05
20111225,0.0
20111226,0.070822303603
20111227,0.00286348280035
20111228,0.0443208842127
20111229,0.0597930776094
20111230,0.0587640206159
20111231,0.0876579008649
20120101,0.0195391328739
20120102,0.16491554177
20120103,0.0330314791894
20120104,0.00117848903547
20120105,0.00490411338041
20120106,8.64433774736e-05
20120107,0.0580952062193
20120108,0.020797233878
20120109,0.0055940916267
20120110,9.26640252137e-05
20120111,0.0
20120112,0.000956944207368
20120113,0.0704108908842
20120114,0.0012437098795
20120115,0.0
20120116,0.0
20120117,0.000859261448512
20120118,0.0140461170132
20120119,0.000247896391512
20120120,0.0
20120121,0.051350807807
20120122,0.0462653171462
20120123,0.0281699807921
20120124,0.0729012127767
20120125,0.00841421162677
20120126,0.00669328779431
20120127,0.00376968743239
20120128,0.0034300746868
20120129,0.00967332355362
20120130,0.0294443005106
20120131,0.0314958416959
20120201,0.00457506476893
20120202,0.027799174703
20120203,0.0423131123969
20120204,0.192021839416
20120205,0.0500745252025
20120206,0.3616441879
20120207,0.480561282087
20120208,0.0489249367451
20120209,0.0754976192404
20120210,0.12017557
20120211,0.0413626312333
20120212,0.0238636439808
20120213,0.0335205650531
20120214,0.0171461067554
20120215,0.050537637709
20120216,0.0459473505036
20120217,0.0970187697916
20120218,0.124650452259
20120219,0.014926097748
20120220,0.176674731194
20120221,1.90726054278
20120222,1.09288698639
20120223,0.0822965096274
20120224,0.0624916523649
20120225,0.030985734613
20120226,0.000664787462176
20120227,0.000687262233051
20120228,0.0263185531139
20120229,0.0676116803899
20120301,0.0759995519986
20120302,0.13639236008
20120303,0.0407185298295
20120304,0.028357998879
20120305,0.0287781823492
20120306,0.00720964913675
20120307,0.0215843635278
20120308,0.168307921715
20120309,0.0322094756818
20120310,0.346881429486
20120311,0.0605236094888
20120312,0.0236944394245
20120313,0.000401647282464
20120314,0.00718917786152
20120315,0.000127017275837
20120316,0.0
20120317,0.000398670019759
20120318,0.0138836410205
20120319,0.00268426235505
