20010102,0.0
20010103,0.0351914011281
20010104,0.000621756164556
20010105,0.0
20010106,0.0
20010107,0.0
20010108,0.00195854693335
20010109,0.408653193934
20010110,0.00721940870236
20010111,0.0
20010112,0.0
20010113,0.0
20010114,0.0
20010115,0.0
20010116,2.75118552541e-06
20010117,4.8607506752e-08
20010118,0.0
20010119,0.0
20010120,0.0
20010121,0.0
20010122,0.0
20010123,0.0945754107998
20010124,0.026418253688
20010125,0.000437231609551
20010126,0.0
20010127,0.0
20010128,0.0
20010129,0.0264510366628
20010130,0.000467332791898
20010131,0.0
20010201,0.00131101567629
20010202,2.31628129935e-05
20010203,0.0
20010204,0.0
20010205,0.475825221145
20010206,0.10674375646
20010207,0.00257192904579
20010208,1.47442943338e-05
20010209,0.000414246634636
20010210,0.0261801772019
20010211,0.000462417970116
20010212,0.133370457141
20010213,0.0269607373016
20010214,0.000434706155887
20010215,0.00297013350679
20010216,0.001734343967
20010217,2.97149817541e-05
20010218,0.0
20010219,0.00174074211571
20010220,0.0471705390401
20010221,0.0012637490216
20010222,0.0389016835216
20010223,0.00102961465268
20010224,0.032492186909
20010225,0.10498659382
20010226,0.00184474623021
20010227,0.202701503706
20010228,0.0394063411315
20010301,0.00785859576681
20010302,0.041784027776
20010303,3.18397409644
20010304,0.056240954747
20010305,0.00145523305664
20010306,0.93781682298
20010307,2.50920462766
20010308,0.0452150229993
20010309,0.014466351519
20010310,0.000255222323272
20010311,0.46613863665
20010312,0.0293009158783
20010313,0.141283123635
20010314,3.08051845318
20010315,0.205672657399
20010316,3.72875587903
20010317,3.74403624469
20010318,0.371109838215
20010319,0.125895904098
20010320,4.74034208621
20010321,0.127985754617
20010322,1.20143261741
20010323,0.208895702063
20010324,5.49799331617
20010325,0.991495015475
20010326,2.17298452475
20010327,1.73530834509
20010328,0.0428248692381
20010329,0.35256264061
20010330,7.3480319949
20010331,1.5936710525
20010401,0.554858141652
20010402,0.625129362641
20010403,1.29866708514
20010404,1.24268826105
20010405,0.0304203155067
20010406,6.5789248928
20010407,0.255293328342
20010408,1.78999799156
20010409,0.0318515470768
20010410,0.272200335479
20010411,0.447523461845
20010412,1.217813338
20010413,0.677392107581
20010414,3.23694596112
20010415,0.0571372443865
20010416,28.7941075597
20010417,6.78518663676
20010418,0.304035628018
20010419,8.79416420243
20010420,0.611717868784
20010421,0.0661762371232
20010422,15.6079953432
20010423,0.275741481422
20010424,0.0270423722457
20010425,5.91196706914
20010426,1.00948675202
20010427,0.646451579485
20010428,0.0777705080216
20010429,0.00117723686884
20010430,4.1731420984
20010501,0.355522035906
20010502,0.00500325640461
20010503,9.01999396033
20010504,0.260231631964
20010505,0.438934319483
20010506,0.44120929811
20010507,4.28226132817
20010508,0.0755301548086
20010509,0.00718666357514
20010510,0.619533669191
20010511,0.0109452630598
20010512,0.802321750566
20010513,3.77512268046
20010514,4.18283097886
20010515,0.0744687805913
20010516,3.93802671957
20010517,0.129519066497
20010518,0.00222342917587
20010519,0.762107607881
20010520,0.673874642402
20010521,1.04903625682
20010522,0.0187812683661
20010523,0.126369369945
20010524,0.395924108139
20010525,5.18147053384
20010526,0.162802994712
20010527,0.001284096978
20010528,7.41620161623
20010529,0.665382387216
20010530,6.74664191217
20010531,0.707631550107
20010601,1.22485213168
20010602,0.319435467731
20010603,0.104663269315
20010604,0.905149483821
20010605,0.422913637454
20010606,0.84037969261
20010607,0.072807723806
20010608,0.00128196956725
20010609,0.664989076696
20010610,6.95601553272
20010611,0.806836111162
20010612,0.0414343161144
20010613,0.0950834750105
20010614,0.949920654876
20010615,1.21494817722
20010616,0.188102370919
20010617,0.0122782082528
20010618,0.361441036532
20010619,0.350979848834
20010620,0.236553703532
20010621,0.080081521524
20010622,0.147886774899
20010623,1.54806133364
20010624,2.9451701397
20010625,1.24526997804
20010626,0.37120094583
20010627,0.0241578127884
20010628,2.77744091635
20010629,1.48101061446
20010630,2.02829957262
20010701,1.68749626842
20010702,0.130898976226
20010703,0.0373847081417
20010704,2.17321916975
20010705,0.480696668803
20010706,7.67356745476
20010707,1.07330128591
20010708,0.03217096844
20010709,0.0106773810755
20010710,0.276957188331
20010711,6.59138290869
20010712,1.4994592757
20010713,0.034803568762
20010714,0.474641724277
20010715,0.564043415301
20010716,1.42720705381
20010717,0.116005901434
20010718,0.017453888222
20010719,0.000279977995822
20010720,0.220164814179
20010721,6.4101768487
20010722,0.8441728398
20010723,3.15319358932
20010724,0.794718748365
20010725,0.0131134900082
20010726,1.52304517623
20010727,0.301185486046
20010728,0.00485467129032
20010729,0.182747870115
20010730,6.49682561074
20010731,0.283218469427
20010801,0.00297992086721
20010802,2.11455965861
20010803,0.0498390924222
20010804,0.000220483836405
20010805,0.00178839483171
20010806,0.00908796176633
20010807,1.85697408575
20010808,3.88365331563
20010809,0.555240868416
20010810,0.637552513736
20010811,0.0111543608829
20010812,0.00209577015816
20010813,0.651345634504
20010814,4.20268526583
20010815,0.0758223835414
20010816,2.11030225316
20010817,0.0390261159282
20010818,3.07805968325e-05
20010819,0.00991512167441
20010820,0.344494490072
20010821,0.0140182708357
20010822,14.0991883641
20010823,0.492011716074
20010824,0.0179307429859
20010825,0.648572206303
20010826,0.140015990975
20010827,0.043078562771
20010828,2.60811244292
20010829,15.5881711688
20010830,0.291272038067
20010831,0.0233225609223
20010901,0.214337862257
20010902,0.0055687023153
20010903,0.135920111163
20010904,0.628706360742
20010905,0.107130888235
20010906,2.00330299157
20010907,4.23535790546
20010908,0.106253620851
20010909,6.89458082015
20010910,7.45942320405
20010911,1.26278893091
20010912,0.22187772994
20010913,4.02665045991
20010914,0.173111173914
20010915,0.0178892731774
20010916,2.30899353916
20010917,0.0717248172044
20010918,0.734363641859
20010919,8.30854113135
20010920,1.57641614614
20010921,0.025262388576
20010922,0.0786422516009
20010923,8.3875327754
20010924,0.196402275
20010925,0.000852247494931
20010926,5.10178407206
20010927,0.0901463245215
20010928,1.20470655715
20010929,1.44495394237
20010930,0.272571859455
20011001,0.526157456477
20011002,18.1553242576
20011003,1.78054098617
20011004,4.71967311797
20011005,1.6358638936
20011006,0.0951943119848
20011007,0.184520976883
20011008,3.26427748659
20011009,0.111140490496
20011010,0.0490326152213
20011011,1.05895779309
20011012,2.80171396416
20011013,0.183519478079
20011014,0.080466817613
20011015,0.161358745486
20011016,0.731331596993
20011017,0.0758744185937
20011018,3.30955108371
20011019,1.00199512581
20011020,0.017174552623
20011021,1.31619062646
20011022,0.259530355295
20011023,0.0100663294532
20011024,0.39503232529
20011025,0.0515423196187
20011026,0.704808114299
20011027,0.0543437076412
20011028,0.120170242471
20011029,0.0234148194119
20011030,0.00371114739124
20011031,7.07036998563e-05
20011101,0.0141865274085
20011102,0.00306033301133
20011103,4.96411885104e-05
20011104,0.000763088100877
20011105,0.315911411888
20011106,0.00558123725452
20011107,0.129028859819
20011108,0.00227966181324
20011109,0.978430705259
20011110,0.0253853512607
20011111,0.00600724935369
20011112,2.55774545976
20011113,0.651411681339
20011114,2.58132157104
20011115,3.52827106743
20011116,0.0615345192945
20011117,0.0971312437532
20011118,0.0202443166632
20011119,0.000524975871568
20011120,0.0330966894015
20011121,1.32318233755
20011122,0.876106383085
20011123,3.94711434144
20011124,2.66023217325
20011125,1.36840899172
20011126,0.663498733465
20011127,0.998241989625
20011128,0.0495220716012
20011129,0.760091503251
20011130,0.0199591363154
20011201,0.000115547236515
20011202,2.72076344125
20011203,0.0988890467405
20011204,0.0119934670484
20011205,0.0666018626227
20011206,0.00117746499049
20011207,7.4508718913e-08
20011208,0.0
20011209,0.0
20011210,0.0
20011211,0.291618668411
20011212,0.0201005814822
20011213,0.00703143820115
20011214,0.000119564204967
20011215,0.0
20011216,0.00443225026559
20011217,0.0191236732622
20011218,0.0307415862523
20011219,0.00116698565174
20011220,1.11270838703e-05
20011221,0.0011443367173
20011222,0.00199736538703
20011223,3.49319360743e-05
20011224,0.0315827269883
20011225,0.00055799860681
20011226,0.0
20011227,0.0
20011228,0.0
20011229,0.0
20011230,0.0
20011231,0.0
20020101,0.0
20020102,0.0835233237384
20020103,0.00147567708276
20020104,0.0
20020105,0.0
20020106,0.0
20020107,5.52374862923
20020108,0.55610579928
20020109,2.19519217207
20020110,1.10267651185
20020111,0.438323875677
20020112,0.036805038128
20020113,0.000519309875132
20020114,0.0
20020115,0.0
20020116,0.0
20020117,0.0
20020118,0.0
20020119,0.00130086577691
20020120,2.29834934633e-05
20020121,0.00123935163392
20020122,2.1896673875e-05
20020123,0.0
20020124,0.0
20020125,9.29552280407e-06
20020126,1.64231856283e-07
20020127,0.0
20020128,0.0
20020129,0.00114932844438
20020130,2.03061569062e-05
20020131,0.0
20020201,0.0
20020202,0.0
20020203,0.0
20020204,0.0
20020205,0.0
20020206,0.00261236916782
20020207,4.61549333663e-05
20020208,0.0
20020209,0.00757514889474
20020210,0.000133836568014
20020211,0.0
20020212,0.348020535603
20020213,0.0746054705904
20020214,0.00120948222621
20020215,0.0
20020216,0.0
20020217,0.000187256788374
20020218,3.30842335687e-06
20020219,0.0
20020220,0.0
20020221,0.0
20020222,0.0
20020223,0.0873564332234
20020224,0.703193137922
20020225,0.0123966378211
20020226,0.0
20020227,0.301947378253
20020228,0.186529686628
20020301,0.629270570787
20020302,0.0150969391796
20020303,1.60186365854
20020304,2.80848815501
20020305,0.0497489976853
20020306,1.11142660687e-05
20020307,0.00515415210572
20020308,0.661333022918
20020309,0.239170192211
20020310,0.512690397399
20020311,0.200525810043
20020312,1.35077788751
20020313,0.905992276389
20020314,0.837577411852
20020315,0.0448480611472
20020316,2.97237047282
20020317,0.153387557296
20020318,3.41962974965
20020319,0.232596407108
20020320,0.0128919486787
20020321,1.2356293139
20020322,4.17146096503
20020323,0.0822136042419
20020324,0.889865176398
20020325,1.28462546981
20020326,0.257329318047
20020327,0.130189883673
20020328,0.0557686954258
20020329,0.139607103653
20020330,0.0152384635558
20020331,0.0210223853582
20020401,0.00135336153157
20020402,0.269688916444
20020403,1.74318656641
20020404,0.0584618977813
20020405,0.0244217976578
20020406,0.329806218944
20020407,0.856110556165
20020408,20.3636913265
20020409,0.435400424293
20020410,0.0290129046642
20020411,0.656786969538
20020412,0.0116292523241
20020413,0.000101285021444
20020414,3.15560335916
20020415,0.131665316891
20020416,8.89477592103
20020417,0.210520152302
20020418,0.00627740409129
20020419,0.786250670318
20020420,0.259805314869
20020421,0.278304702082
20020422,1.96442219337
20020423,0.266747468006
20020424,0.157052242518
20020425,0.00270231594657
20020426,1.22473476018
20020427,0.313016422592
20020428,0.0157527870471
20020429,0.156301590648
20020430,2.22516376435
20020501,0.0393275073664
20020502,1.52706706126
20020503,2.75308718742
20020504,2.68695354598
20020505,12.8495325065
20020506,0.417044649459
20020507,0.0033719776873
20020508,0.00355999603911
20020509,18.8918484534
20020510,1.3953917363
20020511,0.0187564420432
20020512,1.57661379828
20020513,0.180484565225
20020514,0.0249039418625
20020515,3.32323150453
20020516,0.0587074047973
20020517,0.303432097343
20020518,0.292309391425
20020519,0.00506975922255
20020520,4.51884913927
20020521,0.0997983997052
20020522,1.23770881408
20020523,3.82938043231
20020524,3.66176890037
20020525,1.74108580124
20020526,0.0754371799543
20020527,0.369751988352
20020528,0.069036226401
20020529,0.230610631492
20020530,0.0431065827261
20020531,0.146868992857
20020601,1.90770942983
20020602,0.0383957023769
20020603,1.21609418931
20020604,24.1469569816
20020605,0.431073653308
20020606,0.374405572362
20020607,0.173765439854
20020608,1.38014406403
20020609,0.0457349292898
20020610,14.1756385477
20020611,1.63585191087
20020612,0.0562056176892
20020613,0.425856663112
20020614,0.495384286937
20020615,0.585980320318
20020616,0.0862169897321
20020617,0.116903338253
20020618,0.266772778354
20020619,0.434846513066
20020620,3.34027581216
20020621,0.919906848817
20020622,0.0395440140885
20020623,0.00138758374233
20020624,0.0444988861421
20020625,3.94826377918
20020626,7.04197913425
20020627,0.206550802554
20020628,6.28597554848
20020629,0.111033613344
20020630,1.09111449661
20020701,0.0460469644413
20020702,0.0385292347558
20020703,2.95505672671
20020704,3.00249553951
20020705,1.06454947184
20020706,0.233216263177
20020707,0.217533914471
20020708,1.79668897051
20020709,0.0316769035917
20020710,1.43647069019
20020711,0.106873627568
20020712,0.0655237254558
20020713,0.542384874227
20020714,0.0095627676332
20020715,0.00399467412343
20020716,0.3977774016
20020717,1.72520389587
20020718,0.332428385956
20020719,0.392788836216
20020720,0.365251122596
20020721,2.06885381357
20020722,2.9281681255
20020723,1.23088906993
20020724,1.97009881099
20020725,0.034583464863
20020726,0.00566732659569
20020727,0.000100084389167
20020728,0.356568609896
20020729,0.0446116274288
20020730,0.814698785757
20020731,0.0369085931013
20020801,1.56170781277
20020802,6.50220564664
20020803,0.193721826355
20020804,0.225987069368
20020805,2.84901739308
20020806,15.8676424992
20020807,1.25285033975
20020808,0.729357650488
20020809,0.0125823306184
20020810,3.21688164632
20020811,0.437046424075
20020812,0.00671750975244
20020813,0.042671766729
20020814,0.00075391809629
20020815,4.56931168171
20020816,0.0807298857867
20020817,0.000670319517632
20020818,1.79593449917
20020819,0.0372966376697
20020820,9.8349086426e-05
20020821,0.0
20020822,5.268547254
20020823,0.300847873552
20020824,0.00367074210166
20020825,0.0701833744081
20020826,0.965895617081
20020827,5.37239534399
20020828,1.53121719296
20020829,0.025381619692
20020830,8.89231873825
20020831,0.235671146104
20020901,0.00138803947302
20020902,1.3593562288
20020903,0.24601239777
20020904,1.54432500816
20020905,13.453126875
20020906,0.238790369352
20020907,1.75336161464
20020908,0.05036678057
20020909,0.000342564573695
20020910,0.152608139127
20020911,0.405220233944
20020912,0.019376506345
20020913,0.000216692140933
20020914,1.50215821959
20020915,0.0265398979931
20020916,1.54421940159
20020917,0.0272830286241
20020918,3.95792972574
20020919,1.30097342996
20020920,0.87548066203
20020921,0.0216588870643
20020922,0.0442382091059
20020923,1.08473155283
20020924,0.0199035824777
20020925,2.36845188994
20020926,0.0543564193366
20020927,1.28825051325
20020928,0.0309720752392
20020929,0.0233493227419
20020930,1.51330650012
20021001,0.396589968485
20021002,0.0066611158857
20021003,0.376433632841
20021004,0.00665676303456
20021005,0.00103311351119
20021006,2.93291909618
20021007,0.119157338714
20021008,0.122328535676
20021009,0.270540352004
20021010,6.09340764442
20021011,0.1195025293
20021012,0.0270626943155
20021013,0.326933922856
20021014,0.924152289988
20021015,0.116642756177
20021016,1.96985597993
20021017,0.782331243418
20021018,4.53279201019
20021019,2.2845684626
20021020,2.38397820804
20021021,0.0990072404663
20021022,0.961546481149
20021023,0.779385731729
20021024,1.56950673046
20021025,0.606807218284
20021026,0.118328619961
20021027,2.61226427835
20021028,0.466679653218
20021029,0.780619184716
20021030,0.304891599638
20021031,0.0097423605074
20021101,0.00203587340499
20021102,0.559746060261
20021103,0.361026555746
20021104,0.554353619185
20021105,0.0678142662113
20021106,1.39765608594
20021107,0.146702588592
20021108,0.46868789075
20021109,2.06733406794
20021110,0.282477871509
20021111,1.14375596554
20021112,0.0569568740063
20021113,0.00470256920106
20021114,0.0070664766389
20021115,0.000123584567622
20021116,0.0
20021117,5.34014361838e-05
20021118,0.154734858123
20021119,0.253544348343
20021120,0.00443128122415
20021121,0.0
20021122,0.00370164771981
20021123,0.00786309059734
20021124,0.0476534626651
20021125,0.208078295098
20021126,0.00724368039665
20021127,0.5127305309
20021128,0.00905772500131
20021129,0.0
20021130,0.00703533400713
20021201,0.0198074943388
20021202,0.0017218466605
20021203,3.82612140355e-05
20021204,0.172435437056
20021205,0.00354978537083
20021206,0.0127990043835
20021207,0.0778956781726
20021208,0.137374950368
20021209,2.05998771704
20021210,0.0631350166594
20021211,0.149408651847
20021212,0.00263136846855
20021213,0.0
20021214,0.0
20021215,0.0
20021216,0.0
20021217,0.00140049894494
20021218,2.4743797441e-05
20021219,0.0255382413817
20021220,0.000451205693653
20021221,0.0
20021222,0.0
20021223,0.0
20021224,0.0
20021225,0.0
20021226,0.0
20021227,0.0
20021228,0.0
20021229,0.0
20021230,0.0
20021231,0.0
20030101,0.0
20030102,0.0
20030103,0.134835870493
20030104,0.00238225916548
20030105,0.0
20030106,0.0
20030107,0.0
20030108,0.0
20030109,0.0
20030110,0.0
20030111,0.0118228923439
20030112,0.161425899557
20030113,0.221028952708
20030114,0.00435456674844
20030115,0.125624637957
20030116,0.00557704755782
20030117,5.93230924365e-05
20030118,0.0708368497419
20030119,1.03368884092
20030120,0.0320861380654
20030121,0.000244614766711
20030122,0.0
20030123,0.129533591796
20030124,0.0292466359042
20030125,0.214111173589
20030126,0.0643138494022
20030127,0.00106960023537
20030128,0.0
20030129,0.0
20030130,0.0
20030131,0.0
20030201,0.0
20030202,0.0
20030203,0.00932311720557
20030204,0.000164719409267
20030205,0.0
20030206,0.0
20030207,6.82469670636e-06
20030208,1.20577680235e-07
20030209,0.0
20030210,0.0
20030211,0.078522616574
20030212,0.0384878967278
20030213,0.426566083533
20030214,2.50076949257
20030215,1.62054955066
20030216,0.234179847048
20030217,6.28437769029
20030218,1.17536564903
20030219,0.0414663133717
20030220,0.00541739058459
20030221,0.0035301237504
20030222,6.08035938956e-05
20030223,0.0158265075457
20030224,0.127655416116
20030225,0.676367517688
20030226,0.0126985570548
20030227,2.68623048293
20030228,0.0539515268456
20030301,0.31143900693
20030302,0.00940850100464
20030303,0.730302259362
20030304,0.342601802756
20030305,0.107447633964
20030306,0.00320673007473
20030307,0.00141169332999
20030308,2.45010340504e-05
20030309,1.64024998053e-05
20030310,0.0362986571598
20030311,0.366272738187
20030312,0.879507967248
20030313,0.274783013957
20030314,0.0811559838285
20030315,0.034168059294
20030316,0.000579773279857
20030317,0.0
20030318,0.0
20030319,0.054968251601
20030320,0.832739764104
20030321,0.0183939923831
20030322,0.000605577883402
20030323,0.475901270598
20030324,0.164376298373
20030325,0.311664344316
20030326,0.0437115923202
20030327,0.00217864834323
20030328,0.118627747088
20030329,0.00209542751203
20030330,1.14777417088
20030331,0.163569337763
20030401,0.019730069305
20030402,0.000496872231967
20030403,0.000415879642941
20030404,0.185355013869
20030405,0.362354180806
20030406,2.4162957792
20030407,1.75713263907
20030408,0.201690920668
20030409,1.16208709633
20030410,0.521910471261
20030411,0.00885922961567
20030412,5.49150921857
20030413,0.405005359455
20030414,0.00768036944266
20030415,0.0609477153935
20030416,3.30714687578
20030417,0.379894882749
20030418,0.147136343211
20030419,0.0151175954056
20030420,8.67858145757
20030421,0.298327225859
20030422,0.363835966439
20030423,0.410823717097
20030424,4.13431365812
20030425,0.85311209086
20030426,4.60265413345
20030427,0.148921618786
20030428,0.150413772035
20030429,0.0652167999284
20030430,0.138343997005
20030501,0.966190962098
20030502,0.060140166946
20030503,0.170872972031
20030504,2.29874373053
20030505,3.73858702496
20030506,0.214980131237
20030507,0.437323978685
20030508,0.345068132516
20030509,0.839361769735
20030510,1.10200837995
20030511,1.12562417001
20030512,0.0197704653058
20030513,0.231852396438
20030514,0.00434876494178
20030515,0.0406192937074
20030516,0.125449663411
20030517,1.70812880723
20030518,0.276265474628
20030519,0.0974264073921
20030520,4.20224445026
20030521,0.142528484319
20030522,0.703291780855
20030523,0.151938929084
20030524,1.5935445121
20030525,0.102148283801
20030526,0.0907891527527
20030527,0.694003081547
20030528,14.3769058351
20030529,7.26249828005
20030530,2.37712444802
20030531,6.09232835753
20030601,1.87245255556
20030602,3.77751494136
20030603,4.37311059835
20030604,0.117335943119
20030605,1.54182632594
20030606,4.02164919828
20030607,0.0815776801715
20030608,1.33752604329
20030609,2.71993487534
20030610,1.18739935588
20030611,1.50130762363
20030612,2.1610321174
20030613,4.55518510325
20030614,2.8235654422
20030615,0.0628820492895
20030616,0.257746890773
20030617,0.0100905130613
20030618,1.8045642039
20030619,1.04281650077
20030620,0.0185226175736
20030621,1.99412575839
20030622,0.233020317037
20030623,0.196895909174
20030624,1.7010493873
20030625,0.714368429733
20030626,0.274782416614
20030627,0.230235266545
20030628,0.0354587076864
20030629,0.0665576181707
20030630,11.1837788648
20030701,0.531477161524
20030702,0.00589937292912
20030703,0.366673965395
20030704,0.00932434815481
20030705,1.6128521279
20030706,0.0284947325563
20030707,0.0
20030708,0.0274971831655
20030709,0.0308363368149
20030710,0.0184293970838
20030711,3.77448512259
20030712,0.0764863696842
20030713,0.000177727811513
20030714,0.0698544089252
20030715,2.77049386728
20030716,0.27208043254
20030717,0.307709627662
20030718,7.82202996857
20030719,0.170501707081
20030720,0.103383303497
20030721,10.102617893
20030722,0.191932605692
20030723,0.000834729372672
20030724,1.05421658107e-05
20030725,0.00453217114482
20030726,8.00736889968e-05
20030727,0.0101011166696
20030728,0.165638064717
20030729,0.0481135320795
20030730,0.0924169629585
20030731,0.00161870233575
20030801,6.1449442312e-05
20030802,0.0939771559265
20030803,0.00486060747327
20030804,0.0887630719146
20030805,0.627367973286
20030806,0.0259621341757
20030807,1.99564395436
20030808,0.678092605127
20030809,0.0871636030602
20030810,0.00139180022621
20030811,0.182252001818
20030812,6.52970380555
20030813,1.89594521726
20030814,2.54272281832
20030815,0.0600066245014
20030816,5.50767582211
20030817,4.10253502025
20030818,0.419004428307
20030819,4.05566229821
20030820,1.05489677605
20030821,7.38696012705
20030822,0.138934539759
20030823,0.000154237331598
20030824,4.70616088897
20030825,0.319792517218
20030826,0.00418100366039
20030827,0.0333791801067
20030828,3.23241302324
20030829,0.826950863029
20030830,0.288449727861
20030831,4.30566562321
20030901,0.279784057478
20030902,3.12868600509
20030903,0.162803461512
20030904,1.7466188429
20030905,0.320594995159
20030906,7.08207374907
20030907,2.09715202145
20030908,0.937663937377
20030909,0.0211597404722
20030910,0.27499234984
20030911,0.857432450209
20030912,0.275492132937
20030913,0.0140587024997
20030914,3.16358736112
20030915,3.53424424984
20030916,0.600002083107
20030917,0.547799866827
20030918,0.84080478121
20030919,0.343757054611
20030920,7.28643710304
20030921,3.73141060331
20030922,4.32310646717
20030923,4.36822716169
20030924,1.00793581531
20030925,1.05373681621
20030926,4.66328986993
20030927,0.892271985098
20030928,0.0939734328471
20030929,1.49490719899
20030930,0.105451760028
20031001,0.0416798610467
20031002,0.0273997939189
20031003,3.30735776422
20031004,6.51091784616
20031005,0.902460277473
20031006,0.393232663564
20031007,1.31493516963
20031008,3.49836494488
20031009,2.73695956681
20031010,0.522525528727
20031011,0.223501569973
20031012,0.0680222559557
20031013,2.36700299617
20031014,0.750660646939
20031015,0.516490893284
20031016,6.18615910826
20031017,4.26032524753
20031018,3.96503307736
20031019,1.04547527388
20031020,0.0985419615976
20031021,0.0638382997116
20031022,0.123687209182
20031023,0.29222772244
20031024,0.0794845846
20031025,0.00479985609491
20031026,0.248342523448
20031027,1.03445499277
20031028,0.779641377713
20031029,2.14657108764
20031030,0.0377068001026
20031031,0.0589908890699
20031101,0.566777474375
20031102,0.465793059213
20031103,2.10178064583
20031104,1.03486633057
20031105,0.0176310375546
20031106,0.370576822977
20031107,1.16695183079
20031108,1.19856694917
20031109,0.531710776875
20031110,4.05684694595
20031111,0.878907104662
20031112,0.0913225406554
20031113,0.0273641979365
20031114,0.351205647183
20031115,0.70641051239
20031116,0.0267412484463
20031117,0.0255934471174
20031118,0.0981551849959
20031119,0.262930237655
20031120,0.00911254273347
20031121,0.00013886479698
20031122,0.0399872008753
20031123,0.000723475075063
20031124,0.0442231869122
20031125,0.195671449411
20031126,0.115658215444
20031127,0.00198259571779
20031128,0.0397147839925
20031129,0.000719650819284
20031130,0.135957025917
20031201,0.0285279302185
20031202,0.000461587762717
20031203,0.740319278888
20031204,1.4533851475
20031205,0.0322898836805
20031206,0.0426887861112
20031207,0.077224421521
20031208,0.00135110126497
20031209,0.0
20031210,0.0
20031211,0.0
20031212,0.0
20031213,0.0
20031214,4.07361776641
20031215,0.309153112541
20031216,0.443159370714
20031217,0.0284780564079
20031218,0.00228732505954
20031219,3.39435522019e-05
20031220,0.0
20031221,0.0
20031222,0.0
20031223,0.0
20031224,0.0
20031225,0.00214726254418
20031226,3.79374910153e-05
20031227,9.23273146199e-06
20031228,1.63122458264e-07
20031229,0.0
20031230,0.0
20031231,0.00307242648183
20040101,0.000135156527532
20040102,1.42885752807e-06
20040103,0.0
20040104,0.0
20040105,0.0
20040106,0.0
20040107,0.016102969857
20040108,0.000284504761245
20040109,0.017677366768
20040110,0.0143875250979
20040111,0.000248678523077
20040112,5.25326990321e-05
20040113,9.28139591474e-07
20040114,0.0
20040115,0.0201572444983
20040116,0.139558071386
20040117,0.553248504686
20040118,0.0979786759155
20040119,0.00155914171075
20040120,0.111881105672
20040121,0.225606333271
20040122,0.505891377125
20040123,0.00886820329794
20040124,0.282808351116
20040125,0.00499661379401
20040126,0.0
20040127,0.000850002147736
20040128,1.50176994896e-05
20040129,0.0
20040130,0.0
20040131,0.0
20040201,0.0
20040202,0.0
20040203,0.054050334754
20040204,0.152227248505
20040205,0.00267510620489
20040206,4.33000142783e-08
20040207,0.0
20040208,0.0
20040209,0.0
20040210,0.0
20040211,0.0
20040212,0.0
20040213,0.0
20040214,0.0
20040215,5.82645336335
20040216,2.26729855467
20040217,0.185151645871
20040218,0.0182600046033
20040219,0.10920718867
20040220,0.129922484625
20040221,4.04534756574
20040222,0.444756585404
20040223,0.152468178459
20040224,0.0143240610367
20040225,0.00104026716844
20040226,0.00406640282062
20040227,0.0118964111858
20040228,2.52255167721
20040229,0.593133855055
20040301,1.02520196772
20040302,0.152477894224
20040303,0.954071884489
20040304,0.836471248807
20040305,0.0259471587987
20040306,0.000202572246661
20040307,0.0
20040308,0.0
20040309,0.0
20040310,0.0
20040311,0.0
20040312,0.0
20040313,0.060090541915
20040314,0.140678324081
20040315,0.092799902966
20040316,0.171000718769
20040317,0.17590235954
20040318,0.671970533102
20040319,0.0118182968625
20040320,0.0
20040321,0.0538953046983
20040322,0.0362050303165
20040323,4.91319539041
20040324,0.0917987431484
20040325,0.69710723426
20040326,0.419984685004
20040327,0.342336346196
20040328,0.00685748370841
20040329,0.683759226905
20040330,3.01149051108
20040331,0.830462370024
20040401,0.499051468748
20040402,0.479094165501
20040403,0.612918122312
20040404,0.0275172778609
20040405,0.000541291251612
20040406,4.30829247624e-06
20040407,7.61181697129e-05
20040408,2.28345949307
20040409,0.460445786247
20040410,1.07685752587
20040411,1.63419549352
20040412,0.471531336287
20040413,0.0542233139442
20040414,0.0214258843763
20040415,0.860271726728
20040416,0.0627170973843
20040417,1.10520698329
20040418,0.372239505353
20040419,0.141168970748
20040420,2.18342353352
20040421,2.18540219706
20040422,1.52737871209
20040423,2.27298344822
20040424,2.42298000142
20040425,1.05093209402
20040426,0.287935751025
20040427,7.10528704068
20040428,3.8216110943
20040429,0.171452568509
20040430,4.83594141924
20040501,0.0884618150598
20040502,0.209510423686
20040503,0.251384024152
20040504,0.0191065569381
20040505,3.37391114863
20040506,5.22856824535
20040507,1.7142759037
20040508,0.0292593012035
20040509,1.03400623425e-05
20040510,0.00231700691028
20040511,0.167340564648
20040512,1.46695356746
20040513,0.658936838757
20040514,5.12036885811
20040515,0.899636802964
20040516,1.02587664683
20040517,0.0528396825643
20040518,0.914517868549
20040519,0.347708850056
20040520,1.59486370167
20040521,0.17542299347
20040522,0.00272218118446
20040523,0.673636080283
20040524,0.905692485659
20040525,0.214698966754
20040526,1.1704141877
20040527,4.93745462024
20040528,0.0892764179299
20040529,0.00204753595604
20040530,4.49348390357
20040531,0.0934535121736
20040601,0.225522651272
20040602,0.374203668968
20040603,1.55824657219
20040604,0.53487663977
20040605,0.0192367633365
20040606,0.000611961546121
20040607,1.5706009447e-05
20040608,2.86316899757
20040609,0.056841709698
20040610,0.918811155128
20040611,0.578114267481
20040612,0.0262324883037
20040613,2.45544340143
20040614,0.11057012729
20040615,0.0153084540586
20040616,1.88884297314
20040617,0.0391137397954
20040618,1.12436790381
20040619,0.0198805461365
20040620,0.0754183297265
20040621,0.116924465222
20040622,2.61982737283
20040623,0.07644350832
20040624,0.300469847311
20040625,0.0405149050543
20040626,0.0690883451388
20040627,0.00178485240229
20040628,0.14754986374
20040629,0.521468484277
20040630,0.248164690454
20040701,2.31921949035
20040702,0.818589183608
20040703,0.0145152681113
20040704,0.376208378858
20040705,0.0511901836164
20040706,0.983769909311
20040707,3.05733391242
20040708,0.840585800379
20040709,0.389151178616
20040710,2.56295470345
20040711,6.32008079048
20040712,0.260996351085
20040713,0.00269628842841
20040714,0.205057875749
20040715,0.449937757843
20040716,0.00788542063088
20040717,0.0
20040718,1.09386276308
20040719,0.0574212596984
20040720,0.367638113242
20040721,0.0356057631778
20040722,0.0250354223621
20040723,0.000459835552008
20040724,4.70038877304e-07
20040725,0.0
20040726,1.83246446224
20040727,0.0337891758437
20040728,0.611333005962
20040729,0.236102280913
20040730,0.720494035415
20040731,0.0388785866859
20040801,0.235045823158
20040802,0.00514110636236
20040803,1.52779030218
20040804,0.255465190772
20040805,0.198254176507
20040806,0.00407147282646
20040807,0.162631074189
20040808,0.0409844191799
20040809,5.44098647221
20040810,0.446368149401
20040811,2.80791624323
20040812,1.48086929922
20040813,0.203745686418
20040814,0.178338365521
20040815,7.81283772098
20040816,0.147658794386
20040817,0.0348838044968
20040818,0.0433025240659
20040819,0.00218605898937
20040820,0.0973698619019
20040821,0.00378281767264
20040822,0.210965190998
20040823,0.662140286253
20040824,3.35568782045
20040825,0.117649606935
20040826,0.405137520562
20040827,0.718571790443
20040828,0.0821811396859
20040829,0.00885080287316
20040830,3.69637935753
20040831,4.1884045153
20040901,0.394164040878
20040902,0.00809556241323
20040903,3.73258393678
20040904,0.0770866751657
20040905,1.41797379853
20040906,0.392707981698
20040907,0.0616726910913
20040908,0.469389386035
20040909,0.287948489881
20040910,1.61689862794
20040911,1.29711342979
20040912,2.00265932853
20040913,1.24915392112
20040914,1.90128934709
20040915,2.61164030083
20040916,0.0678521133457
20040917,0.668579504997
20040918,0.789299455536
20040919,0.0183922415833
20040920,2.47931322819
20040921,0.806674717032
20040922,3.0446954687
20040923,1.44714855007
20040924,0.137619296595
20040925,4.20170321038
20040926,0.0948864985806
20040927,0.97003629336
20040928,0.121366095369
20040929,0.488705627995
20040930,1.74553860155
20041001,5.69426845888
20041002,0.540438147529
20041003,0.107039221339
20041004,2.56988129547
20041005,1.71861085745
20041006,1.9868719641
20041007,0.762600814367
20041008,0.0723854461816
20041009,0.567673423103
20041010,0.229244185805
20041011,6.07823812479
20041012,0.770072816281
20041013,0.0119293642697
20041014,2.17230674773
20041015,3.170055286
20041016,0.215646209358
20041017,0.041507177469
20041018,0.180575812181
20041019,0.571020005511
20041020,0.0100856543984
20041021,0.00431685509408
20041022,0.269909002443
20041023,1.00434089991
20041024,1.59888615557
20041025,0.505756829446
20041026,2.12718988052
20041027,0.740476477051
20041028,0.195382643342
20041029,1.40645586505
20041030,1.09858431465
20041031,0.0395958490374
20041101,0.0652911795275
20041102,1.57336686372
20041103,0.843491282419
20041104,0.881717706239
20041105,0.25771550564
20041106,1.72954955985
20041107,0.193608708942
20041108,0.137179965606
20041109,0.0481245356914
20041110,0.0209755047278
20041111,0.000780736844544
20041112,0.00189434573274
20041113,0.00488029982665
20041114,0.211064820412
20041115,2.11167690963
20041116,0.226088583041
20041117,0.231115103368
20041118,0.0106527024473
20041119,0.00382687189561
20041120,0.00405056877955
20041121,0.444235792272
20041122,0.00788275543246
20041123,7.81318121645e-07
20041124,2.78198646631e-09
20041125,0.273668796952
20041126,0.00516923606313
20041127,1.78405226749
20041128,0.0709243637295
20041129,0.0006970128863
20041130,1.46157902682e-08
20041201,0.0
20041202,0.0
20041203,0.0
20041204,1.44894943593e-05
20041205,2.55998239039e-07
20041206,0.0
20041207,5.16281860155e-05
20041208,9.12158491463e-07
20041209,0.202286971555
20041210,0.130761561023
20041211,0.199454944627
20041212,0.0187513617427
20041213,1.68351780763
20041214,0.752213278747
20041215,0.0127951661239
20041216,0.185274046737
20041217,0.338761807895
20041218,0.4512354466
20041219,0.268349346746
20041220,0.00460215048306
20041221,0.0
20041222,0.0
20041223,0.0
20041224,0.447815715239
20041225,0.00847937552307
20041226,0.64964638541
20041227,0.506052446816
20041228,0.133800184038
20041229,0.0424106405803
20041230,0.000710266084968
20041231,1.56540595622e-05
20050101,0.0310936353584
20050102,0.000549352561278
20050103,0.0
20050104,0.0
20050105,0.0
20050106,0.0
20050107,0.0
20050108,0.0
20050109,0.0
20050110,0.0
20050111,0.0
20050112,0.20630559678
20050113,0.12283111993
20050114,0.002105762226
20050115,0.0933621258579
20050116,0.00164950748692
20050117,0.0134661474182
20050118,0.000237917798349
20050119,0.0
20050120,0.0
20050121,0.0
20050122,0.205673419372
20050123,0.00492263243855
20050124,2.27707812268e-05
20050125,0.0
20050126,0.0677281434788
20050127,0.265515487043
20050128,0.105058387519
20050129,0.0802512670242
20050130,0.0280084500973
20050131,0.0129967443001
20050201,0.000221314299574
20050202,0.0
20050203,0.0
20050204,0.0250434360117
20050205,0.0201313493078
20050206,0.000708109756469
20050207,6.36483418834e-06
20050208,0.0891878705845
20050209,0.00180655947581
20050210,0.242759832852
20050211,0.0104410355525
20050212,0.000108693728782
20050213,0.0
20050214,0.0557633544718
20050215,0.0707186843557
20050216,0.00123204001538
20050217,0.0
20050218,0.0
20050219,0.478130415901
20050220,0.0187977395721
20050221,0.00952002127206
20050222,0.00279652244682
20050223,0.306499424542
20050224,0.00541436249407
20050225,0.0
20050226,0.652353582382
20050227,0.0179464072701
20050228,0.0257895818174
20050301,0.33845210213
20050302,0.0120381474327
20050303,0.46503173284
20050304,0.530864697058
20050305,0.00923410748431
20050306,0.00645756836527
20050307,0.00011409128624
20050308,0.081614952069
20050309,1.26080977201
20050310,0.270393856121
20050311,0.836598994453
20050312,0.0241780031531
20050313,5.27257949168
20050314,0.18060045317
20050315,0.0312511472739
20050316,0.16685761718
20050317,0.283745133345
20050318,0.308760523979
20050319,0.0439178969979
20050320,0.0476639952123
20050321,0.7894591914
20050322,0.0139333759515
20050323,0.273260725839
20050324,0.608477449734
20050325,1.51384398736
20050326,0.0442032028704
20050327,0.00386721270816
20050328,0.0213095840315
20050329,0.0628087929393
20050330,0.637561924143
20050331,0.321976512792
20050401,0.0601103859405
20050402,0.130975448185
20050403,0.0573037044665
20050404,0.439643337729
20050405,1.54150300456
20050406,0.136980920311
20050407,0.00194288336161
20050408,1.21156180324
20050409,0.420248786277
20050410,0.84317574954
20050411,0.0364591644597
20050412,0.246693388887
20050413,1.22787049227
20050414,2.35222464348
20050415,1.2545577883
20050416,3.08039116143
20050417,2.90209775385
20050418,0.0566225839439
20050419,6.54737055399
20050420,1.94499070244
20050421,0.106189344342
20050422,0.0117993189872
20050423,0.616951698824
20050424,5.41949516985
20050425,1.47461328252
20050426,3.61613210965
20050427,0.0968832921135
20050428,0.0105338945609
20050429,3.8006074594
20050430,0.119629951063
20050501,0.00537288646178
20050502,0.839538475301
20050503,0.110937946953
20050504,1.71327053203
20050505,0.811817694591
20050506,12.7004584823
20050507,1.88015702694
20050508,0.427089290853
20050509,0.286337787095
20050510,2.80884566359
20050511,0.0647360669069
20050512,0.241025037216
20050513,0.74432971673
20050514,0.0130755495225
20050515,0.0290101222714
20050516,0.0630839491002
20050517,0.540973438478
20050518,2.43528278857
20050519,0.0505292013722
20050520,0.391267012337
20050521,0.00832541286704
20050522,3.74107486938
20050523,0.670299740507
20050524,0.0106758956102
20050525,0.200417656663
20050526,0.0526821423021
20050527,2.72429430673
20050528,0.235808505925
20050529,0.158163890236
20050530,0.0215216020817
20050531,0.829080383845
20050601,7.81656202592
20050602,0.420384548222
20050603,2.52353555269
20050604,1.33616090022
20050605,4.37052939808
20050606,0.537360111087
20050607,0.0081688822199
20050608,0.00079730294599
20050609,3.70864877634
20050610,0.0655734479872
20050611,0.018059163527
20050612,0.340702627046
20050613,0.0254417863778
20050614,0.359229867912
20050615,0.0877871014692
20050616,4.13699732017
20050617,0.0735652763676
20050618,8.81405322083e-06
20050619,0.0765121842297
20050620,0.257025547572
20050621,0.00707253322034
20050622,0.0182545901468
20050623,0.637148395288
20050624,0.422560367499
20050625,0.996666014362
20050626,5.32132880159
20050627,0.799132822206
20050628,2.52473222892
20050629,0.0443863754897
20050630,0.00765339398025
20050701,0.00470248425682
20050702,0.0383697253061
20050703,1.07826971223
20050704,0.955872022005
20050705,0.016551823459
20050706,0.15618631747
20050707,0.00275947540521
20050708,0.0
20050709,7.06931936499
20050710,3.48352427639
20050711,0.127810338255
20050712,0.2446480008
20050713,0.701228163158
20050714,0.457519167254
20050715,2.47210862105
20050716,0.08320396619
20050717,0.0976744518315
20050718,5.65088018638
20050719,0.355846790649
20050720,0.149357303444
20050721,0.371608855338
20050722,1.36179239823
20050723,0.0239447361808
20050724,0.261142110153
20050725,0.103201855053
20050726,4.16318915658
20050727,0.0735251844878
20050728,2.44318903137e-08
20050729,10.6063215815
20050730,0.207144998987
20050731,0.000349013385951
20050801,0.0098575460867
20050802,0.0169410882464
20050803,0.000438160917707
20050804,0.000116380586499
20050805,0.0172724939265
20050806,0.495200673745
20050807,0.00894941714061
20050808,5.97280436471e-05
20050809,0.47997653439
20050810,0.00848066579546
20050811,0.000804727786094
20050812,1.42176379459e-05
20050813,4.27548645047
20050814,0.808683952519
20050815,0.196726589382
20050816,0.157215636238
20050817,0.170487626953
20050818,4.25731906948
20050819,0.290484568059
20050820,0.00380422751377
20050821,4.65813620578
20050822,1.49221097325
20050823,0.0249101015005
20050824,2.61808817991
20050825,0.0681311836992
20050826,0.0051956104802
20050827,0.447491871487
20050828,0.0800046907781
20050829,0.00256148650229
20050830,4.21262688378
20050831,0.0856362219165
20050901,0.0208124729758
20050902,21.7775909869
20050903,1.62466172558
20050904,0.0219085442691
20050905,3.69983951926e-08
20050906,7.36975590535
20050907,0.547920210975
20050908,0.00738008021903
20050909,6.46274266999
20050910,0.120017517764
20050911,0.126988107534
20050912,0.30381952218
20050913,0.0440571977139
20050914,0.00163653332868
20050915,1.33919831708
20050916,0.0335100612243
20050917,0.00352023928227
20050918,0.0134206735705
20050919,0.13384683626
20050920,10.4312702944
20050921,2.38388529322
20050922,0.143700322434
20050923,0.0144788201133
20050924,2.90340356498
20050925,3.49858974763
20050926,23.9818625555
20050927,0.438194095335
20050928,1.47422952456
20050929,2.58735717503
20050930,2.21989292611
20051001,0.321727365718
20051002,2.11730374104
20051003,3.46170463309
20051004,0.443735567831
20051005,0.300128413969
20051006,0.541778235441
20051007,14.2658240667
20051008,4.05441172413
20051009,0.108095278434
20051010,1.52780329923
20051011,2.71762524222
20051012,0.370421422693
20051013,0.0478531855729
20051014,1.00385756352
20051015,0.946325242744
20051016,0.0526850445486
20051017,0.759161538425
20051018,0.0134014236548
20051019,0.171574245529
20051020,0.0928588920517
20051021,5.57252227831
20051022,8.28458471215
20051023,0.404252287201
20051024,0.855590603504
20051025,2.11430598543
20051026,0.0370895840823
20051027,0.28767857361
20051028,0.319661309981
20051029,0.0855346080435
20051030,0.660180591995
20051031,0.0997185078117
20051101,0.479918546026
20051102,4.33869293353
20051103,0.146725095343
20051104,0.0282662398666
20051105,3.57270144773
20051106,1.45301598239
20051107,0.137359240741
20051108,0.00199297979718
20051109,0.0
20051110,0.298447749142
20051111,0.0052729286603
20051112,0.532731703626
20051113,0.0103152996338
20051114,0.162712441452
20051115,0.00940923842069
20051116,0.779707557037
20051117,0.0172256806252
20051118,0.0104621052584
20051119,0.000183765333215
20051120,0.0
20051121,0.00124711752426
20051122,0.0635274889485
20051123,0.00112200467824
20051124,0.00793347615775
20051125,0.00014062518953
20051126,0.0194939060261
20051127,0.00385412235424
20051128,0.48616506683
20051129,0.26294444509
20051130,0.00469247163872
20051201,0.0240078854952
20051202,0.00933914798377
20051203,0.467484255903
20051204,0.00825665607568
20051205,0.0
20051206,0.00231823519489
20051207,4.09582224395e-05
20051208,0.116960851238
20051209,0.00222700050225
20051210,6.41971190573e-06
20051211,0.000821632311806
20051212,0.053146078604
20051213,0.929098758155
20051214,0.0604791721001
20051215,0.000778808816767
20051216,0.0
20051217,0.0
20051218,0.0
20051219,0.0
20051220,0.0
20051221,0.0
20051222,0.0
20051223,0.0294896995142
20051224,0.000521712817368
20051225,0.403846269771
20051226,0.00713509276949
20051227,0.0
20051228,0.0
20051229,0.000614592013143
20051230,1.08585169401e-05
20051231,0.185400235358
20060101,0.00327562244218
20060102,0.0
20060103,0.825323838124
20060104,0.0152269112228
20060105,0.00813763804826
20060106,0.0427886239623
20060107,0.0454787614519
20060108,0.989738640828
20060109,0.514153259889
20060110,0.00877550166954
20060111,0.00101935693298
20060112,1.80097705312e-05
20060113,0.000161047570219
20060114,0.0908165251017
20060115,0.00160448207584
20060116,0.0
20060117,0.0406195873216
20060118,0.000727014791801
20060119,1.65268055344e-07
20060120,0.00506769312369
20060121,0.00457589948764
20060122,0.188710333437
20060123,0.00333270429628
20060124,0.0
20060125,0.0
20060126,0.0242039612511
20060127,0.000427631834529
20060128,0.183242411475
20060129,0.498435493822
20060130,7.81751618839
20060131,0.140548280208
20060201,4.56572386508e-05
20060202,0.000112216953583
20060203,0.000418076673503
20060204,0.0323081849024
20060205,0.227017309403
20060206,0.0040008236251
20060207,0.000627088568445
20060208,0.0346950823858
20060209,0.000612791433302
20060210,0.0279877250289
20060211,0.0191926417921
20060212,0.064804743921
20060213,0.183858044867
20060214,0.0032282494854
20060215,1.46517405756
20060216,0.124969272704
20060217,0.0537957598708
20060218,0.120295122591
20060219,0.137259663875
20060220,0.00238781908577
20060221,0.0
20060222,0.00263609680344
20060223,0.80263347242
20060224,0.0141799804773
20060225,0.0
20060226,0.0
20060227,0.0
20060228,0.0
20060301,0.0283660841811
20060302,1.72115781039
20060303,0.92223032229
20060304,0.160145487853
20060305,0.143251964642
20060306,0.375915753725
20060307,0.00659928200907
20060308,0.0784593726908
20060309,0.00148208250854
20060310,0.616693677349
20060311,6.91541908323
20060312,0.123270782017
20060313,0.0753800777472
20060314,0.17143601479
20060315,0.542329702082
20060316,3.16127718044
20060317,0.94504995891
20060318,0.0282423971276
20060319,0.347160238324
20060320,0.192065200813
20060321,9.24745094733
20060322,0.214842794515
20060323,2.76484606116
20060324,0.287735167646
20060325,1.18678873661
20060326,0.81055867551
20060327,0.869761631711
20060328,6.38831055788
20060329,0.660818599226
20060330,1.56955644548
20060331,1.9540421324
20060401,0.120101914028
20060402,0.133246316667
20060403,0.823630752975
20060404,0.527133140036
20060405,0.511877220631
20060406,4.89133077742
20060407,3.2600784031
20060408,2.65225722443
20060409,0.153678765232
20060410,0.663639077252
20060411,1.32170267345
20060412,0.0231450740278
20060413,0.000527485796008
20060414,0.000977232162819
20060415,1.32595184576
20060416,0.849339258094
20060417,2.64947153381
20060418,2.52514148701
20060419,3.12235268943
20060420,7.65571029448
20060421,1.06510191472
20060422,2.16273427591
20060423,0.0416585399929
20060424,11.8154136822
20060425,1.95380494637
20060426,1.49002606887
20060427,0.990447462568
20060428,2.04702731068
20060429,0.856214413151
20060430,0.0262050832004
20060501,0.8545018379
20060502,0.340968364641
20060503,11.0686509948
20060504,0.577314573834
20060505,4.0218486903
20060506,1.85011375808
20060507,0.04059317198
20060508,2.21063372798
20060509,2.9186642476
20060510,0.0559331883221
20060511,6.30961969498
20060512,0.543154348008
20060513,0.86356687182
20060514,3.58875467966
20060515,3.19083785061
20060516,0.687836355151
20060517,4.72963927834
20060518,1.07759152117
20060519,1.33047297559
20060520,0.367835182017
20060521,21.9639236215
20060522,1.36320779999
20060523,0.113251682262
20060524,0.163782793439
20060525,0.812586429016
20060526,13.8331380424
20060527,0.738539698343
20060528,4.09868109376
20060529,0.540443018581
20060530,0.0576759465609
20060531,0.00122568480179
20060601,0.137838179528
20060602,0.913925110033
20060603,0.051567080149
20060604,0.0075569980043
20060605,0.0629925626597
20060606,2.34798718425
20060607,0.507775081169
20060608,7.16224721836
20060609,2.27530198981
20060610,0.619738072309
20060611,0.0141072161004
20060612,21.9329200891
20060613,0.460933920015
20060614,0.0247333650691
20060615,4.90967329047
20060616,4.42043138986
20060617,3.9357379216
20060618,0.58553312331
20060619,0.75432796277
20060620,0.0596459909391
20060621,0.587990760483
20060622,3.64031866487
20060623,0.973938555844
20060624,1.94806386712
20060625,0.794036633192
20060626,0.016906643252
20060627,0.216223188158
20060628,0.00634907976318
20060629,0.00714548182997
20060630,1.5198270459
20060701,0.271458756202
20060702,0.111706241593
20060703,2.15334490905
20060704,0.849815381604
20060705,0.264853801268
20060706,1.61049979255
20060707,0.0283848277876
20060708,0.743870302842
20060709,0.138110565724
20060710,0.00995763966879
20060711,0.777822502744
20060712,0.014727506489
20060713,0.00410962677777
20060714,0.61556659709
20060715,7.07092946677
20060716,0.242757442128
20060717,0.318142390572
20060718,0.657492145309
20060719,0.383134676753
20060720,1.61062019243
20060721,0.0309532525319
20060722,0.66666063833
20060723,4.06576396499
20060724,0.181522962053
20060725,0.00194962406078
20060726,0.31647422091
20060727,0.00559141483218
20060728,0.0
20060729,3.27142691494
20060730,0.56149291804
20060731,1.10187060132
20060801,2.9377039328
20060802,0.277193289964
20060803,10.0633975132
20060804,0.322128638105
20060805,7.21945034848
20060806,0.372591507936
20060807,0.148127980623
20060808,0.0319656192563
20060809,0.0321047520767
20060810,1.82387691228
20060811,0.0325863047203
20060812,6.83892375977
20060813,0.175014772391
20060814,0.000957347073164
20060815,10.3552368045
20060816,0.194268825114
20060817,1.31047692395
20060818,0.0231630602151
20060819,0.000726040885603
20060820,0.065509572164
20060821,0.00115718641448
20060822,0.0
20060823,1.68323520876
20060824,1.131582094
20060825,0.0353750715331
20060826,0.000281057996482
20060827,0.247158884506
20060828,0.110488072792
20060829,0.00190641380867
20060830,0.0506428079623
20060831,2.82978642611
20060901,1.73482223552
20060902,0.740856959566
20060903,0.106998541288
20060904,2.8463753993
20060905,1.35298301451
20060906,0.645614005163
20060907,3.92469903179
20060908,2.08421535969
20060909,0.778438869774
20060910,1.27473495724
20060911,0.355043632336
20060912,0.00599818720772
20060913,5.74320747463
20060914,0.50894763662
20060915,0.00733056289319
20060916,15.8077679084
20060917,0.449935399026
20060918,0.900463236775
20060919,0.0746416063566
20060920,1.56460531911
20060921,0.220551141535
20060922,0.0240601682239
20060923,7.67013262465
20060924,18.3797215965
20060925,0.751216421394
20060926,16.1598729148
20060927,5.70590142129
20060928,0.131361823688
20060929,7.33515631328
20060930,2.93784490719
20061001,1.24962854449
20061002,0.313190226181
20061003,2.88663259407
20061004,0.08832959329
20061005,1.16766127817
20061006,2.10728103221
20061007,1.02328731495
20061008,0.381984319896
20061009,1.40234802896
20061010,0.694174876382
20061011,0.882685124603
20061012,7.54282116449
20061013,3.10395074347
20061014,1.65910846928
20061015,0.615359487103
20061016,0.610260673592
20061017,0.0261919491158
20061018,0.00409095155415
20061019,18.4284032399
20061020,1.59801843262
20061021,0.0230032745027
20061022,1.15503923169
20061023,1.73933519435
20061024,0.34469707544
20061025,0.118805342413
20061026,0.274090674234
20061027,0.0840475394748
20061028,0.186979819658
20061029,5.13548367779
20061030,2.27896912717
20061031,0.0456710840906
20061101,0.119016023196
20061102,2.57723841311
20061103,0.641922721551
20061104,1.7096712661
20061105,0.955763954739
20061106,0.018096389885
20061107,4.3029879992e-05
20061108,0.724801591721
20061109,0.0335467319823
20061110,0.000366449671922
20061111,0.0670224333282
20061112,0.00963286369062
20061113,0.528943587773
20061114,0.0658238507533
20061115,0.00606385999665
20061116,0.021122183268
20061117,0.0143905867962
20061118,0.00327668775517
20061119,0.00037814492417
20061120,5.73549519334e-06
20061121,0.0
20061122,0.246048239564
20061123,0.0145906597376
20061124,0.000626486713744
20061125,0.00435289374426
20061126,0.00808977339103
20061127,0.0650170830304
20061128,0.0011462104
20061129,0.0518578622907
20061130,0.000916216586408
20061201,0.00260166650061
20061202,0.00594387322268
20061203,0.198468470908
20061204,0.00724475140716
20061205,6.6079212348e-05
20061206,0.0
20061207,0.0
20061208,0.0
20061209,0.0
20061210,0.00193600184579
20061211,3.42049679923e-05
20061212,0.0
20061213,0.0
20061214,0.0
20061215,0.0
20061216,0.00049653371962
20061217,8.77268057775e-06
20061218,0.0
20061219,0.0
20061220,0.0204284830571
20061221,0.00574729458901
20061222,9.51655145297e-05
20061223,0.0
20061224,0.0
20061225,0.0
20061226,0.0
20061227,0.0
20061228,0.0
20061229,0.0
20061230,0.0
20061231,0.00119991026635
20070101,0.038369341203
20070102,0.133730477135
20070103,0.147568325095
20070104,0.176099487369
20070105,0.0113721057626
20070106,0.000146751555073
20070107,0.0
20070108,0.0
20070109,0.0
20070110,0.0
20070111,0.0
20070112,0.0
20070113,0.0
20070114,0.0
20070115,0.0
20070116,0.0
20070117,0.0
20070118,0.0
20070119,0.0
20070120,0.0
20070121,0.0
20070122,0.0
20070123,0.0
20070124,0.0
20070125,0.0
20070126,0.0
20070127,0.0
20070128,0.0
20070129,0.0118941786043
20070130,0.000210144508203
20070131,0.0
20070201,9.12214694317e-05
20070202,0.261192231466
20070203,0.0658708993501
20070204,0.0679638662107
20070205,0.00289534494324
20070206,0.000345430882793
20070207,0.00562788992907
20070208,0.164936162289
20070209,0.827039773757
20070210,0.133256911918
20070211,0.00412781215293
20070212,0.100558808926
20070213,0.00177602356388
20070214,0.0
20070215,0.0
20070216,0.0
20070217,0.0
20070218,0.0246160554422
20070219,0.000434912638725
20070220,0.00660714747704
20070221,0.0839311465415
20070222,0.00238391078452
20070223,0.0150995125331
20070224,0.210779044078
20070225,0.00371930288204
20070226,0.0
20070227,0.0747465723666
20070228,0.00132061082874
20070301,0.0
20070302,0.000392397748623
20070303,6.93282483816e-06
20070304,0.0
20070305,0.0
20070306,0.0
20070307,0.00350971139097
20070308,0.0536008008378
20070309,0.000945915121623
20070310,0.0
20070311,0.0
20070312,0.132263327542
20070313,0.00233736254507
20070314,9.80371840047e-09
20070315,0.0
20070316,0.913584537013
20070317,3.97720372849
20070318,0.109473662621
20070319,3.18588309739
20070320,0.29957897751
20070321,0.415292077045
20070322,7.53170343309
20070323,0.152312778025
20070324,10.9436079733
20070325,0.333692132621
20070326,0.646367830312
20070327,1.18151458713
20070328,0.426733079442
20070329,0.705639407107
20070330,1.76024183279
20070331,3.21483868023
20070401,0.0768025425041
20070402,0.77571374505
20070403,0.929422464526
20070404,0.0162382100903
20070405,3.64386580815e-06
20070406,0.373184598517
20070407,0.11022354972
20070408,2.673091646
20070409,1.21926291755
20070410,0.598113569187
20070411,0.0418330515574
20070412,0.433598185502
20070413,11.1975060637
20070414,0.786586903301
20070415,0.0105515674039
20070416,0.790066529021
20070417,0.118376935034
20070418,0.00692682196657
20070419,0.540144616077
20070420,0.00954160420642
20070421,1.7384498766
20070422,0.041088229295
20070423,3.1196762685
20070424,0.941105007628
20070425,4.25869417887
20070426,0.0849689722575
20070427,3.53531255628
20070428,0.0714578750087
20070429,1.84365221141
20070430,4.90078969466
20070501,6.32958957766
20070502,0.119202974542
20070503,1.91399684751
20070504,0.0401768679946
20070505,0.341709362043
20070506,1.94295862116
20070507,2.6207218916
20070508,2.26092836457
20070509,15.1426513343
20070510,0.587813247684
20070511,6.54062400333
20070512,1.76868607227
20070513,0.132683319294
20070514,0.469164156735
20070515,3.53348903921
20070516,0.085600519294
20070517,0.990368611392
20070518,0.241600659771
20070519,0.610680978712
20070520,0.551025485314
20070521,1.04379412421
20070522,2.78090570821
20070523,0.689230417357
20070524,4.69115178521
20070525,0.361297004921
20070526,0.303707993949
20070527,4.12042262279
20070528,6.27448248651
20070529,1.74749688936
20070530,0.129726737131
20070531,4.81764430842
20070601,0.0858361631506
20070602,0.115443902459
20070603,15.4075864421
20070604,0.311463150911
20070605,0.14323130326
20070606,0.0703176073151
20070607,9.03226338306
20070608,1.7649570482
20070609,0.236965772158
20070610,0.0102356252198
20070611,0.0403796374476
20070612,1.3920747999
20070613,0.472194342044
20070614,0.884378107247
20070615,2.1032323907
20070616,0.0368859893237
20070617,3.20684371701
20070618,4.27774184862
20070619,0.0783744934341
20070620,0.196774978624
20070621,2.8861274765
20070622,2.82379919825
20070623,0.0500979113481
20070624,0.99946210706
20070625,1.3279647861
20070626,4.78673372485
20070627,0.0986802545276
20070628,0.267009897409
20070629,0.258132472884
20070630,0.00960698922693
20070701,0.604699999797
20070702,1.18664587698
20070703,0.165771784341
20070704,0.721646588246
20070705,2.41393727911
20070706,0.0952404645515
20070707,1.77609051091
20070708,0.0320057989722
20070709,0.00770564560247
20070710,0.000135941558689
20070711,0.0
20070712,0.00357767077586
20070713,1.26471490053
20070714,0.0376025802931
20070715,1.01821998899
20070716,0.752288749151
20070717,1.36691312389
20070718,6.55333713901
20070719,0.229704227253
20070720,0.00337436038553
20070721,0.322092800397
20070722,5.35213078567
20070723,2.03516422473
20070724,1.28960578239
20070725,0.0221910648238
20070726,4.36641258102
20070727,11.9164428475
20070728,3.0935531658
20070729,0.775537925281
20070730,2.91810041641
20070731,0.462829700834
20070801,0.00753673953623
20070802,0.0741023641215
20070803,1.28585084662
20070804,0.0369234162256
20070805,0.0237059975359
20070806,6.98335579641
20070807,0.512825281146
20070808,0.00688222041195
20070809,20.0820484527
20070810,0.459758146017
20070811,0.0356301810474
20070812,1.15498032751
20070813,0.0212113893592
20070814,4.64949159466
20070815,0.632056215885
20070816,0.129768836491
20070817,0.130077649094
20070818,3.85626590698
20070819,0.0680919630041
20070820,0.0
20070821,0.506650771856
20070822,0.65589732173
20070823,0.0127678644386
20070824,1.55558092995
20070825,3.42865131688
20070826,0.385149781647
20070827,0.179832595132
20070828,5.05089003883
20070829,0.465351587502
20070830,0.924414840859
20070831,5.06120489687
20070901,3.34605002901
20070902,2.97023356885
20070903,0.0871218182173
20070904,0.420234549843
20070905,5.69570949607
20070906,1.81131177364
20070907,2.65823773349
20070908,0.953436264218
20070909,0.018380730189
20070910,2.29658215402
20070911,0.325470771064
20070912,0.03496495011
20070913,0.580498246684
20070914,0.0502040503519
20070915,1.33130619868
20070916,1.26636103905
20070917,3.70518946867
20070918,0.613540428383
20070919,4.93061387348
20070920,0.806304661457
20070921,0.0761984632967
20070922,1.57877451058
20070923,2.46746206258
20070924,2.03197340193
20070925,0.265850869527
20070926,0.34241292207
20070927,3.79962288643
20070928,0.0716892971405
20070929,1.79242288984
20070930,1.16540028771
20071001,0.0379395627809
20071002,0.051018899235
20071003,0.416685374867
20071004,0.227312671082
20071005,0.716961341336
20071006,15.8026990829
20071007,1.62004778651
20071008,0.710399700045
20071009,2.42349347766
20071010,0.282055682114
20071011,0.00451531866816
20071012,0.405908611519
20071013,3.69086698817
20071014,4.423905491
20071015,0.0816836129421
20071016,0.0724071702801
20071017,0.646548522095
20071018,0.334945979015
20071019,0.979904920686
20071020,2.27594857869
20071021,3.13629135657
20071022,6.60397794911
20071023,1.00971852397
20071024,1.35466676098
20071025,0.687903916062
20071026,0.418969065006
20071027,6.39931265967
20071028,3.45853511513
20071029,0.607763809792
20071030,1.37972957256
20071031,0.596366867525
20071101,0.0101800904088
20071102,0.0524555618824
20071103,0.824831009125
20071104,0.550566649488
20071105,1.4182909099
20071106,0.0342275250414
20071107,0.0387298520472
20071108,1.47590431423
20071109,0.710766177431
20071110,1.6257158783
20071111,3.70191725417
20071112,0.270234042753
20071113,0.0316638686391
20071114,0.0279050182755
20071115,0.000486101318849
20071116,0.220946033053
20071117,2.66453725398
20071118,12.2495007967
20071119,0.215818802798
20071120,0.00470256978861
20071121,0.282439261249
20071122,0.0239063967153
20071123,0.387762365817
20071124,0.182934196629
20071125,0.77651065387
20071126,0.892121376779
20071127,0.538191832384
20071128,0.0106649679775
20071129,0.00137555805959
20071130,0.0284812464614
20071201,0.00716053711282
20071202,0.0290687894161
20071203,0.452052265366
20071204,0.108734211108
20071205,0.519697362529
20071206,0.00915048053054
20071207,0.562234259576
20071208,0.00993346750388
20071209,0.00536760812729
20071210,0.014353657544
20071211,0.140335915531
20071212,0.00254647812813
20071213,7.33201217674e-06
20071214,0.0752616910946
20071215,0.0013297098371
20071216,0.289685211741
20071217,0.450395308381
20071218,0.00808697471465
20071219,0.213652392264
20071220,0.129254763458
20071221,2.64663735049
20071222,0.0467212109287
20071223,0.0
20071224,0.0
20071225,0.0
20071226,0.0
20071227,0.0
20071228,0.00089316842643
20071229,0.00259551449911
20071230,6.28220263566e-05
20071231,3.04658322982e-07
20080101,0.0
20080102,0.0
20080103,0.0525247725793
20080104,0.00168804138421
20080105,0.190793178584
20080106,0.00337066674957
20080107,0.00174836324065
20080108,0.0225472682446
20080109,0.00135051120331
20080110,0.00532453778651
20080111,0.464127803865
20080112,0.0443511560752
20080113,0.000638739818025
20080114,0.0
20080115,0.0
20080116,0.0
20080117,0.058771254428
20080118,0.0010383614123
20080119,0.0
20080120,40.5383386734
20080121,0.716225047885
20080122,0.0
20080123,0.0
20080124,0.0
20080125,0.0
20080126,0.0
20080127,0.0
20080128,0.0
20080129,0.0
20080130,0.0
20080131,0.0
20080201,0.0
20080202,0.0
20080203,0.0
20080204,0.0
20080205,0.0
20080206,0.0
20080207,0.200102265947
20080208,0.0380135877339
20080209,0.202169507744
20080210,0.00382215538139
20080211,4.6116355739e-06
20080212,0.0
20080213,0.0
20080214,0.0
20080215,0.0247632208363
20080216,0.000437512738526
20080217,0.0
20080218,0.0
20080219,0.0
20080220,2.0732325948e-05
20080221,3.6629552349e-07
20080222,0.0
20080223,0.0
20080224,0.0
20080225,0.0
20080226,0.287174818388
20080227,1.69642022297
20080228,0.0349787591856
20080229,1.18310789958
20080301,0.471380616114
20080302,0.0079589972111
20080303,2.70805970042
20080304,1.47359669117
20080305,6.27083742947
20080306,0.110868608244
20080307,2.73715833913
20080308,0.0695741649544
20080309,0.0143102337253
20080310,0.0117769332397
20080311,0.209350040236
20080312,4.90272137397
20080313,7.55523656998
20080314,0.137091137957
20080315,9.07356236343e-05
20080316,2.19334591513
20080317,1.75747640238
20080318,0.552593098923
20080319,0.284013588868
20080320,2.08407341753
20080321,0.739613813048
20080322,3.71460756132
20080323,4.77242659283
20080324,2.61861682894
20080325,0.0620689494658
20080326,0.812904693936
20080327,0.017483183748
20080328,5.52350115336e-05
20080329,0.0158038547216
20080330,0.598272549108
20080331,0.268852392262
20080401,0.0249855269087
20080402,0.0393191145848
20080403,4.92814234847
20080404,0.144749390726
20080405,0.00139711876319
20080406,0.356175823389
20080407,0.65192519975
20080408,0.755344506684
20080409,0.621323088063
20080410,0.344665291592
20080411,0.0278314727747
20080412,0.595132193186
20080413,0.0392358407253
20080414,0.610327595258
20080415,1.32262909053
20080416,0.114055283284
20080417,18.6359089967
20080418,0.699363132224
20080419,3.28660141433
20080420,2.48296277499
20080421,0.134790352082
20080422,2.78940388261
20080423,0.92497774514
20080424,1.77285593663
20080425,0.304680002634
20080426,2.22589003187
20080427,0.61149313017
20080428,2.8482649355
20080429,0.155470229571
20080430,4.97177630187
20080501,2.20851722077
20080502,19.0553514237
20080503,0.686656362008
20080504,0.115874645017
20080505,0.161406268902
20080506,1.93130839382
20080507,1.23997113064
20080508,0.548678823739
20080509,10.3067429734
20080510,2.40221984468
20080511,0.760961327599
20080512,13.4094391494
20080513,3.58122480935
20080514,0.329975227216
20080515,0.320994675803
20080516,2.94264263321
20080517,2.68393111307
20080518,8.98572211869
20080519,0.924823523507
20080520,3.49810769267
20080521,2.15863776323
20080522,2.07136737026
20080523,0.693601760928
20080524,4.41447533717
20080525,1.02433472091
20080526,0.562748052298
20080527,0.00964707795305
20080528,0.0
20080529,0.288829269906
20080530,0.0968945378813
20080531,1.85899820107
20080601,3.18919189963
20080602,4.8679610362
20080603,0.280750939655
20080604,6.36167888789
20080605,0.440321125169
20080606,0.597739146677
20080607,3.91845940636
20080608,0.239707450466
20080609,0.0808525462087
20080610,0.495166181332
20080611,1.5356456023
20080612,0.0270461388674
20080613,9.68705963238
20080614,0.88847439739
20080615,0.294515912079
20080616,0.00961110951054
20080617,0.721275287393
20080618,3.74968770906
20080619,0.342784700848
20080620,0.00556174924912
20080621,0.0382646356581
20080622,0.0006758438537
20080623,0.0261567946138
20080624,7.51826945697
20080625,2.64883757165
20080626,4.08328151536
20080627,0.0889411817988
20080628,0.505948599315
20080629,15.7866625511
20080630,2.82464387612
20080701,1.29295415181
20080702,0.101581279581
20080703,0.703044791095
20080704,0.147997499733
20080705,2.9745614519
20080706,0.286788195155
20080707,1.26983336762
20080708,0.721249255049
20080709,0.157868304116
20080710,1.28819229142
20080711,0.0250546306525
20080712,3.18294180836
20080713,1.98393904873
20080714,0.0522658086721
20080715,0.128483080757
20080716,10.8252057837
20080717,1.93387277366
20080718,0.104927562974
20080719,2.30474347011
20080720,37.0279032367
20080721,0.871211945498
20080722,0.0136693846427
20080723,8.35731061154
20080724,0.342388938797
20080725,0.00662154179596
20080726,5.62009076918e-05
20080727,8.14131066993
20080728,2.31617868697
20080729,0.0447549080743
20080730,0.128754862451
20080731,4.58590856034
20080801,0.187189715533
20080802,0.00446233723541
20080803,0.293061249965
20080804,1.13948241944
20080805,0.036427259983
20080806,0.000443156914678
20080807,1.60583457714
20080808,1.59116680954
20080809,2.07281008523
20080810,0.0376304291029
20080811,0.000440021179681
20080812,1.0830119692
20080813,6.71290525113
20080814,1.66248394088
20080815,0.0762954358147
20080816,0.117530752904
20080817,0.121068297954
20080818,0.482974094368
20080819,1.64457756403
20080820,3.51207768015
20080821,0.0685890657225
20080822,0.0910298259681
20080823,4.83778363983
20080824,0.643776063152
20080825,0.0471787635016
20080826,4.10254790166
20080827,0.158295829581
20080828,0.00195910943674
20080829,22.9090698511
20080830,2.50873227589
20080831,0.0372442902496
20080901,0.53306810012
20080902,6.10023296453
20080903,1.10027950668
20080904,0.079007533217
20080905,5.91820854425
20080906,0.172170868835
20080907,0.00119720342567
20080908,0.334190788317
20080909,5.84164329699
20080910,0.174746368997
20080911,1.53719894522
20080912,0.0995825201395
20080913,0.162833611271
20080914,2.14363626188
20080915,4.36830899136
20080916,0.438368350323
20080917,0.362141793035
20080918,1.94415288262
20080919,6.08038193164
20080920,4.0289718904
20080921,0.101174726633
20080922,0.304894928931
20080923,0.0187894813668
20080924,5.06364022338
20080925,0.131169068393
20080926,2.50924680957
20080927,2.410753781
20080928,3.13959771952
20080929,0.257871328408
20080930,0.637704211326
20081001,0.405922383894
20081002,3.90925397034
20081003,0.0842146475774
20081004,6.02802080322
20081005,0.246367389268
20081006,8.74694021124
20081007,6.10152888563
20081008,0.504513183035
20081009,0.181926224095
20081010,0.80823430705
20081011,2.37239010935
20081012,7.49562065418
20081013,0.759464364726
20081014,2.91961532569
20081015,0.272056586587
20081016,0.697034566676
20081017,1.4881127459
20081018,0.307801625922
20081019,7.41696829725
20081020,0.235193398943
20081021,0.515849448215
20081022,0.79284134589
20081023,0.0183317515438
20081024,0.0491296882048
20081025,0.00265553923208
20081026,0.000465604419861
20081027,7.66781223727e-06
20081028,0.0151874515671
20081029,0.308113047949
20081030,5.40195051628
20081031,0.762002868339
20081101,5.50763699775
20081102,0.146058012195
20081103,0.0471266794148
20081104,0.00109187705008
20081105,0.314553224552
20081106,0.1324438191
20081107,0.0553410837204
20081108,0.311015576851
20081109,0.00547839970281
20081110,0.0128792106944
20081111,0.271715348706
20081112,0.0129341523984
20081113,0.0206513560861
20081114,0.074853977897
20081115,0.0749605083486
20081116,0.00165217177569
20081117,0.0209312059101
20081118,0.000369699729534
20081119,0.0
20081120,0.000738996756161
20081121,4.26578210795
20081122,0.126231170302
20081123,0.000934668796924
20081124,0.000240413258158
20081125,4.23634447944e-06
20081126,0.190796645679
20081127,0.00353097315109
20081128,2.82699311644e-06
20081129,0.0
20081130,0.0
20081201,0.00913882182838
20081202,0.00101025697959
20081203,0.000235399937304
20081204,0.0155759481224
20081205,0.0347630998215
20081206,0.0585229843603
20081207,0.032665856372
20081208,0.0104925764129
20081209,0.00126753898063
20081210,1.92939027534e-05
20081211,0.0
20081212,0.0166968323321
20081213,0.000598300081842
20081214,0.00469694088465
20081215,0.0116593802231
20081216,1.76296439978
20081217,3.91554779884
20081218,0.596623448361
20081219,0.00932852203584
20081220,8.4867438735e-13
20081221,0.0
20081222,0.0
20081223,0.0
20081224,0.000215775720867
20081225,3.81229167295e-06
20081226,0.0
20081227,0.0
20081228,0.0
20081229,0.00512281554287
20081230,9.05091186224e-05
20081231,0.0
20090101,0.000136050466352
20090102,2.40371907918e-06
20090103,0.828635885829
20090104,0.0198053807007
20090105,9.12574229855e-05
20090106,3.28369726002e-05
20090107,5.80158569425e-07
20090108,0.0
20090109,0.0
20090110,0.096097283697
20090111,0.0274041136457
20090112,0.00045417463791
20090113,0.0
20090114,0.0
20090115,0.00551533726459
20090116,9.74441292501e-05
20090117,0.000763180000383
20090118,0.0135971100053
20090119,0.00023999339896
20090120,0.124380456578
20090121,0.208263429089
20090122,0.0036407401246
20090123,0.0
20090124,0.0
20090125,0.0
20090126,0.0
20090127,0.0
20090129,0.0
20090202,0.237368670815
20090203,0.0
20090204,0.0
20090205,0.0
20090207,0.0606041764994
20090208,0.00860692490265
20090210,0.0857101790954
20090212,0.0
20090214,0.0
20090216,0.179224311378
20090218,0.0
20090219,0.61085212027
20090220,0.270641427275
20090222,0.419837753817
20090223,0.0
20090225,0.0
20090226,0.0
20090227,0.0
20090228,0.0
20090301,0.0
20090303,0.174757463737
20090304,0.0
20090305,0.0
20090307,0.00229915959029
20090309,0.0
20090310,0.0
20090312,2.07645333189
20090313,1.24947865491
20090314,1.47471237031
20090315,0.0802300012424
20090316,0.0120038087856
20090317,8.78032821617
20090318,3.79005923736
20090319,1.26925781611
20090320,0.133243085129
20090321,1.14659143263
20090322,0.069950057422
20090323,0.406316848964
20090324,4.63910271932
20090325,0.331132464155
20090326,10.6676262507
20090327,0.37922910022
20090328,3.42108006145
20090329,0.448252152933
20090330,9.94640509724
20090331,0.177424174961
20090401,0.0163256410703
20090402,2.14294862177
20090403,0.133380813519
20090404,0.279015563742
20090405,0.423410223625
20090406,0.703484609073
20090407,5.81467341835
20090408,1.27431168799
20090409,1.76961432189
20090410,0.153764975388
20090411,0.283156733601
20090412,3.83863298819
20090413,0.511995047343
20090414,7.23551922962
20090415,0.788682160487
20090416,3.39917425356
20090417,2.31574401903
20090418,0.0398567881897
20090419,5.88431097434
20090420,1.10692110846
20090421,0.747762979854
20090422,3.9664272679
20090423,0.282691300713
20090424,7.54061764748
20090425,7.20381078611
20090426,0.16364828814
20090427,0.675430119185
20090428,0.886020285148
20090429,0.194689857516
20090430,6.19952855463
20090501,9.91461908697
20090502,0.339206466287
20090503,0.00618507964629
20090504,1.56362957859
20090505,0.398908022589
20090506,11.5675695855
20090507,1.79078048887
20090508,0.518658077503
20090509,1.78393639496
20090510,1.61806474614
20090511,7.63100814821
20090512,1.37351881709
20090513,0.626911108032
20090514,3.13561207721
20090515,0.724928345044
20090516,0.72019491655
20090517,0.17265294037
20090518,14.8723604801
20090519,0.315654345893
20090520,10.536360078
20090521,1.30229354817
20090522,2.43015976655
20090523,1.17184158912
20090524,0.021191108093
20090525,0.862980839239
20090526,5.04376830436
20090527,4.52769824457
20090528,0.840649773628
20090529,4.53765438325
20090530,0.0850148583472
20090531,0.00273136085356
20090601,1.13604021019
20090602,0.718296245755
20090603,0.0357091863766
20090604,1.8050286043
20090605,14.5624039374
20090606,1.93229545052
20090607,0.523393817889
20090608,0.0418897799582
20090609,4.82959719401
20090610,0.0853182158906
20090611,1.88498782752
20090612,3.3360496753
20090613,1.65773552231
20090614,0.155148898334
20090615,0.709580828059
20090616,4.24632306466
20090617,13.7811117449
20090618,0.242160936084
20090619,0.515793171432
20090620,1.88710415117
20090621,3.44183560388
20090622,0.276380589614
20090623,0.173670399766
20090624,0.136875712007
20090625,0.248282608023
20090626,0.15063311698
20090627,6.30292530294
20090628,0.311382193861
20090629,0.236573161705
20090630,13.7744298627
20090701,0.269473595457
20090702,5.41705380841
20090703,0.132464014207
20090704,2.92084492765
20090705,3.77307542567
20090706,0.257669377903
20090707,0.411556824396
20090708,0.66721365243
20090709,0.840315933259
20090710,8.4794446483
20090711,2.59307798967
20090712,0.77544760182
20090713,0.0129523117243
20090714,0.000457444523759
20090715,1.1576262474
20090716,0.195414919466
20090717,0.0423378820013
20090718,3.41114280184
20090719,0.269275723405
20090720,0.00492329205111
20090721,0.870234137821
20090722,5.28187355982
20090723,0.101352526026
20090724,0.0600473282492
20090725,1.95320034936
20090726,2.29789612107
20090727,0.0399899370327
20090728,2.80114004407
20090729,0.188005070627
20090730,0.00244726113917
20090731,0.403973481071
20090801,1.13788390453
20090802,0.950594803558
20090803,0.163701857547
20090804,0.712093339054
20090805,1.88665561735
20090806,0.0668012373839
20090807,1.70274081269
20090808,0.0666863299289
20090809,0.0378605770009
20090810,0.360593816003
20090811,0.296905290753
20090812,0.00852544650168
20090813,6.10249435139
20090814,1.48618407777
20090815,0.668145494707
20090816,0.0257273548561
20090817,2.9940176065
20090818,0.0625010126913
20090819,1.24409538222
20090820,0.441525097912
20090821,5.41687000257
20090822,2.49334919023
20090823,0.452677410762
20090824,5.5768557366
20090825,0.0984029364
20090826,0.854158825586
20090827,0.0247590390072
20090828,0.101515137069
20090829,3.51924003916
20090830,2.93395176225
20090831,0.0510737929097
20090901,5.92173963278e-06
20090902,6.82707263032
20090903,0.123710977433
20090904,0.00194485858873
20090905,0.105009774428
20090906,4.88972947254
20090907,0.267122077166
20090908,0.393365106461
20090909,0.84754382321
20090910,1.5708211448
20090911,3.10483972263
20090912,0.656529243509
20090913,0.856731301894
20090914,5.11215191928
20090915,0.136049119534
20090916,1.15772732212
20090917,0.972142609462
20090918,0.0170999396699
20090919,0.110199171942
20090920,4.06825373981
20090921,2.78746563036
20090922,0.049166490954
20090923,0.0191801711841
20090924,0.79516921618
20090925,2.85091598578
20090926,0.225069194319
20090927,1.71170621964
20090928,3.17017033805
20090929,1.28697423248
20090930,1.68670100427
20091001,0.071880205014
20091002,1.12245187143
20091003,0.570657130537
20091004,1.52266059057
20091005,1.17554496302
20091006,0.627258619949
20091007,0.314822848502
20091008,0.0985635846237
20091009,3.2945541869
20091010,2.39048817976
20091011,0.177905849245
20091012,0.879753798381
20091013,0.244174282668
20091014,0.879650882712
20091015,4.11265974643
20091016,0.599746539231
20091017,0.0321786767926
20091018,0.5090099544
20091019,2.77118806675
20091020,0.0495937175737
20091021,0.00878115977942
20091022,3.34126117958
20091023,0.760955450927
20091024,2.05659892392
20091025,7.4616899193
20091026,0.808346705391
20091027,2.43439184693
20091028,0.862317988981
20091029,1.12581880561
20091030,0.728295669425
20091031,1.18666853239
20091101,2.01866113383
20091102,0.408512094582
20091103,4.80110273897
20091104,2.61937618297
20091105,0.215259326659
20091106,0.00301196481624
20091107,1.2583768213
20091108,0.485308805754
20091109,2.19041674246
20091110,0.668608179346
20091111,0.737221862473
20091112,2.44091746105
20091113,0.236722743954
20091114,13.1808266724
20091115,1.43819256013
20091116,1.3611703536
20091117,0.0236726855903
20091118,0.00018257653072
20091119,3.22573375335e-06
20091120,0.0
20091121,0.0
20091122,0.00295930868035
20091123,0.0219172584891
20091124,0.0181432523292
20091125,0.0718638757682
20091126,0.00138672780727
20091127,0.000248947817165
20091128,4.36010475048e-06
20091129,0.000298954208273
20091130,5.28187572928e-06
20091201,0.0
20091202,0.0
20091203,0.0
20091204,0.0
20091205,0.184891124081
20091206,0.00805049929491
20091207,8.45207354246e-05
20091208,0.0
20091209,4.84998820447e-08
20091210,0.000208078857838
20091211,0.0923543525389
20091212,0.156563414834
20091213,0.175289158824
20091214,2.7837493647
20091215,0.0592891878991
20091216,0.020753415091
20091217,0.00440852147612
20091218,7.14668632855e-05
20091219,0.0
20091220,0.0
20091221,0.0
20091222,0.591814896738
20091223,0.010456093359
20091224,0.0
20091225,0.0
20091226,0.0
20091227,0.0
20091228,0.0
20091229,0.0
20091230,0.0
20091231,0.271780438559
20100101,0.00480177434776
20100102,0.0
20100103,4.41612574678e-07
20100104,7.8023420471e-09
20100105,0.0
20100106,0.0
20100107,0.0
20100108,0.0
20100109,0.0
20100110,0.00227302872177
20100111,0.0303982393557
20100112,0.000536361794986
20100113,0.0
20100114,0.0
20100115,0.0
20100116,0.0
20100117,0.0
20100118,0.0
20100119,0.0
20100120,0.0
20100121,0.0
20100122,0.0
20100123,0.0
20100124,0.0
20100125,0.0
20100126,0.109540000369
20100127,0.0519757118034
20100128,0.269170419817
20100129,0.18929246259
20100130,0.00326064331591
20100131,0.0
20100201,0.0
20100202,0.00190417324094
20100203,3.36426413488e-05
20100204,0.0
20100205,0.0387714321489
20100206,0.000685007574209
20100207,0.0
20100208,0.0
20100209,0.0
20100210,0.000946087206564
20100211,0.00879867971039
20100212,0.603797742912
20100213,0.0514558770621
20100214,0.0975847064574
20100215,9.37440001736
20100216,0.486975202214
20100217,29.6606646803
20100218,2.77532810807
20100219,0.500824731433
20100220,4.17379787553
20100221,2.50867826769
20100222,2.12715794663
20100223,4.12175555153
20100224,0.547260035788
20100225,0.0231741883372
20100226,0.191038114117
20100227,0.766309100822
20100228,0.625861035622
20100301,0.302822213815
20100302,0.148087529677
20100303,3.67288610489
20100304,0.0929860852999
20100305,0.46615260598
20100306,0.455722912561
20100307,0.681237917677
20100308,3.5836414714
20100309,1.75083876477
20100310,5.31964563962
20100311,0.553250916748
20100312,3.30343220645
20100313,0.789759147506
20100314,0.0131526275453
20100315,0.18557275025
20100316,0.0032785994232
20100317,0.293934320371
20100318,6.70972857862
20100319,1.21724014277
20100320,0.379669457408
20100321,0.103824179038
20100322,0.0161048032638
20100323,0.000254114993176
20100324,0.0
20100325,0.035564216308
20100326,0.046948675757
20100327,0.00353780269987
20100328,1.85870074873
20100329,0.177620268616
20100330,0.0959321804333
20100331,0.307959390229
20100401,0.918799349956
20100402,0.153642428571
20100403,2.9237976526
20100404,0.434845006285
20100405,1.04128730033
20100406,3.38010001891
20100407,0.93515842467
20100408,0.0154728317071
20100409,3.02462997148
20100410,3.23403117932
20100411,6.55873217253
20100412,0.734925894915
20100413,0.342628687082
20100414,6.33910404692
20100415,0.452223834916
20100416,0.372952196362
20100417,0.440230101047
20100418,2.72530932558
20100419,0.0480149438002
20100420,2.34480723668
20100421,3.23446746759
20100422,1.03751996638
20100423,6.61393102415
20100424,8.48272722428
20100425,4.32735155652
20100426,0.87839506138
20100427,0.663160246625
20100428,2.56599517462
20100429,0.0923083380931
20100430,11.5609406999
20100501,0.21235069494
20100502,1.01297360596
20100503,0.289738408091
20100504,0.0425436782961
20100505,1.12749724412
20100506,9.76892765369
20100507,0.356925423551
20100508,22.4124043088
20100509,0.412269596495
20100510,3.35167183436
20100511,0.621556757461
20100512,2.96160891591
20100513,2.53068610433
20100514,0.0721908065626
20100515,0.685319999795
20100516,1.70684279092
20100517,0.0319802182873
20100518,2.06675905021
20100519,0.0365145407792
20100520,0.328047690522
20100521,6.92869385407
20100522,4.79111579076
20100523,0.108521725408
20100524,0.194626042991
20100525,11.521854926
20100526,4.66632325752
20100527,3.66544763374
20100528,0.246335209309
20100529,3.44366046795
20100530,26.4175781997
20100531,3.89456046477
20100601,1.75961360897
20100602,2.08307172543
20100603,0.465670173112
20100604,0.882418722205
20100605,15.7890442879
20100606,0.278685300389
20100607,6.37537933807
20100608,1.28480591122
20100609,0.385868661232
20100610,1.156547488
20100611,4.46639024813
20100612,0.322300815941
20100613,13.0173664855
20100614,1.36417016423
20100615,1.23073727023
20100616,0.813191306962
20100617,8.55838122056
20100618,1.26885104098
20100619,0.288775694711
20100620,0.0359224463058
20100621,1.03162074948
20100622,0.254792581161
20100623,13.7009045887
20100624,3.17904717107
20100625,2.24153166709
20100626,0.161825189659
20100627,1.84513746944
20100628,0.221984846478
20100629,0.227732958369
20100630,0.00396442133639
20100701,4.01357630338
20100702,4.46660285231
20100703,0.964331424273
20100704,1.76954509488
20100705,2.27102407632
20100706,6.95099642506
20100707,0.136751428732
20100708,0.10740945804
20100709,3.72656216639
20100710,13.4431616364
20100711,1.02069169471
20100712,2.2396429767
20100713,0.0537481964456
20100714,2.19770428161
20100715,0.0872315672234
20100716,10.5203222482
20100717,12.6763073829
20100718,0.234932597941
20100719,0.0307196938607
20100720,0.0281507564774
20100721,0.0991179913996
20100722,0.00344477385172
20100723,0.846750588897
20100724,0.988330760818
20100725,0.0891075702348
20100726,0.00822973446181
20100727,0.00212244730699
20100728,0.151081861147
20100729,0.037098788066
20100730,0.00450312666363
20100731,1.44795005286
20100801,0.035743916341
20100802,0.000179557814358
20100803,0.361615804393
20100804,1.03715934407
20100805,0.0236174215008
20100806,9.55111458811e-05
20100807,0.00649840099501
20100808,5.42556330678
20100809,7.25823339361
20100810,0.717437237326
20100811,0.305290741804
20100812,11.9374146002
20100813,0.933868876834
20100814,0.0924039666382
20100815,10.0507335031
20100816,0.188674141051
20100817,2.33488914349
20100818,1.00930636385
20100819,0.0308330728516
20100820,0.669321276594
20100821,13.8804805196
20100822,1.69007616104
20100823,0.122918568341
20100824,0.0062165692633
20100825,1.36194829013
20100826,0.539994907148
20100827,0.339874549033
20100828,0.306949850091
20100829,2.68935185269
20100830,0.100761857901
20100831,1.26900429951
20100901,5.03319616747
20100902,0.338340520064
20100903,0.0617553342922
20100904,9.28683419599
20100905,0.233045370725
20100906,0.104803255928
20100907,0.833280915552
20100908,0.0153124540226
20100909,22.0886491051
20100910,0.453341542019
20100911,0.00239090844592
20100912,0.0209810195694
20100913,1.18353150023
20100914,5.65528610525
20100915,2.97424138127
20100916,0.495908243742
20100917,0.00854053734339
20100918,0.563606090897
20100919,5.37623442422
20100920,0.0981862831225
20100921,9.71754418704
20100922,0.173621461541
20100923,0.0642623119403
20100924,2.12092855687
20100925,1.50497564585
20100926,2.01881093425
20100927,0.279225965781
20100928,7.68783761577
20100929,0.188878908989
20100930,0.00346599901022
20101001,2.20225160458
20101002,3.62204852929
20101003,0.927958677934
20101004,4.47294669553
20101005,0.472161986621
20101006,2.86335688479
20101007,0.288695159525
20101008,2.62927067387
20101009,0.536536325673
20101010,0.219541798728
20101011,2.80851790331
20101012,0.0751979750516
20101013,5.3592717757
20101014,0.435189903923
20101015,5.15600352682
20101016,0.291455370317
20101017,0.820546885882
20101018,2.52063191291
20101019,1.26247656122
20101020,1.46278750803
20101021,8.69509241737
20101022,1.70572810339
20101023,1.27681595231
20101024,0.0272644023367
20101025,0.915759199606
20101026,0.439334530721
20101027,0.35086432384
20101028,0.233779985694
20101029,2.71352981196
20101030,0.0772673342196
20101031,3.46170992713
20101101,5.44882072139
20101102,5.33320008902
20101103,0.608176776324
20101104,0.929898523235
20101105,0.351284953977
20101106,0.167415881877
20101107,1.18969340726
20101108,0.187898689633
20101109,0.110543340797
20101110,0.00543140884271
20101111,0.304709331022
20101112,0.206910899032
20101113,0.123251532408
20101114,0.560312352932
20101115,0.0110129799784
20101116,0.0881841589639
20101117,0.402860360541
20101118,0.548019513422
20101119,0.0641436665217
20101120,0.335511004247
20101121,0.0260045848487
20101122,0.000735404001886
20101123,0.348536271631
20101124,1.45877043372
20101125,0.0265967557556
20101126,5.15191104501e-05
20101127,0.00562526198644
20101128,9.98300347627e-05
20101129,8.0338956145e-09
20101130,0.000204628799764
20101201,3.61535009348e-06
20101202,0.00294972417283
20101203,0.000284690614204
20101204,2.11077738274e-05
20101205,0.02417721366
20101206,0.0910263970638
20101207,0.490604896951
20101208,0.0150799312309
20101209,0.0146982514183
20101210,0.000258571462536
20101211,1.5819340204e-08
20101212,0.0
20101213,0.000592307630323
20101214,0.000286623499755
20101215,4.87912919832e-06
20101216,0.0
20101217,9.09574109627e-05
20101218,1.60702105519e-06
20101219,3.50192108176e-06
20101220,6.18714018986e-08
20101221,0.00180090600494
20101222,0.000292701592764
20101223,4.60924894514e-06
20101224,0.00339926078647
20101225,6.44044474615e-05
20101226,0.4317939672
20101227,0.0153983287492
20101228,0.590047563151
20101229,0.0701057243758
20101230,0.00132338156876
20101231,0.0707875739569
20110101,0.295277779742
20110102,0.0858628871604
20110103,0.263529232268
20110104,0.00463081270174
20110105,0.0
20110106,0.0
20110107,0.0
20110108,0.041154336572
20110109,0.000727108381301
20110110,0.0344296095034
20110111,0.000608296963178
20110112,0.0
20110113,0.0303092879644
20110114,0.00686850202629
20110115,0.000111890509628
20110116,0.0
20110117,0.419544433844
20110118,0.00741244597261
20110119,0.0079450100266
20110120,0.00014037120107
20110121,0.0
20110122,0.0
20110123,0.0
20110124,0.000615728053528
20110125,0.206826961602
20110126,0.129596822569
20110127,0.379645889004
20110128,0.383572745607
20110129,0.0128958977934
20110130,0.00627827900922
20110131,0.0109944292434
20110201,0.0984118717009
20110202,0.0378207982821
20110203,1.19193374288
20110204,2.86293467846
20110205,0.360370298308
20110206,0.00665164263991
20110207,2.07028078812e-05
20110208,0.0
20110209,0.0
20110210,0.0
20110211,0.0700377092558
20110212,0.00123741533797
20110213,7.88114034118
20110214,1.45681052327
20110215,0.0232785825747
20110216,0.120898642377
20110217,0.00213601833052
20110218,0.0212438503115
20110219,0.280755808481
20110220,0.241407930989
20110221,0.00417763612265
20110222,0.000345006664004
20110223,0.148014595966
20110224,1.13868308593
20110225,0.738597590779
20110226,8.43753305614
20110227,3.80229099192
20110228,0.0760065979442
20110301,0.0402023079667
20110302,1.17488593816
20110303,0.10310490436
20110304,4.19755170299
20110305,0.430400640437
20110306,1.25687491907
20110307,4.20320645445
20110308,10.7512016936
20110309,3.28549147203
20110310,0.709495289236
20110311,0.553195555569
20110312,0.132052476059
20110313,4.00398318218
20110314,0.98086921651
20110315,5.49936657392
20110316,3.14817701782
20110317,11.3444915875
20110318,0.983583154586
20110319,4.03881523792
20110320,11.690230642
20110321,0.889521874799
20110322,19.8108893084
20110323,0.91511464464
20110324,0.441984052272
20110325,0.61212446466
20110326,0.010680071044
20110327,0.444455454774
20110328,4.25968093156
20110329,1.03422035151
20110330,9.11070785712
20110331,0.236575093261
20110401,0.0487173395369
20110402,0.0686039822595
20110403,0.214086768209
20110404,0.847055214525
20110405,3.01450480698
20110406,0.407673083545
20110407,0.158068148726
20110408,0.0083537361661
20110409,0.000100207157982
20110410,1.9870938787
20110411,2.1108587691
20110412,1.31230061446
20110413,5.17957465987
20110414,0.319642561939
20110415,0.256441635489
20110416,0.00748887414447
20110417,0.0600988115795
20110418,10.6315606842
20110419,0.331059732526
20110420,1.65970872523
20110421,4.2101520876
20110422,1.89004735255
20110423,1.54249952181
20110424,11.4102725231
20110425,0.950481762927
20110426,3.454455777
20110427,0.581376945707
20110428,1.40405726688
20110429,0.472071603016
20110430,0.163576606333
20110501,1.86127982421
20110502,0.380614716634
20110503,7.78384542143
20110504,3.94648851897
20110505,0.164214101121
20110506,0.0231779990415
20110507,1.67527820497
20110508,0.667411719644
20110509,7.5048764352
20110510,4.64106794943
20110511,0.109623070267
20110512,5.30291444326
20110513,2.92257898138
20110514,3.41587633752
20110515,9.99938471919
20110516,0.22168866958
20110517,0.731586938347
20110518,15.7062844494
20110519,1.70290324556
20110520,0.063820947463
20110521,3.84483635383
20110522,0.435668649057
20110523,3.19234101002
20110524,0.619417206912
20110525,0.508811009874
20110526,0.135517571754
20110527,2.952636581
20110528,0.18901670294
20110529,2.39451025487
20110530,0.160420551947
20110531,0.151342935827
20110601,0.0404731702758
20110602,0.0643195106206
20110603,0.0422399387562
20110604,1.38014850094
20110605,4.22927903761
20110606,8.30776965853
20110607,0.145929979869
20110608,4.03230179281
20110609,0.891626468661
20110610,0.0362759153162
20110611,0.000384831994728
20110612,3.66398986272
20110613,0.328706135306
20110614,0.441820462511
20110615,0.247132980556
20110616,0.711401146251
20110617,1.41402718817
20110618,3.14513255976
20110619,0.19047041251
20110620,3.60620129591
20110621,4.49474304781
20110622,0.545046697587
20110623,0.0665355561512
20110624,9.16511251337
20110625,0.798170165599
20110626,0.296662783209
20110627,0.577065057815
20110628,0.1853505692
20110629,0.0106644297788
20110630,0.406200941235
20110701,5.89355845916
20110702,0.15574744672
20110703,0.124567573317
20110704,13.628023399
20110705,0.987310126784
20110706,0.155770963502
20110707,5.89494254796
20110708,0.110195535496
20110709,0.000107581536026
20110710,3.57704569688
20110711,12.6115045763
20110712,0.407730542141
20110713,0.00818185144807
20110714,5.86767815993
20110715,0.154651260869
20110716,0.468600001375
20110717,0.539877591252
20110718,0.106368078193
20110719,0.495257149432
20110720,0.00871985459134
20110721,1.75650048399
20110722,1.2553962233
20110723,0.352298302404
20110724,0.00614635902966
20110725,5.41414307284e-06
20110726,0.000175601440453
20110727,1.40347217498
20110728,0.0248834276732
20110729,1.53983364744e-06
20110730,1.2064293434
20110731,0.167857596912
20110801,0.00258909166365
20110802,2.67603125446
20110803,0.878981775951
20110804,5.2178317682
20110805,1.22361975524
20110806,0.0258602341663
20110807,0.553518517076
20110808,0.0630126888735
20110809,2.57379956447
20110810,0.0457990670644
20110811,6.27230138301e-06
20110812,4.32458296919e-06
20110813,0.222789564625
20110814,5.22628366039
20110815,0.2838178951
20110816,0.076969935689
20110817,7.95052087348
20110818,0.145407579513
20110819,0.118329359241
20110820,0.784252714159
20110821,0.019796553922
20110822,0.0005241198373
20110823,1.27146010506
20110824,0.108077481437
20110825,0.203874359142
20110826,0.318991296614
20110827,7.42790237619
20110828,1.40605401348
20110829,2.02040110087
20110830,1.56204407095
20110831,11.1424904242
20110901,3.02160924871
20110902,0.0968048254968
20110903,1.37177947719
20110904,0.0586441493488
20110905,0.000682301775394
20110906,0.373813324745
20110907,8.75719792416
20110908,2.42855170331
20110909,1.58745025512
20110910,0.0465850139309
20110911,2.06718861704
20110912,0.0366340924132
20110913,0.540741006497
20110914,5.58257194361
20110915,0.713082323134
20110916,0.0203027721845
20110917,4.27423587362
20110918,3.35028397243
20110919,0.525089990767
20110920,0.00825588402735
20110921,8.30855401225
20110922,2.64447527973
20110923,0.14641449899
20110924,0.539098817141
20110925,12.5064862919
20110926,0.96228315129
20110927,0.182846594167
20110928,13.7265501709
20110929,5.76129364372
20110930,0.430166302407
20111001,3.84614870463
20111002,0.135440897003
20111003,0.00122634812049
20111004,0.411023863469
20111005,2.72266576245
20111006,1.99574585282
20111007,2.33707025856
20111008,1.62467822119
20111009,2.04907191934
20111010,8.05816913205
20111011,2.26106087778
20111012,0.603867943795
20111013,0.842783901809
20111014,2.43479440579
20111015,7.38145032865
20111016,3.4746586659
20111017,0.136942679265
20111018,0.26914420163
20111019,5.7626141116
20111020,1.7908454233
20111021,6.58303610864
20111022,1.60242377558
20111023,7.80113762526
20111024,0.141057696428
20111025,3.68710846256
20111026,1.71551471567
20111027,1.57766027272
20111028,0.290861887534
20111029,0.264705973047
20111030,0.00459453074581
20111031,0.114853988827
20111101,3.53714772566
20111102,0.988340359047
20111103,0.377766599411
20111104,0.00638998998163
20111105,0.0024483012126
20111106,0.150178412936
20111107,0.00805996295421
20111108,0.00751581467903
20111109,0.000131259319688
20111110,8.19557160235e-06
20111111,0.639093193791
20111112,0.0438924671302
20111113,0.13008556111
20111114,0.0278107009295
20111115,0.000556568111883
20111116,1.86642725563e-06
20111117,0.0
20111118,0.00478417725575
20111119,0.469179756837
20111120,0.00911881254114
20111121,0.000185928321922
20111122,1.17391195269
20111123,0.551687415967
20111124,0.369425726313
20111125,0.0162464622121
20111126,0.0195384451638
20111127,0.14158468827
20111128,0.0316897678711
20111129,0.0741693801856
20111130,0.00683183853006
20111201,0.00731855863
20111202,0.000127576755665
20111203,0.0
20111204,2.84680808504e-06
20111205,0.000988370745037
20111206,0.000964628737741
20111207,0.00167110125709
20111208,6.23310443607e-05
20111209,5.84840092786e-07
20111210,0.0
20111211,3.43676372844e-05
20111212,0.000555981018537
20111213,9.81225524119e-06
20111214,0.0
20111215,0.0
20111216,0.0
20111217,0.0
20111218,0.0
20111219,0.0
20111220,0.0
20111221,0.0
20111222,0.20786640133
20111223,0.037774598554
20111224,0.000602509670655
20111225,0.0
20111226,0.0
20111227,0.0
20111228,0.0
20111229,0.0
20111230,0.0
20111231,0.0264197820388
20120101,0.000466780537107
20120102,0.0
20120103,0.0
20120104,0.0
20120105,0.0
20120106,0.0
20120107,0.0
20120108,0.0
20120109,0.0
20120110,0.0
20120111,0.0
20120112,0.0
20120113,0.0
20120114,0.0
20120115,0.0
20120116,0.0
20120117,0.0
20120118,0.0
20120119,0.0
20120120,0.0
20120121,0.000195963338041
20120122,0.00411483064497
20120123,0.121991557811
20120124,0.00249463428174
20120125,6.01748771375e-06
20120126,0.0
20120127,0.0
20120128,0.0
20120129,0.020936714416
20120130,0.000369906659376
20120131,0.00457819766434
20120201,8.08868936525e-05
20120202,0.0
20120203,0.0
20120204,0.0
20120205,0.00517460444712
20120206,0.690754629181
20120207,0.340984717643
20120208,0.0302201444021
20120209,0.00043129457465
20120210,0.0
20120211,0.0
20120212,0.0
20120213,0.0
20120214,0.0289912641964
20120215,0.000512213146424
20120216,0.0
20120217,0.0
20120218,2.84157400708e-06
20120219,0.425616220578
20120220,1.230654255
20120221,0.138071164798
20120222,0.035143740175
20120223,5.58248556151
20120224,0.377260836988
20120225,0.0080869637231
20120226,5.59007766649e-05
20120227,0.0
20120228,0.267723634915
20120229,11.6211480307
20120301,0.543925042043
20120302,2.11941913907
20120303,0.14586720043
20120304,0.353173988494
20120305,0.790490727326
20120306,1.90952855774
20120307,7.26853976665
20120308,1.15773749419
20120309,0.187265571696
20120310,2.39360273712
20120311,1.92795130082
20120312,0.0333165071046
20120313,0.0231569664554
20120314,0.000409133699449
20120315,0.0
20120316,0.000764973114022
20120317,1.35154307276e-05
20120318,0.0202727688507
20120319,0.0826106288252
