20010102,0.0
20010103,0.0
20010104,0.0612937900691
20010105,0.00108292925358
20010106,0.0
20010107,0.00146524563954
20010108,0.0574991575814
20010109,0.00101542879605
20010110,0.0
20010111,0.0110976310523
20010112,0.0147904743338
20010113,0.000345494322699
20010114,0.00025834733924
20010115,4.53708288344e-06
20010116,0.0115403093641
20010117,0.000203892386077
20010118,0.0
20010119,0.0
20010120,0.0
20010121,0.0
20010122,0.0
20010123,0.0
20010124,0.0
20010125,0.0
20010126,0.0
20010127,0.0
20010128,0.0
20010129,0.111903488827
20010130,0.0528602875392
20010131,0.229575108981
20010201,0.335071900175
20010202,0.0183975957789
20010203,0.000221713416949
20010204,0.0
20010205,0.0175420596669
20010206,0.117002470403
20010207,0.132935927639
20010208,0.0122667809287
20010209,0.221871889095
20010210,0.0351683813194
20010211,0.000552146462019
20010212,0.0
20010213,0.0
20010214,0.0
20010215,0.00412109205969
20010216,0.00162984709296
20010217,0.0201025954077
20010218,0.00177401551194
20010219,0.0503953105822
20010220,0.0430150582454
20010221,0.446484685772
20010222,0.136936922295
20010223,0.00241991941549
20010224,2.46781361729e-06
20010225,0.0
20010226,0.0340485036068
20010227,0.027259682253
20010228,0.013371846559
20010301,0.00125559259789
20010302,1.81565771849e-05
20010303,0.0
20010304,0.0
20010305,0.00169963546185
20010306,0.00247693714179
20010307,4.32315925106e-05
20010308,0.0
20010309,0.0
20010310,0.0
20010311,0.0
20010312,0.0
20010313,0.0
20010314,0.0
20010315,0.0
20010316,0.0
20010317,0.0
20010318,0.00741228999273
20010319,0.00420667595874
20010320,7.20091104368e-05
20010321,0.0548602605935
20010322,0.000969262560849
20010323,0.0
20010324,0.0
20010325,1.33992822781e-05
20010326,0.0317081431318
20010327,0.141908122383
20010328,0.0753919532262
20010329,0.00128789116409
20010330,0.000187319709169
20010331,0.000367747459893
20010401,0.00699205136737
20010402,0.000265202724765
20010403,2.50498248053e-06
20010404,0.0179736595227
20010405,0.000317555815048
20010406,0.0
20010407,9.68077381853e-05
20010408,0.0119524468009
20010409,0.2121365126
20010410,0.00374426437918
20010411,0.0
20010412,0.0947052538111
20010413,0.0597669663987
20010414,0.136942691347
20010415,0.0787033308873
20010416,0.136972057355
20010417,0.00252974834415
20010418,2.35980674912e-06
20010419,0.00432607080244
20010420,0.000454627456785
20010421,6.52990531036e-05
20010422,1.03563850637e-06
20010423,0.00557681729591
20010424,9.85303331501e-05
20010425,0.0
20010426,0.0
20010427,0.0404161709534
20010428,0.000714066600927
20010429,0.0107353930742
20010430,0.000189671221792
20010501,0.0300025794914
20010502,0.361746942637
20010503,0.124886988232
20010504,0.0604400282326
20010505,0.925828535978
20010506,0.398321971994
20010507,0.185577385532
20010508,0.118033376393
20010509,0.471933001941
20010510,0.0587496656711
20010511,0.00308088786556
20010512,0.252425948114
20010513,0.382772546646
20010514,0.0262949675398
20010515,0.000346483852373
20010516,0.0558187133208
20010517,0.285929452978
20010518,0.279513237581
20010519,2.34353937391
20010520,0.0473199111363
20010521,0.967228868109
20010522,1.30551620381
20010523,0.0379522412068
20010524,0.440285560019
20010525,1.06087875715
20010526,0.753544410553
20010527,0.0146375364676
20010528,1.25348230749
20010529,0.930799859848
20010530,1.82371517414
20010531,0.0442656786272
20010601,0.000225014360761
20010602,0.149289526572
20010603,0.16796127838
20010604,0.0530224183836
20010605,1.44832961223
20010606,0.65061599419
20010607,0.834717575145
20010608,2.43785853299
20010609,2.19402875329
20010610,0.498871205473
20010611,0.0123066636474
20010612,0.244492312783
20010613,0.31078342702
20010614,7.03994921353
20010615,0.186505975152
20010616,0.105753088599
20010617,0.0112260619167
20010618,0.667463739098
20010619,1.29610820822
20010620,0.144939948291
20010621,1.60184877801
20010622,2.08844998449
20010623,0.0460291745735
20010624,0.698621989702
20010625,2.11266035962
20010626,1.64929495663
20010627,1.553070898
20010628,1.01146531887
20010629,0.615113450639
20010630,0.710099713804
20010701,1.51559953234
20010702,1.05702393976
20010703,14.0409109678
20010704,1.48365338248
20010705,3.40845849231
20010706,4.93875198896
20010707,0.195437136071
20010708,0.00192998556442
20010709,0.912533563662
20010710,3.48975458697
20010711,0.422132333633
20010712,0.0332186059839
20010713,12.4483097305
20010714,1.72021365578
20010715,0.293752412562
20010716,0.31626359896
20010717,2.4185817819
20010718,3.54104427059
20010719,3.19395226455
20010720,5.44890803851
20010721,2.09679664354
20010722,1.26115333569
20010723,1.38083618894
20010724,4.36784016028
20010725,0.562603892635
20010726,4.69447370165
20010727,8.17410734383
20010728,2.95556277284
20010729,5.99998451283
20010730,0.183740720404
20010731,6.17563638634
20010801,0.580762656676
20010802,1.89375534522
20010803,1.62761229079
20010804,0.0688361812209
20010805,5.08608928411
20010806,1.20806180148
20010807,0.0533856092298
20010808,5.02992925043
20010809,0.361780504428
20010810,0.567457765176
20010811,9.8309701932
20010812,0.443925609382
20010813,3.56854572377
20010814,7.04853601362
20010815,3.3514189932
20010816,1.71003195477
20010817,0.316186030015
20010818,0.14594956593
20010819,0.00254166904767
20010820,0.31044996438
20010821,1.2898831152
20010822,1.87995348181
20010823,1.65700276893
20010824,0.175913179222
20010825,16.4285695314
20010826,0.979603628344
20010827,0.171133539523
20010828,4.58031550882
20010829,0.863179978447
20010830,1.01432524438
20010831,0.0188943498176
20010901,3.41232616888
20010902,9.84532728518
20010903,0.847943723476
20010904,2.01013876729
20010905,3.38674205805
20010906,0.198955415619
20010907,6.23099511082
20010908,3.12702817479
20010909,3.79619315151
20010910,1.8156125072
20010911,0.320488408397
20010912,1.97819921802
20010913,0.213750419828
20010914,1.19008486752
20010915,1.89181261346
20010916,11.1660788038
20010917,0.344019401368
20010918,3.24303951312
20010919,5.45090324587
20010920,4.61373045513
20010921,0.355919618758
20010922,1.3589105663
20010923,1.35403323747
20010924,0.070002855383
20010925,2.76296406938
20010926,1.41531323853
20010927,0.0414870417409
20010928,1.01782794984
20010929,2.52607997598
20010930,1.3217783879
20011001,0.44508682154
20011002,1.97279499722
20011003,0.230986975663
20011004,0.780968247941
20011005,1.35221232999
20011006,0.855908910302
20011007,0.107527060925
20011008,0.322375831996
20011009,0.0665266497393
20011010,0.0417912583808
20011011,9.72160545464
20011012,0.831839154786
20011013,0.0471889888619
20011014,0.0637243515893
20011015,0.560586298778
20011016,0.161449310797
20011017,0.199458963145
20011018,0.0193936477099
20011019,0.0683815128218
20011020,0.010660661114
20011021,0.116178587468
20011022,1.01871108828
20011023,0.0554075333578
20011024,0.191338072256
20011025,0.0634944194565
20011026,0.0558861118725
20011027,0.233962600174
20011028,1.00566104232
20011029,0.0176951330014
20011030,0.00183624802141
20011031,0.00214984682547
20011101,0.0369958984501
20011102,0.515280949569
20011103,0.0434760737749
20011104,0.107226962325
20011105,0.00409238273099
20011106,0.0117352009752
20011107,0.000206646256358
20011108,0.0
20011109,0.0
20011110,0.0
20011111,0.144110816954
20011112,0.0256951673121
20011113,0.156912181188
20011114,0.09758590253
20011115,0.252432310255
20011116,0.0366751589682
20011117,0.00374746330798
20011118,0.000349273761969
20011119,5.17896610456e-06
20011120,0.0274875838926
20011121,0.454098089682
20011122,0.176461896924
20011123,0.323152309156
20011124,0.0593086645404
20011125,0.205400676643
20011126,0.115153890335
20011127,0.628117281438
20011128,0.367035386937
20011129,0.225486351012
20011130,0.657863549364
20011201,0.349479461382
20011202,0.373035557253
20011203,0.0124988106223
20011204,0.000106246655888
20011205,0.0435073980621
20011206,0.0745732972155
20011207,0.260158861318
20011208,0.0822536039464
20011209,0.0014412250805
20011210,1.21525017239e-06
20011211,0.583104312223
20011212,0.715867188258
20011213,0.284897460774
20011214,0.159714060401
20011215,0.28014667915
20011216,0.00622606375143
20011217,0.436927566337
20011218,0.186920387327
20011219,0.013943999495
20011220,0.00019042225563
20011221,0.0
20011222,0.00839896215858
20011223,0.08400224123
20011224,0.949045480907
20011225,0.360111884206
20011226,0.00606661600155
20011227,0.0
20011228,0.0
20011229,0.0
20011230,2.45205024715
20011231,0.195973569967
20020101,0.00269701628225
20020102,0.0
20020103,0.863468820918
20020104,0.985077145397
20020105,0.172191808859
20020106,0.048220202203
20020107,1.099029495
20020108,0.019403284803
20020109,0.266026217116
20020110,5.46382978025
20020111,2.67381749611
20020112,0.365077438054
20020113,0.111330271294
20020114,0.00186722030094
20020115,0.0
20020116,0.0
20020117,0.0
20020118,0.0
20020119,0.0
20020120,0.0
20020121,0.31344425851
20020122,0.0162088260891
20020123,0.196260550276
20020124,0.00346416979971
20020125,0.0
20020126,0.0
20020127,0.0
20020128,0.503047344991
20020129,0.00888776207534
20020130,0.0
20020131,0.0
20020201,0.0
20020202,0.0
20020203,0.00417925359722
20020204,0.25792710327
20020205,0.0196913445812
20020206,0.0333125852015
20020207,0.0115538324501
20020208,0.00274734615042
20020209,0.00951256391787
20020210,0.0119558026399
20020211,0.0658454511396
20020212,0.121190018202
20020213,0.00212067747162
20020214,0.0
20020215,0.0
20020216,0.0
20020217,0.0
20020218,0.0062489526803
20020219,0.0157130354682
20020220,0.00232412070221
20020221,0.00304973766877
20020222,0.0275559550462
20020223,0.0120527064758
20020224,0.166873254345
20020225,0.435988242168
20020226,0.030522491223
20020227,0.133773163622
20020228,0.0135663464514
20020301,0.000198056571746
20020302,0.0
20020303,0.000256046923688
20020304,0.00758275219955
20020305,0.00566698512383
20020306,9.77578441953e-05
20020307,0.0
20020308,0.0523840929097
20020309,0.000925513971154
20020310,0.0
20020311,0.0
20020312,0.0
20020313,0.0
20020314,0.0177491174422
20020315,0.000978127403483
20020316,1.17409689277e-05
20020317,0.000264250233036
20020318,0.0025250598139
20020319,4.45298682716e-05
20020320,0.0
20020321,0.0
20020322,0.00532218109764
20020323,0.0273193152032
20020324,0.0136183453311
20020325,0.0675459237181
20020326,0.099085444318
20020327,0.361514218804
20020328,0.314370790764
20020329,0.00544194637272
20020330,0.00480953252474
20020331,0.436440975234
20020401,0.318410660907
20020402,0.0296872479084
20020403,0.0800594041964
20020404,0.00140692370949
20020405,0.0
20020406,0.000331888555499
20020407,0.0119605756672
20020408,0.105860662271
20020409,0.220158766751
20020410,0.0225772611408
20020411,0.000330751072011
20020412,0.0
20020413,0.0
20020414,0.000138339520956
20020415,0.00188122884324
20020416,0.103279133227
20020417,0.0877794602661
20020418,0.0666346613221
20020419,0.00115045964172
20020420,0.0
20020421,0.00199754780391
20020422,0.517665618889
20020423,0.0247569193962
20020424,0.0852920340634
20020425,0.00296391750377
20020426,0.00314144452635
20020427,0.0909169476248
20020428,0.00160533394142
20020429,0.0441346195307
20020430,0.000779763551336
20020501,0.0
20020502,0.0
20020503,0.0
20020504,0.0
20020505,0.35101979312
20020506,0.401109910616
20020507,0.00697717565171
20020508,0.00121649088573
20020509,0.0605326750667
20020510,0.79923121473
20020511,0.0291420840095
20020512,0.000265729333267
20020513,0.000288988163294
20020514,0.0514314174502
20020515,0.000908592205328
20020516,2.27546443067
20020517,1.1235757538
20020518,0.348750232053
20020519,0.201324281226
20020520,0.101590548222
20020521,0.0948398450565
20020522,0.0828286745492
20020523,0.206686085048
20020524,0.703969107867
20020525,1.5691602018
20020526,0.263717430437
20020527,0.0210842502158
20020528,0.000298778900268
20020529,0.409573620197
20020530,0.64465607147
20020531,1.04086180383
20020601,0.474113969889
20020602,0.00805517932076
20020603,0.00105807847722
20020604,1.3286074396
20020605,2.26384991593
20020606,2.76570473176
20020607,2.87451907017
20020608,0.0534934152556
20020609,0.00970333966427
20020610,4.76840282878
20020611,0.292206195228
20020612,1.05276008456
20020613,7.81874134111
20020614,0.39019511674
20020615,0.534830997183
20020616,4.89407249855
20020617,1.46415882814
20020618,4.44574693892
20020619,0.0874246576815
20020620,0.089448157209
20020621,3.36285422127
20020622,0.847316120429
20020623,4.59082712227
20020624,0.0876985564333
20020625,0.481561480343
20020626,1.82579532025
20020627,3.38850415931
20020628,1.40642639329
20020629,0.599273539014
20020630,0.158155379179
20020701,0.522513546096
20020702,5.13043939492
20020703,0.563365311046
20020704,0.0610471573815
20020705,0.617655012844
20020706,1.54932992731
20020707,2.38730085004
20020708,3.5805127545
20020709,0.157221841128
20020710,2.39576981726
20020711,1.5262553928
20020712,0.0935780078732
20020713,2.34757486011
20020714,0.0414625572623
20020715,1.04817256443
20020716,0.167863744857
20020717,2.24395690415
20020718,0.480918579132
20020719,0.0241047568772
20020720,0.222972454205
20020721,2.65132839927
20020722,0.0491283387475
20020723,0.23160999209
20020724,0.136923974749
20020725,0.900472850008
20020726,0.0158679498367
20020727,0.00920710354416
20020728,0.541624320843
20020729,0.891087218465
20020730,3.25748198268
20020731,1.16016227435
20020801,0.480198618473
20020802,1.31017558835
20020803,8.12678672173
20020804,1.09745398857
20020805,9.52708013653
20020806,0.28446197649
20020807,2.79099648668
20020808,1.44497095228
20020809,0.277125359782
20020810,1.98467866056
20020811,17.6983552219
20020812,0.379456153889
20020813,3.92426263784
20020814,5.48690498985
20020815,1.01530442398
20020816,4.46295932062
20020817,0.0785638180009
20020818,1.38967099962
20020819,7.0397758551
20020820,0.173017811974
20020821,2.17673536692
20020822,0.708443875237
20020823,0.0451673836082
20020824,2.19092465976
20020825,0.414728655317
20020826,2.42291193293
20020827,1.44780062851
20020828,0.711077338675
20020829,9.35860058065
20020830,2.44979635476
20020831,3.11872056315
20020901,0.867136501949
20020902,1.22158562369
20020903,3.62243508625
20020904,0.0656000505739
20020905,0.545042419919
20020906,3.31622355844
20020907,0.322975912792
20020908,10.3511703936
20020909,2.2814054789
20020910,0.259555620537
20020911,0.622744981189
20020912,1.39933701442
20020913,0.921450398315
20020914,3.97041901128
20020915,5.52429776076
20020916,0.117020016189
20020917,0.765576376495
20020918,0.918924089283
20020919,0.108353684372
20020920,0.847820506733
20020921,0.575026468513
20020922,1.4716127106
20020923,0.759053877703
20020924,0.0819189951336
20020925,2.06739984048
20020926,1.70588453939
20020927,0.118538388158
20020928,1.8169821981
20020929,0.0750829910066
20020930,0.00507117822527
20021001,1.35986275737
20021002,1.36963814666
20021003,0.0487875401135
20021004,0.0892175613842
20021005,0.581573843192
20021006,0.900867953476
20021007,2.47872429634
20021008,3.90397343718
20021009,1.23773369229
20021010,2.05917483513
20021011,3.14825903723
20021012,1.04779035665
20021013,0.0582521857237
20021014,0.175722503187
20021015,0.091074446452
20021016,0.059395260038
20021017,0.00388696572156
20021018,0.217550736525
20021019,0.567740745404
20021020,0.424628631595
20021021,0.369649679373
20021022,0.0718819705296
20021023,0.0148159475168
20021024,0.115277973673
20021025,0.331496529109
20021026,0.459584740554
20021027,0.640557470212
20021028,0.0639692385237
20021029,0.272284398213
20021030,0.300459538983
20021031,0.0887176550742
20021101,0.0902560479994
20021102,0.0457403610671
20021103,0.180371538486
20021104,0.0032453504502
20021105,1.27849058827e-06
20021106,8.14682023532e-05
20021107,0.0721712062722
20021108,0.072556670123
20021109,0.00350662407098
20021110,3.97037475074e-05
20021111,0.0370766475309
20021112,0.00428563469531
20021113,0.0070296044225
20021114,0.00012306466531
20021115,0.00407661745585
20021116,0.356109732
20021117,0.255221229259
20021118,0.038017622178
20021119,0.0334226858099
20021120,0.0704688692111
20021121,0.089733415477
20021122,0.0297970957662
20021123,0.0104760136421
20021124,0.12456703259
20021125,0.0466120556948
20021126,0.22919328779
20021127,0.00403548725409
20021128,0.168061773819
20021129,0.0250564295799
20021130,0.208180034837
20021201,0.038686122015
20021202,0.181935715638
20021203,0.00693318825575
20021204,0.0559068175954
20021205,0.000986588713564
20021206,0.0341988159179
20021207,0.365653187546
20021208,0.532193930019
20021209,0.720108021349
20021210,0.40723320576
20021211,0.916408250167
20021212,1.370785577
20021213,0.935917037196
20021214,0.0428953438306
20021215,0.000482869847659
20021216,1.71012407107e-07
20021217,0.0839498561685
20021218,0.00243051239795
20021219,1.67367364398e-05
20021220,0.0
20021221,0.0
20021222,0.0
20021223,0.0
20021224,0.0
20021225,0.0
20021226,0.0
20021227,0.00773246566224
20021228,0.000136616003094
20021229,0.0
20021230,0.0
20021231,0.0
20030101,0.0
20030102,0.0
20030103,0.0
20030104,0.0
20030105,0.0
20030106,0.00969390213239
20030107,0.000171270348094
20030108,0.0
20030109,0.0
20030110,0.0799757735723
20030111,0.018926793345
20030112,0.14250303812
20030113,0.0352547795695
20030114,0.285595148969
20030115,0.528392260575
20030116,1.07867509277
20030117,0.166261324675
20030118,0.166160209129
20030119,0.112345616713
20030120,0.0248311239053
20030121,0.0690595978957
20030122,0.245110912101
20030123,0.00888910352342
20030124,8.09178948686e-05
20030125,0.155653167468
20030126,0.0104491823547
20030127,0.157971087237
20030128,0.122449190573
20030129,0.00660100275469
20030130,7.92731132836e-05
20030131,0.0
20030201,0.00278168225636
20030202,0.000511942969342
20030203,8.17662032703e-06
20030204,0.0
20030205,0.0
20030206,0.0
20030207,0.0
20030208,0.00227854297743
20030209,0.00231941426801
20030210,4.02677992128e-05
20030211,0.0325464377724
20030212,0.0653012972647
20030213,0.0222279284677
20030214,0.490063233054
20030215,0.0413369525167
20030216,0.000818973527167
20030217,4.26672973264e-06
20030218,0.0
20030219,0.0
20030220,0.0
20030221,0.0
20030222,0.0
20030223,0.0
20030224,0.015778959769
20030225,0.0878384806313
20030226,0.00945498992626
20030227,0.000139717278515
20030228,0.00288599194939
20030301,5.09892519469e-05
20030302,0.0
20030303,0.0
20030304,0.00249859847722
20030305,0.00217120082601
20030306,9.49621151604e-05
20030307,0.360273699535
20030308,0.204161182119
20030309,0.008400186769
20030310,8.6670653864e-05
20030311,0.0
20030312,0.0
20030313,0.00122317431758
20030314,0.454867661394
20030315,0.0210296571053
20030316,0.000229567262965
20030317,0.0
20030318,0.0
20030319,0.0348030005731
20030320,0.000614894008956
20030321,0.0
20030322,0.0
20030323,0.00888557894427
20030324,0.000156989026412
20030325,0.0841388478903
20030326,0.0644225223352
20030327,0.00111194296093
20030328,0.0
20030329,0.0
20030330,0.0
20030331,0.0
20030401,0.0
20030402,0.0
20030403,0.0
20030404,0.0
20030405,0.0
20030406,0.0
20030407,0.0
20030408,0.0301758492816
20030409,0.000533142196189
20030410,0.000583229071002
20030411,0.0247665557271
20030412,0.000437389534388
20030413,0.00359034285506
20030414,0.644091207385
20030415,0.0129367104317
20030416,2.75287544623e-05
20030417,0.0
20030418,0.0808757075273
20030419,0.106559029743
20030420,0.356539683375
20030421,0.0903966730571
20030422,0.0555380718218
20030423,0.337502814781
20030424,0.271072896077
20030425,0.626556870273
20030426,0.498265284427
20030427,0.0103122432356
20030428,0.00110078163449
20030429,0.00671654409072
20030430,0.178332159907
20030501,0.0163083339104
20030502,0.367246536477
20030503,0.497454388251
20030504,0.239940242845
20030505,0.928486625989
20030506,0.131797814512
20030507,0.0811770309187
20030508,0.0724427750188
20030509,0.0862305435889
20030510,0.346503373474
20030511,0.0217244278636
20030512,0.770678140404
20030513,0.030941012961
20030514,0.050164004256
20030515,0.0183477887264
20030516,0.932756778933
20030517,0.0390217036612
20030518,0.398114146726
20030519,0.798736253834
20030520,0.154979024493
20030521,0.0723524195015
20030522,1.37310325195
20030523,0.289165955207
20030524,0.0183371716222
20030525,0.05987103847
20030526,0.0323653943184
20030527,0.168890237345
20030528,0.00561579710625
20030529,4.66721571906e-05
20030530,0.00398842972371
20030531,1.44183110234
20030601,0.93786319495
20030602,1.15495143058
20030603,0.941416012586
20030604,0.0162773023281
20030605,0.487041187317
20030606,7.48374473634
20030607,0.242727877232
20030608,0.714664134553
20030609,5.97625477299
20030610,0.343266021752
20030611,0.749972692434
20030612,0.875641934207
20030613,0.393078556999
20030614,0.502291744553
20030615,0.395476965984
20030616,0.779559802819
20030617,1.72215078622
20030618,0.217925142775
20030619,0.260816689366
20030620,1.75459268395
20030621,4.14540132033
20030622,0.0755988298284
20030623,3.41097815702
20030624,0.0678540060467
20030625,0.553467942111
20030626,0.730896561306
20030627,0.355772262953
20030628,3.10638126643
20030629,2.97586284614
20030630,7.32309805106
20030701,0.477658036348
20030702,0.0764329809645
20030703,5.04092649372
20030704,2.42364863651
20030705,2.44883538835
20030706,0.0716102080323
20030707,8.15468039189
20030708,0.794544232144
20030709,0.315289967901
20030710,1.05820533888
20030711,1.70899717698
20030712,7.81063022371
20030713,0.155794957882
20030714,1.48798471202
20030715,12.0284987211
20030716,0.430115189451
20030717,0.992429605321
20030718,2.57339087388
20030719,1.54895669422
20030720,2.58975279448
20030721,4.82046100505
20030722,2.6201742852
20030723,2.43542325405
20030724,0.410207598482
20030725,7.89594716933
20030726,1.84421292897
20030727,0.876877471122
20030728,2.37342231906
20030729,0.440010304649
20030730,0.277369638899
20030731,5.46878264799
20030801,0.104796545759
20030802,0.0114117426866
20030803,0.731727829474
20030804,2.8713067949
20030805,1.78194471867
20030806,1.9020945394
20030807,0.0673031419315
20030808,12.8775936165
20030809,23.0827240572
20030810,3.6042050381
20030811,2.31386566111
20030812,0.816749289366
20030813,2.49912149904
20030814,5.8582231439
20030815,0.344836214902
20030816,6.70899224102
20030817,0.990391333614
20030818,7.61360577755
20030819,1.62123386336
20030820,0.735550333133
20030821,0.945749359087
20030822,6.36638901241
20030823,1.73645424892
20030824,0.933099632127
20030825,10.1713060538
20030826,0.457360995308
20030827,0.125973800468
20030828,1.06303850374
20030829,2.01791602148
20030830,0.108581387893
20030831,3.73996621215
20030901,3.22593375811
20030902,0.103587929542
20030903,2.95674780705
20030904,2.63862458274
20030905,0.543932453609
20030906,0.110017723709
20030907,4.78504067837
20030908,3.93368622958
20030909,2.17392705199
20030910,2.0708642165
20030911,0.713211403861
20030912,0.370221835742
20030913,2.11299977912
20030914,0.124520214435
20030915,0.58665601769
20030916,1.7904479358
20030917,5.0479338534
20030918,1.38726313419
20030919,2.26757912828
20030920,2.48529866598
20030921,2.92425165312
20030922,4.96970042332
20030923,0.473903335619
20030924,10.026201763
20030925,0.559279290506
20030926,0.0139853616524
20030927,0.863212834067
20030928,0.467525098721
20030929,5.25571906358
20030930,1.0645954449
20031001,3.97719758603
20031002,0.338612794615
20031003,0.0636699836655
20031004,0.206570135524
20031005,0.306176977405
20031006,9.44442038343
20031007,2.20078255286
20031008,1.44497668732
20031009,0.525433559818
20031010,0.201692614254
20031011,0.0947249491763
20031012,0.277549419562
20031013,0.234082119624
20031014,0.0123248599883
20031015,0.0135471655436
20031016,0.303762503346
20031017,0.5713959267
20031018,0.918599027258
20031019,1.02578437331
20031020,3.91549220052
20031021,5.71048137795
20031022,2.14903950454
20031023,0.603180982724
20031024,0.172176733919
20031025,0.097655829976
20031026,0.130876927887
20031027,0.132782311084
20031028,1.53011440869
20031029,0.820645035104
20031030,0.0190417689294
20031031,0.0757289327449
20031101,0.103837487099
20031102,0.139878744133
20031103,0.70208211526
20031104,0.210676708736
20031105,0.00617856361001
20031106,0.000393632915657
20031107,0.000102734190542
20031108,0.887935784845
20031109,3.78058125201
20031110,0.260472426716
20031111,0.0945278749067
20031112,0.25659958851
20031113,0.0745390786233
20031114,0.0176128802855
20031115,0.00246522555752
20031116,3.84435513881e-05
20031117,0.164527075935
20031118,0.0362155089681
20031119,0.0104127185217
20031120,0.259684829861
20031121,3.27588096317
20031122,0.0782984411125
20031123,0.00260525703356
20031124,0.121312185248
20031125,0.0164520051364
20031126,0.0441706186201
20031127,0.648020710996
20031128,0.0372570962192
20031129,0.0215675736621
20031130,0.0252684445483
20031201,0.125374919376
20031202,0.312785505438
20031203,0.0652186908726
20031204,0.277305178559
20031205,0.18815815261
20031206,0.505964686874
20031207,0.209164009254
20031208,0.210326163375
20031209,0.0324046820536
20031210,0.000507971587769
20031211,0.00601048138264
20031212,0.000106192248473
20031213,0.0
20031214,0.0
20031215,0.0
20031216,0.103833302759
20031217,0.00522906578579
20031218,0.00368568145368
20031219,6.40584240177e-05
20031220,0.0
20031221,0.0228667008532
20031222,0.015528717463
20031223,0.0507187248133
20031224,0.226242887923
20031225,0.316682762087
20031226,0.113875701593
20031227,0.0019143275932
20031228,0.00630731992715
20031229,0.0411491897215
20031230,0.000796175915894
20031231,0.040483918142
20040101,0.611437259811
20040102,0.0668922517943
20040103,0.000991203291517
20040104,0.0
20040105,0.152389584331
20040106,0.200579833758
20040107,0.00349624443738
20040108,0.51115447321
20040109,3.29265919173
20040110,2.057990652
20040111,0.395799574559
20040112,0.0465296349595
20040113,0.345594056825
20040114,0.261631582764
20040115,0.933105698207
20040116,0.0500889210863
20040117,0.012792525452
20040118,0.000215502193922
20040119,0.0
20040120,0.0400593191132
20040121,0.000707761785942
20040122,0.17324017521
20040123,0.502380078113
20040124,0.0505977018551
20040125,0.00502209311177
20040126,0.00179580980815
20040127,0.502364970077
20040128,0.00887516900481
20040129,0.0
20040130,0.0
20040131,0.0
20040201,0.0
20040202,0.0
20040203,0.0267442949195
20040204,0.00868500945152
20040205,0.000145097089958
20040206,0.0
20040207,0.0
20040208,0.0
20040209,0.0
20040210,0.0480330009613
20040211,0.222140593116
20040212,0.0407009198739
20040213,0.147676658464
20040214,0.048359746587
20040215,0.745355054779
20040216,0.150398444778
20040217,0.00242480405379
20040218,0.0739925823539
20040219,0.036725516026
20040220,0.000625763719593
20040221,0.0303439096908
20040222,0.0125913778737
20040223,0.00021299058209
20040224,0.242131905018
20040225,0.00758743983546
20040226,5.84715722987e-05
20040227,0.00101594461251
20040228,1.79495533498e-05
20040229,0.0
20040301,0.00935309450194
20040302,0.000165249008266
20040303,0.0
20040304,0.0
20040305,0.0
20040306,0.0
20040307,0.0
20040308,0.0
20040309,0.0
20040310,0.0
20040311,0.0
20040312,0.0
20040313,0.0
20040314,0.0
20040315,0.0
20040316,0.119224152248
20040317,0.0654307244367
20040318,0.00111880366781
20040319,0.00274989196276
20040320,4.85846759489e-05
20040321,0.00300919202475
20040322,0.255207714332
20040323,0.120419990588
20040324,0.0372802178997
20040325,0.248666531753
20040326,0.0335500115017
20040327,0.00379880116774
20040328,0.0197569146696
20040329,0.00172826260455
20040330,0.0023261111513
20040331,0.0416894898908
20040401,0.855051598757
20040402,0.241195420257
20040403,0.69390708975
20040404,0.456196911002
20040405,0.0087772754729
20040406,1.64773440191e-05
20040407,0.0
20040408,0.0
20040409,0.0909039454874
20040410,0.0662040515667
20040411,0.202957413867
20040412,0.441115869407
20040413,1.04446549567
20040414,0.509455629091
20040415,0.465557362028
20040416,0.0148412083824
20040417,0.470296275129
20040418,0.182604304056
20040419,0.241908034172
20040420,0.00422223749492
20040421,4.68427343849e-08
20040422,0.285218885586
20040423,1.16286057915
20040424,0.0717779355315
20040425,0.0564355622807
20040426,0.578412767887
20040427,0.347312791558
20040428,0.0610196149811
20040429,0.114190055989
20040430,0.0488462880894
20040501,0.17489364144
20040502,0.357361830118
20040503,0.036947339339
20040504,0.0799081274976
20040505,0.0300106458863
20040506,0.0908250382035
20040507,0.00686120201288
20040508,0.00329872983687
20040509,0.00373715427628
20040510,0.0170495011515
20040511,0.00704156964451
20040512,0.000281675927282
20040513,0.0207943390874
20040514,0.0288468277061
20040515,0.173471106012
20040516,0.0907744795537
20040517,0.0212481697505
20040518,0.00326389294972
20040519,0.013616877466
20040520,0.00690047340956
20040521,0.00260301852911
20040522,0.0117661322418
20040523,0.0534250135451
20040524,0.484884450423
20040525,0.211225616782
20040526,0.693422622799
20040527,0.0268469543593
20040528,4.08049960208
20040529,1.56219236657
20040530,0.275903558318
20040531,0.0107805929337
20040601,0.000112563810993
20040602,2.55309892859
20040603,0.790788027522
20040604,0.142988752274
20040605,0.0549247173894
20040606,0.0991977909362
20040607,6.54885211961
20040608,0.331076893525
20040609,0.633188713321
20040610,4.77576065507
20040611,0.175264998923
20040612,0.00525109083418
20040613,0.801898846782
20040614,0.142920424008
20040615,1.30359275443
20040616,0.0317396612471
20040617,0.0139650428229
20040618,0.264426584767
20040619,0.19060027843
20040620,1.87844693776
20040621,0.0386898914619
20040622,3.33661896708
20040623,0.059515008964
20040624,7.01250162173e-05
20040625,0.672136342975
20040626,4.07492341259
20040627,5.68873349348
20040628,0.224007209617
20040629,4.40087545851
20040630,0.352447721147
20040701,2.30138651668
20040702,4.09738733983
20040703,3.32519930084
20040704,1.18842546272
20040705,0.0779118844425
20040706,2.91060101776
20040707,3.83616598712
20040708,0.0790048574616
20040709,0.124194157568
20040710,3.44401231079
20040711,1.220468418
20040712,1.36611824236
20040713,1.01489049369
20040714,0.373262835253
20040715,7.47488562256
20040716,0.144226760033
20040717,0.00044303476617
20040718,1.47272301028
20040719,1.29912609624
20040720,0.0372702052279
20040721,4.29886394379
20040722,0.565343461573
20040723,1.78353226208
20040724,1.63745564861
20040725,10.2561678895
20040726,3.15409068116
20040727,0.22764806953
20040728,1.11445642023
20040729,1.56454208579
20040730,1.4743867347
20040731,1.37621837667
20040801,5.59260855024
20040802,5.23048369
20040803,4.22630267819
20040804,0.387118178115
20040805,0.45046957487
20040806,0.00845972120069
20040807,0.342906466196
20040808,3.25059649566
20040809,0.519205424304
20040810,0.0475318867985
20040811,0.0801443444219
20040812,1.00892065963
20040813,4.61211485623
20040814,0.92779783038
20040815,0.323629370631
20040816,2.38328914503
20040817,4.11515036806
20040818,4.96193277441
20040819,0.454589367365
20040820,4.61340027982
20040821,4.38335388029
20040822,0.193878214622
20040823,0.741626710339
20040824,1.62595714446
20040825,8.4715947184
20040826,0.343954081201
20040827,6.72600661871
20040828,4.2320085223
20040829,2.80625084838
20040830,2.90847176585
20040831,0.785252311715
20040901,4.2659972623
20040902,0.144983717651
20040903,2.83102361469
20040904,2.2018717474
20040905,0.703586076752
20040906,0.376770397154
20040907,0.0547694985085
20040908,1.92171019972
20040909,5.21018700093
20040910,1.61679828682
20040911,2.68221869501
20040912,0.268774712938
20040913,2.65181985824
20040914,0.962433668492
20040915,7.15726362582
20040916,3.72989933243
20040917,3.62596540254
20040918,0.193402108925
20040919,0.0023050181992
20040920,0.531619361192
20040921,11.1952750688
20040922,0.894722644518
20040923,0.379656844496
20040924,2.12615935427
20040925,1.37552367232
20040926,0.223094094667
20040927,4.18964448618
20040928,0.471558039645
20040929,0.47509462553
20040930,0.0391821346797
20041001,0.000645910915243
20041002,0.096899030521
20041003,2.65993999509
20041004,0.122604635547
20041005,0.18754242442
20041006,0.114181449739
20041007,0.837657620537
20041008,1.18620362954
20041009,0.394967656562
20041010,0.250889747876
20041011,0.25211048386
20041012,0.695817147705
20041013,1.66445540756
20041014,2.78852567442
20041015,0.164004115678
20041016,1.32331121918
20041017,1.39590788757
20041018,0.589431312467
20041019,0.0844895032193
20041020,0.369960413152
20041021,0.00655175087615
20041022,0.0484662210079
20041023,0.66078824274
20041024,10.2136053
20041025,0.419893460978
20041026,0.0241433814078
20041027,0.00775333288614
20041028,0.0479200715083
20041029,0.270769918034
20041030,0.180005284618
20041031,0.285995868022
20041101,0.0523156325389
20041102,0.185356306252
20041103,0.0269576025049
20041104,1.06311006076
20041105,0.181844707119
20041106,0.0436261790833
20041107,0.542241817285
20041108,1.40246946642
20041109,0.161590436049
20041110,0.127286589848
20041111,0.145471859293
20041112,0.782491036068
20041113,0.111578549383
20041114,0.0675984242906
20041115,0.204373706459
20041116,0.836875391298
20041117,0.0822426187246
20041118,0.13117900333
20041119,0.0502899954361
20041120,0.23519359678
20041121,0.00414038252038
20041122,0.0
20041123,0.0
20041124,0.0
20041125,0.0
20041126,0.0
20041127,0.0
20041128,0.0
20041129,0.0
20041130,0.000399834652778
20041201,0.0382368816041
20041202,0.0909751487782
20041203,0.00976469195564
20041204,0.0944613673869
20041205,0.0421884306103
20041206,0.000715937278792
20041207,0.000717932661949
20041208,0.000201114516842
20041209,0.0772757037308
20041210,0.00953269828172
20041211,0.000144301446196
20041212,0.0675621732848
20041213,0.129630618491
20041214,0.142743188783
20041215,0.44490601425
20041216,0.160862467865
20041217,0.329436864221
20041218,0.350952202973
20041219,0.0147905728177
20041220,0.150081531363
20041221,0.00754936860696
20041222,8.65806339171e-05
20041223,0.0
20041224,0.0
20041225,0.0
20041226,0.00481620600017
20041227,0.00572832496014
20041228,9.9703755099e-05
20041229,0.0
20041230,0.0
20041231,0.0
20050101,0.0380392084535
20050102,0.000672070781795
20050103,0.0
20050104,0.0264786583845
20050105,0.0485951924529
20050106,0.0715978410421
20050107,0.00295956962102
20050108,0.0507093050478
20050109,0.0206184044847
20050110,0.00239119538213
20050111,0.098953444277
20050112,1.00496855981
20050113,0.830082426472
20050114,0.0143526087533
20050115,0.0
20050116,0.0
20050117,0.260206032931
20050118,0.262387485864
20050119,0.556795967987
20050120,0.0336543693583
20050121,0.494034375776
20050122,1.26907619749
20050123,0.0222677586435
20050124,0.0
20050125,0.0
20050126,0.0
20050127,0.0
20050128,0.0
20050129,0.0
20050130,0.0
20050131,0.0
20050201,0.0106521951053
20050202,0.000188201339143
20050203,0.0
20050204,0.0
20050205,0.00109698528747
20050206,1.93813559119e-05
20050207,5.0634337909
20050208,0.0894599565075
20050209,0.0
20050210,0.0
20050211,0.019923382494
20050212,0.365213650792
20050213,0.362743931072
20050214,0.669540763151
20050215,1.63001440435
20050216,0.159050619031
20050217,0.00230492599292
20050218,0.0
20050219,0.0888507929131
20050220,0.268078690794
20050221,1.21308838569
20050222,0.561487487997
20050223,0.0364170712262
20050224,0.505726714355
20050225,0.481182330977
20050226,0.0633281773061
20050227,1.74747042444
20050228,4.61610529916
20050301,0.612532245901
20050302,2.05016569068
20050303,1.30704057058
20050304,0.87583495139
20050305,2.43119436594
20050306,0.0677737126826
20050307,0.156262815696
20050308,0.010596562956
20050309,0.000138578910705
20050310,0.00248428440998
20050311,0.0324436208481
20050312,0.000572433367026
20050313,0.0
20050314,0.00423248680544
20050315,7.47789190234e-05
20050316,0.0
20050317,0.0
20050318,0.0
20050319,0.0
20050320,0.000502193651728
20050321,0.00554384240098
20050322,9.77909758701e-05
20050323,0.0
20050324,0.0
20050325,0.0
20050326,0.0
20050327,0.0
20050328,0.0
20050329,0.0655886620621
20050330,0.0189751375517
20050331,0.00031477609612
20050401,0.0294485144285
20050402,0.000521581802418
20050403,0.000379252955635
20050404,9.31801432365e-05
20050405,0.0105082531888
20050406,0.000185631190642
20050407,0.027813923566
20050408,0.220535141508
20050409,0.00388769839291
20050410,0.0
20050411,0.0
20050412,0.125169522826
20050413,0.0680232191063
20050414,0.458912900847
20050415,0.265822076391
20050416,0.386164197411
20050417,0.491940105614
20050418,0.526549618965
20050419,0.0710778294268
20050420,0.166212423636
20050421,0.22458172555
20050422,0.275522794288
20050423,0.110527959955
20050424,0.0214100870964
20050425,0.00240938346316
20050426,0.32220090521
20050427,0.192415761187
20050428,0.0942074549049
20050429,0.00206200543644
20050430,0.0520103260348
20050501,0.00760426150134
20050502,0.0130268201659
20050503,0.113555181797
20050504,0.00231728393811
20050505,3.43473895024e-05
20050506,0.000128880113208
20050507,0.0538505134579
20050508,0.118255833248
20050509,5.14253937918
20050510,4.03162484618
20050511,2.38676115076
20050512,2.83810851847
20050513,1.46198202523
20050514,0.0668568058276
20050515,0.0411857629219
20050516,7.10473127282
20050517,0.644958714097
20050518,0.494614563747
20050519,1.47296497429
20050520,0.353992916335
20050521,0.251873838693
20050522,0.486987155273
20050523,0.0147786909251
20050524,2.05864895199
20050525,0.196443077751
20050526,0.138685566926
20050527,0.136195485899
20050528,0.024971484234
20050529,0.14804778274
20050530,0.0370131939575
20050531,0.191239835531
20050601,0.238181934356
20050602,0.923878857117
20050603,3.58045423034
20050604,1.05882707687
20050605,5.43943509623
20050606,4.00088469009
20050607,7.66155151971
20050608,0.161414248349
20050609,0.2984513731
20050610,0.00526603137752
20050611,12.0346527577
20050612,2.20919767448
20050613,2.29519926314
20050614,1.71838417941
20050615,2.90671443563
20050616,4.06675915098
20050617,2.48686817834
20050618,0.0598107480565
20050619,0.107307798146
20050620,5.37754546621
20050621,0.6775923073
20050622,1.06536251214
20050623,0.0932634388921
20050624,4.26847724415
20050625,2.69191075293
20050626,1.78610263747
20050627,0.206770999517
20050628,15.6365937803
20050629,0.285066073422
20050630,0.538505885818
20050701,2.01805428562
20050702,0.0367070119808
20050703,1.50551748719
20050704,6.75536126501
20050705,0.688570058178
20050706,11.8426514111
20050707,0.328208542807
20050708,0.309209850959
20050709,0.424683653455
20050710,10.4582087184
20050711,4.79257428184
20050712,2.38344470932
20050713,4.93969583379
20050714,0.0930898064789
20050715,4.9317248286
20050716,1.54857651108
20050717,0.0259924975695
20050718,0.050493426994
20050719,0.351428397066
20050720,3.28002322048
20050721,0.552332678144
20050722,6.12795821692
20050723,0.156415563564
20050724,1.34432590009
20050725,5.85018040518
20050726,0.659635631588
20050727,0.168021244982
20050728,0.226740223165
20050729,0.0202850436865
20050730,0.208504492716
20050731,1.2359474047
20050801,23.4043571882
20050802,1.33172136115
20050803,0.380502743274
20050804,1.52978858874
20050805,0.414505899227
20050806,3.04255378086
20050807,0.267902386472
20050808,0.0320945134721
20050809,0.118655891733
20050810,5.86154125189
20050811,2.65847012247
20050812,2.54701921569
20050813,1.69336972586
20050814,0.0718872376546
20050815,0.874372022482
20050816,11.9236501522
20050817,3.74072776368
20050818,5.29235027384
20050819,6.97291445349
20050820,1.17381280627
20050821,0.18329259129
20050822,2.1883701258
20050823,1.19883562357
20050824,1.62952456498
20050825,0.263541621332
20050826,0.00642327673903
20050827,6.03672296062
20050828,1.33459737908
20050829,1.64625948426
20050830,3.83823597928
20050831,0.490391646679
20050901,3.82589597357
20050902,0.252039852381
20050903,8.1675623286
20050904,1.56500078357
20050905,3.06752916624
20050906,0.470720191687
20050907,2.83880851782
20050908,0.873829279723
20050909,0.314962758152
20050910,11.838613869
20050911,0.562878080623
20050912,0.00708816279676
20050913,0.76256577205
20050914,2.90881927904
20050915,0.32980940169
20050916,1.47217305758
20050917,0.0958759207608
20050918,2.97840918031
20050919,4.02453439753
20050920,0.292839059451
20050921,0.0180960816377
20050922,4.31630600072
20050923,2.96732560343
20050924,0.951326757576
20050925,3.46132530431
20050926,2.77964198437
20050927,8.84582335581
20050928,4.26469430094
20050929,7.92036819437
20050930,0.715620425458
20051001,0.0242557487383
20051002,0.0595604193328
20051003,0.0922056639357
20051004,0.0830032969757
20051005,0.912679195209
20051006,2.44549144102
20051007,0.503676511151
20051008,0.247987578415
20051009,0.821357369545
20051010,2.54965688621
20051011,1.0978960192
20051012,0.76071967578
20051013,1.06328837264
20051014,0.282223973327
20051015,0.0974640679219
20051016,0.806142091013
20051017,0.606643050789
20051018,0.652006248729
20051019,1.42224319591
20051020,0.882287791957
20051021,0.909039763583
20051022,0.194258143626
20051023,0.553975990558
20051024,3.04928756177
20051025,3.04305786806
20051026,0.282073674408
20051027,0.0632316231966
20051028,0.0879655048418
20051029,0.113163145308
20051030,1.19610819416
20051031,0.178952216519
20051101,0.0301968404003
20051102,0.378308968356
20051103,0.332688177271
20051104,0.00706985321647
20051105,0.00732069109328
20051106,0.0753981064257
20051107,0.0105271069088
20051108,0.021362120751
20051109,0.00054250411292
20051110,0.0485504518908
20051111,0.0113001460835
20051112,0.0618492168748
20051113,0.145566917137
20051114,0.931392511276
20051115,0.143571888505
20051116,0.180819427679
20051117,0.534182953717
20051118,0.00938211927084
20051119,0.0008000224398
20051120,0.0919673928785
20051121,0.309813583271
20051122,0.00624815725213
20051123,0.0787438371538
20051124,0.0332758677611
20051125,0.0420241929371
20051126,0.188206722325
20051127,0.201666317476
20051128,0.25811838256
20051129,0.202100638622
20051130,0.00349120411562
20051201,0.0
20051202,0.0
20051203,0.0
20051204,0.0804064956583
20051205,0.022238778805
20051206,0.000367812203895
20051207,0.0
20051208,0.0
20051209,0.0
20051210,0.168806007872
20051211,0.789551518928
20051212,0.0723515680919
20051213,0.012547174281
20051214,0.0507733629974
20051215,0.37762535366
20051216,0.136759241679
20051217,0.00328533283727
20051218,0.00545409703766
20051219,0.0419157190934
20051220,0.000738863285082
20051221,0.00997158137601
20051222,0.025746936617
20051223,0.131568957541
20051224,0.808583730631
20051225,0.24005217227
20051226,0.107779529914
20051227,0.0303573679973
20051228,0.183652573322
20051229,0.103018883182
20051230,0.0837955932529
20051231,0.122183683094
20060101,0.0132124957176
20060102,0.000195748746151
20060103,0.00463485313048
20060104,8.18878666459e-05
20060105,0.00112825980265
20060106,0.187215727614
20060107,0.0957047430062
20060108,0.0581522815962
20060109,0.0277445890593
20060110,0.0748127662885
20060111,0.397191309395
20060112,0.459475697265
20060113,0.0615163462939
20060114,0.0591660223736
20060115,0.0210424164236
20060116,0.00133646421823
20060117,0.176056149504
20060118,1.64566550164
20060119,0.720415810492
20060120,0.063684137048
20060121,0.00107145208227
20060122,0.316848712198
20060123,0.00872029774912
20060124,1.89995843209
20060125,0.107152937742
20060126,0.337773624832
20060127,0.00594476176125
20060128,1.31111000748
20060129,0.119795585833
20060130,0.00170726326396
20060131,0.00103257560933
20060201,1.82433889407e-05
20060202,0.0258356893785
20060203,0.236017215662
20060204,0.00451628770638
20060205,0.0108962712288
20060206,0.0760047971245
20060207,0.00133944160566
20060208,0.00294855044975
20060209,0.412275795188
20060210,0.569215777481
20060211,3.02898346211
20060212,0.656495911347
20060213,1.13502887992
20060214,0.030320461888
20060215,0.0622709873371
20060216,0.0439642022055
20060217,0.351925764931
20060218,0.00629140343208
20060219,0.0051394668939
20060220,9.07761197903e-05
20060221,6.33083763833e-05
20060222,1.1185230756e-06
20060223,0.0
20060224,0.0
20060225,0.0
20060226,0.0
20060227,0.0
20060228,0.0
20060301,0.0185189879463
20060302,0.118896312966
20060303,0.0223781948573
20060304,0.00725656403274
20060305,0.000121876351112
20060306,0.0125949816865
20060307,0.0516070685137
20060308,0.686521835043
20060309,0.0730909214495
20060310,0.0407359533122
20060311,0.00254213737064
20060312,3.25345478258e-05
20060313,0.0
20060314,0.0
20060315,0.000371958211285
20060316,0.000200773599759
20060317,0.101477578852
20060318,0.517204589882
20060319,0.00997457436617
20060320,1.53420438416e-05
20060321,0.0
20060322,0.0
20060323,0.0318144660717
20060324,0.00154951895456
20060325,0.011485254748
20060326,0.000202611461124
20060327,0.0
20060328,0.0
20060329,0.0759832847512
20060330,0.235949250761
20060331,0.655458368692
20060401,0.0115073033067
20060402,0.0
20060403,0.00128357747761
20060404,2.26780437812e-05
20060405,0.0
20060406,0.0
20060407,0.0680624263525
20060408,0.0920841510779
20060409,0.0562967254908
20060410,0.0209648885775
20060411,0.000663341375376
20060412,5.47719151712e-06
20060413,0.0
20060414,0.0
20060415,0.00750016848087
20060416,0.000132511793969
20060417,0.205718741539
20060418,1.17580717977
20060419,0.320981984195
20060420,0.263358031017
20060421,0.138163487882
20060422,0.0952832649164
20060423,0.156548451792
20060424,0.174712092468
20060425,0.00561539677948
20060426,0.0881289478773
20060427,0.00704657365848
20060428,0.0525890770468
20060429,0.566662188488
20060430,0.211992417113
20060501,0.0987557076052
20060502,0.0443004225887
20060503,0.0176520057561
20060504,0.000298569328508
20060505,0.057332704118
20060506,0.0163933367254
20060507,0.055065714177
20060508,0.0441744010419
20060509,0.254094729706
20060510,0.256948243731
20060511,0.00497447054449
20060512,9.07821787087e-06
20060513,0.0325210392152
20060514,0.000867569054745
20060515,0.807567299442
20060516,0.0252232120053
20060517,0.000193557055116
20060518,0.00273133839981
20060519,0.387833146119
20060520,0.0126230470114
20060521,3.70508881916
20060522,0.785130660702
20060523,1.15141572213
20060524,3.36715403177
20060525,0.958201831029
20060526,0.463683676479
20060527,0.823773344913
20060528,0.64581398267
20060529,0.0569010853548
20060530,0.0268523619899
20060531,0.71513901275
20060601,0.579583814794
20060602,1.544910641
20060603,5.37484063764
20060604,0.300777345405
20060605,0.00364478130856
20060606,0.0437382583192
20060607,3.05632186069
20060608,1.59229277022
20060609,0.0700859644741
20060610,0.459698489489
20060611,2.02307688187
20060612,0.0800420778312
20060613,1.90820122799
20060614,0.115777376753
20060615,11.1186432675
20060616,0.199400029525
20060617,1.79067604933
20060618,0.329285754606
20060619,0.00743834641418
20060620,3.85075041892e-05
20060621,0.125242102424
20060622,5.70386385205
20060623,2.03773351137
20060624,1.30204009009
20060625,2.05995998815
20060626,0.382976157882
20060627,5.01220917365
20060628,0.297057247675
20060629,0.0294479672374
20060630,1.21999494427
20060701,0.199820864916
20060702,1.2340806686
20060703,1.01017656465
20060704,4.57867642138
20060705,2.08648898783
20060706,6.36083463927
20060707,1.73295789869
20060708,0.253740314496
20060709,2.15346299859
20060710,0.534508617592
20060711,3.45880305133
20060712,1.03472218289
20060713,0.480043046067
20060714,1.14606947927
20060715,3.13722335294
20060716,2.00729013074
20060717,3.25665144714
20060718,0.123093048436
20060719,0.768782833222
20060720,2.90631619544
20060721,5.73628406304
20060722,3.521604259
20060723,3.10165754724
20060724,0.260325052962
20060725,0.129095729724
20060726,2.04569610642
20060727,6.0838809574
20060728,3.90075117688
20060729,3.25975681608
20060730,5.638013051
20060731,0.172634024731
20060801,2.46679292128
20060802,15.9474918578
20060803,0.337009987224
20060804,0.139608286055
20060805,1.07794071322
20060806,2.17841236762
20060807,0.619673792149
20060808,9.56871997139
20060809,0.850932273979
20060810,8.72167545891
20060811,3.04510301953
20060812,1.5646515759
20060813,1.12151500829
20060814,2.95277410716
20060815,1.21531002029
20060816,5.98931925687
20060817,0.491359053541
20060818,0.0529745741464
20060819,3.25774498632
20060820,2.95993833298
20060821,0.130452291873
20060822,0.0104873418028
20060823,0.0662327782309
20060824,2.63574449222
20060825,2.92359251381
20060826,1.51273412665
20060827,3.56043336956
20060828,2.07474974
20060829,5.75979125769
20060830,1.61298796314
20060831,2.63476484711
20060901,2.29426662399
20060902,6.66834356809
20060903,10.091006253
20060904,0.248361147958
20060905,0.683470460226
20060906,1.86990950459
20060907,1.99888699864
20060908,0.443003041641
20060909,0.471297030792
20060910,0.344553959529
20060911,8.01969068646
20060912,0.374148513222
20060913,2.19076947739
20060914,4.9511853398
20060915,2.09348399219
20060916,0.521664213614
20060917,0.567916842914
20060918,1.79625594126
20060919,1.57902518444
20060920,2.81648943797
20060921,0.11597251181
20060922,0.62078890628
20060923,0.369777290016
20060924,0.254365808053
20060925,0.374454635307
20060926,0.392276996946
20060927,2.22935313012
20060928,0.652095243466
20060929,0.416903756422
20060930,0.0155311718814
20061001,0.0515382004991
20061002,0.00279026736754
20061003,0.347236537284
20061004,1.38250764152
20061005,0.147702362285
20061006,0.667826515988
20061007,0.125404788967
20061008,0.190136652817
20061009,3.10919792189
20061010,0.589291884409
20061011,0.0915737695406
20061012,0.36227392764
20061013,4.10467959864
20061014,0.850486510406
20061015,0.456362505283
20061016,0.342592205021
20061017,0.806575777112
20061018,0.837812940995
20061019,0.162776018179
20061020,0.204686772103
20061021,0.0906518631079
20061022,0.0285362254344
20061023,0.494777410361
20061024,0.00903044394645
20061025,0.078666094233
20061026,0.2261337763
20061027,0.173485886113
20061028,0.0147648157858
20061029,0.0536984137509
20061030,0.13292641848
20061031,0.274373710508
20061101,0.00928841846964
20061102,0.0270822050638
20061103,0.00489974482181
20061104,0.0234199146607
20061105,0.177569928744
20061106,0.467578244903
20061107,0.00820579963672
20061108,0.000159713016071
20061109,2.82178287539e-06
20061110,0.0
20061111,7.60481913166e-05
20061112,0.0580792029116
20061113,0.00102611058589
20061114,0.0
20061115,0.0
20061116,0.0
20061117,0.0
20061118,0.0
20061119,0.0
20061120,0.0
20061121,0.00667547318041
20061122,0.0850365383407
20061123,0.00150032864331
20061124,0.0
20061125,0.0366736339106
20061126,0.821404325767
20061127,0.0153181715143
20061128,1.44377301491e-05
20061129,0.0696800839896
20061130,0.205097098263
20061201,0.00379317608248
20061202,0.0304169320001
20061203,0.000537341905864
20061204,0.0
20061205,0.138595152935
20061206,0.199541987996
20061207,0.0848077986211
20061208,0.00351160436391
20061209,0.13701254483
20061210,0.00665138342179
20061211,0.0108054114979
20061212,0.0259240901486
20061213,0.000454673193932
20061214,0.291049069807
20061215,0.243345946661
20061216,0.0104154256511
20061217,0.00115947463647
20061218,1.85479236149e-05
20061219,0.0
20061220,0.0
20061221,0.0
20061222,0.0
20061223,0.0
20061224,0.0
20061225,0.00400528556034
20061226,0.114725941933
20061227,0.00202570985746
20061228,0.088867552575
20061229,0.00790201908326
20061230,0.000111871384669
20061231,0.0312897276992
20070101,0.0119927984852
20070102,0.000202119732365
20070103,0.0138320058328
20070104,0.000826424026376
20070105,1.02834331239e-05
20070106,0.0
20070107,0.0
20070108,0.0
20070109,0.0
20070110,0.119799116363
20070111,0.00211659217892
20070112,0.151525425574
20070113,0.248968895992
20070114,0.00820358365367
20070115,0.117464195585
20070116,0.10994074486
20070117,0.00230863437486
20070118,7.11773752031e-06
20070119,0.000221327689938
20070120,0.356644445838
20070121,0.0429410093462
20070122,0.0374284671758
20070123,0.0338932501081
20070124,0.00562613357358
20070125,0.00193389629574
20070126,0.729486966374
20070127,0.0276349773924
20070128,0.000260549319361
20070129,0.0
20070130,0.0
20070131,0.0
20070201,0.00718843203529
20070202,0.128132808366
20070203,0.939091749572
20070204,0.155219868453
20070205,0.00244996640749
20070206,0.0
20070207,0.182281576863
20070208,0.220467860252
20070209,0.0515985832627
20070210,0.000843821386615
20070211,0.0201469618025
20070212,0.000355953417929
20070213,0.0
20070214,0.0
20070215,0.0084388576283
20070216,0.00014909642371
20070217,0.0
20070218,0.00285510436971
20070219,0.0630208470492
20070220,0.477874712845
20070221,0.567812833036
20070222,0.00988320602325
20070223,0.0
20070224,0.0
20070225,0.0
20070226,0.0
20070227,0.0
20070228,0.0
20070301,0.0
20070302,0.0
20070303,0.0
20070304,0.188799704195
20070305,0.0324799251289
20070306,0.0315002278167
20070307,0.383660548482
20070308,0.00676878277352
20070309,0.0
20070310,0.0
20070311,0.0
20070312,0.0156583273693
20070313,0.0394091048229
20070314,0.000691386119391
20070315,0.000350438408554
20070316,0.500378247877
20070317,0.0103673774596
20070318,2.69767128799e-05
20070319,0.0132181673808
20070320,0.00144563392541
20070321,0.151938619958
20070322,0.512997618168
20070323,0.0705895790292
20070324,0.0128397639314
20070325,0.00020763063438
20070326,0.00480629539621
20070327,0.000715897128606
20070328,0.0130173134369
20070329,0.0179010413843
20070330,0.0193235121041
20070331,0.0352790799634
20070401,0.0118782843243
20070402,0.0375692323951
20070403,0.000670624839188
20070404,0.0111410016931
20070405,0.028169636161
20070406,0.000494219087607
20070407,0.0
20070408,0.13563310693
20070409,0.498221062993
20070410,0.0524940493878
20070411,0.265161059756
20070412,0.235682017206
20070413,0.122234498563
20070414,0.100117363853
20070415,0.0841979118167
20070416,0.00145699527506
20070417,0.000482569811283
20070418,8.52596848826e-06
20070419,0.000120165468299
20070420,0.0206095726747
20070421,0.0715676699603
20070422,0.154266222432
20070423,0.0264072594143
20070424,0.151149944484
20070425,0.0147691600703
20070426,0.000213888074563
20070427,0.0113925299619
20070428,0.0600923933672
20070429,0.0022995985417
20070430,2.19337787045e-05
20070501,0.264436623179
20070502,0.043320845921
20070503,0.388373329479
20070504,0.0805535462071
20070505,1.30893114645
20070506,0.056040054827
20070507,0.0504358717633
20070508,0.281815106932
20070509,2.38913236242
20070510,0.0421231233916
20070511,0.000732823105268
20070512,1.29474046256e-05
20070513,0.0130120744656
20070514,0.00687888278366
20070515,0.0387395067826
20070516,0.0540057070522
20070517,0.00104043626453
20070518,0.0109106858106
20070519,0.18287018553
20070520,0.629383328972
20070521,0.966326437611
20070522,0.0386701681947
20070523,0.0273659669246
20070524,0.427914179943
20070525,1.17140974409
20070526,0.232751737238
20070527,1.14193893205
20070528,0.343949504775
20070529,0.360166434385
20070530,0.191595400327
20070531,0.603717119656
20070601,0.0857086885373
20070602,0.0111972391962
20070603,0.0562099816141
20070604,0.0783017069954
20070605,0.0292574806122
20070606,0.0712058975379
20070607,0.0418140122059
20070608,0.0592819939005
20070609,0.117460731368
20070610,0.0691679615032
20070611,0.0135685289495
20070612,0.0109337287894
20070613,0.170267271158
20070614,3.79543409602
20070615,4.26415798286
20070616,0.0744956039844
20070617,0.1578543348
20070618,1.59120773866
20070619,2.719305631
20070620,4.83386405633
20070621,0.0878323832971
20070622,0.945944142057
20070623,1.77599052616
20070624,0.52307678685
20070625,2.18775478435
20070626,1.94292294615
20070627,0.966878842109
20070628,0.666428382256
20070629,0.0519908816668
20070630,0.0111118130861
20070701,0.371104754121
20070702,1.4393994598
20070703,0.653893343161
20070704,4.325441201
20070705,1.92818612612
20070706,7.23417839254
20070707,0.140965851628
20070708,0.0471002203062
20070709,0.239494418011
20070710,23.2931813698
20070711,0.909248533463
20070712,0.0111071768468
20070713,5.56769273747
20070714,0.246211286079
20070715,1.9741042338
20070716,7.17989266451
20070717,2.29800072517
20070718,1.88601590031
20070719,6.12003545449
20070720,0.264393425689
20070721,0.0686286140832
20070722,0.7630176643
20070723,4.53138953274
20070724,3.34340079349
20070725,2.31663012613
20070726,2.49503247712
20070727,10.0325889237
20070728,0.300351418954
20070729,0.171005907935
20070730,20.5854567414
20070731,1.09125053817
20070801,1.14850242925
20070802,6.17398546402
20070803,2.4019972946
20070804,0.291909083499
20070805,0.0961031171871
20070806,1.97725822935
20070807,9.78845371072
20070808,2.634496846
20070809,1.820552473
20070810,5.55082812569
20070811,1.91104191629
20070812,2.27100901681
20070813,2.00244319524
20070814,2.86577191214
20070815,3.61691483134
20070816,3.68765677348
20070817,0.105679625139
20070818,0.308131401632
20070819,0.151901194331
20070820,1.3855825868
20070821,6.01292191629
20070822,2.50772335629
20070823,0.172330909837
20070824,3.82493856258
20070825,0.682530267203
20070826,1.62231316549
20070827,10.4610175387
20070828,1.36876472728
20070829,10.2205681597
20070830,1.72669611254
20070831,3.51503692012
20070901,0.546503031149
20070902,4.30326822782
20070903,1.01526553806
20070904,2.07843725824
20070905,0.514584417267
20070906,0.0180516881591
20070907,5.01576505246
20070908,2.70198786867
20070909,0.367934009585
20070910,3.67930514887
20070911,0.323778407418
20070912,0.439366868132
20070913,0.0959584117979
20070914,4.87501771289
20070915,2.19581563328
20070916,0.800867160258
20070917,0.749591062618
20070918,2.85320731261
20070919,0.699530472199
20070920,2.56588682062
20070921,0.838735373606
20070922,0.278303143168
20070923,0.485336858608
20070924,4.37990330535
20070925,0.497396360092
20070926,3.6607835713
20070927,1.66667735177
20070928,0.123567461191
20070929,0.728681996122
20070930,2.12814964673
20071001,0.326742781143
20071002,0.0103699436468
20071003,0.342006900174
20071004,3.15903380453
20071005,3.98046965979
20071006,0.628477899484
20071007,0.0256401107153
20071008,1.33260421043
20071009,1.81711669602
20071010,0.246549968904
20071011,2.16503480986
20071012,2.11103655268
20071013,0.564283960505
20071014,0.0504260683434
20071015,0.159972401599
20071016,0.0903743717495
20071017,0.329716879321
20071018,0.31688000138
20071019,0.506314821627
20071020,0.139961868204
20071021,1.55929172631
20071022,1.61977539036
20071023,0.232518714678
20071024,0.297615915541
20071025,0.096249166782
20071026,0.0123009462165
20071027,0.000279034523247
20071028,0.0197956957971
20071029,0.74472165599
20071030,0.547198743834
20071031,0.229812618961
20071101,1.8545746154
20071102,0.623044786677
20071103,0.0310571633058
20071104,0.00399961350211
20071105,0.0110545110031
20071106,0.00428413853483
20071107,0.00207058272295
20071108,3.53060424585e-05
20071109,0.0
20071110,0.0
20071111,0.0173335187039
20071112,0.00675447919696
20071113,1.546616809
20071114,1.51962822309
20071115,0.056744596265
20071116,0.0655636678287
20071117,0.0576935171337
20071118,0.0817975404369
20071119,0.0620511446141
20071120,0.0523980902071
20071121,0.00669306816687
20071122,0.0727267869852
20071123,0.338911249303
20071124,0.0263514266508
20071125,0.152237348056
20071126,0.00268334216887
20071127,0.0
20071128,0.0390414593327
20071129,0.000689778434974
20071130,0.000300919238815
20071201,0.141207941654
20071202,0.246786452923
20071203,0.014328712379
20071204,0.00017690113625
20071205,0.0308516200644
20071206,0.000545081624481
20071207,0.00660464513498
20071208,0.000116689847674
20071209,0.0
20071210,0.0
20071211,0.0
20071212,0.000320482771776
20071213,0.0306388382921
20071214,0.000541222185776
20071215,0.0
20071216,0.309672139993
20071217,0.0613701724217
20071218,0.000987613662225
20071219,0.0
20071220,0.0
20071221,0.0440960991464
20071222,0.0101868756456
20071223,0.000166215421507
20071224,0.0
20071225,0.0
20071226,0.0208544085502
20071227,0.0147592490519
20071228,0.000457443697446
20071229,3.58991878874e-06
20071230,0.0
20071231,0.00915820880428
20080101,0.0075307899501
20080102,0.080739536184
20080103,0.0545429116318
20080104,0.0391429525571
20080105,0.0150147844223
20080106,0.000253353237689
20080107,0.0
20080108,0.0
20080109,0.0
20080110,0.0
20080111,0.0
20080112,0.0133111822507
20080113,0.165251137265
20080114,0.00603568198912
20080115,0.127053807828
20080116,0.00479059054516
20080117,0.0331496850004
20080118,0.100476858227
20080119,0.0151932928207
20080120,0.60038891271
20080121,10.821454919
20080122,0.191004450124
20080123,0.0
20080124,0.00280517333115
20080125,4.95613625881e-05
20080126,0.0607371872159
20080127,0.0154042345934
20080128,0.299803459352
20080129,0.013994498654
20080130,0.00015374718839
20080131,0.0
20080201,0.0
20080202,0.0
20080203,0.0
20080204,0.0
20080205,0.000798590355368
20080206,1.41093754019e-05
20080207,0.0
20080208,0.00338693843107
20080209,0.00810877326994
20080210,0.0135897443849
20080211,0.0351583020291
20080212,1.92908831767
20080213,3.93030024895
20080214,0.0956493591678
20080215,0.000473699672265
20080216,0.0831850783736
20080217,0.00567920428628
20080218,0.0286893862528
20080219,0.000505565584627
20080220,0.0
20080221,0.0
20080222,0.0
20080223,0.0
20080224,0.0
20080225,0.0
20080226,0.0
20080227,0.0
20080228,0.0
20080229,0.00127890116622
20080301,2.25954230301e-05
20080302,0.0
20080303,0.0
20080304,0.0
20080305,0.0
20080306,0.0
20080307,0.00364018979958
20080308,6.43143072459e-05
20080309,0.0
20080310,0.0
20080311,0.0
20080312,0.0
20080313,0.0
20080314,0.0356229952309
20080315,0.135517072686
20080316,0.0266218276872
20080317,0.000428244764434
20080318,0.022905168046
20080319,0.000404684921926
20080320,0.0
20080321,0.00619283986702
20080322,0.000109414135133
20080323,0.0
20080324,0.0020045727661
20080325,0.121960651576
20080326,0.193252893613
20080327,0.0169237980115
20080328,0.0470450418029
20080329,0.000826955492602
20080330,0.0
20080331,0.0
20080401,0.0
20080402,0.0
20080403,0.00317615564488
20080404,0.0477741906321
20080405,0.00428421595154
20080406,0.000414635647092
20080407,6.25155736874e-06
20080408,0.0720276541786
20080409,0.0161007527662
20080410,0.0522913801907
20080411,0.00482509965527
20080412,0.0303564543473
20080413,0.158866704297
20080414,0.0773483107482
20080415,0.106592974828
20080416,0.0331067174954
20080417,0.0866493797568
20080418,0.00152115401818
20080419,0.0
20080420,0.223298428454
20080421,0.656294764711
20080422,0.265466305422
20080423,0.411814765084
20080424,0.00827162400374
20080425,0.1340951732
20080426,0.0618117536702
20080427,0.00362194731866
20080428,4.54367311607e-05
20080429,0.0355285595798
20080430,0.480024947205
20080501,0.181797389237
20080502,0.255455940182
20080503,0.173101029229
20080504,0.00312927271009
20080505,2.64551219937e-06
20080506,0.960869042144
20080507,1.30809993136
20080508,0.740386565638
20080509,0.116864183103
20080510,0.00205310200759
20080511,3.75188669089e-06
20080512,0.249016669914
20080513,0.0774628757398
20080514,0.209009675026
20080515,0.00603080710754
20080516,1.0156530171
20080517,0.092765674765
20080518,0.088309371616
20080519,0.119823062007
20080520,3.40481504992
20080521,0.322757974034
20080522,0.0510315423782
20080523,0.00515123155553
20080524,0.0743640022989
20080525,0.523329085127
20080526,0.0271851354666
20080527,0.340274361924
20080528,0.0208195387181
20080529,0.00455777479591
20080530,0.0883125346637
20080531,3.15853302468
20080601,4.42216601309
20080602,1.91246604371
20080603,0.0400936792171
20080604,0.240328372425
20080605,1.90709908491
20080606,0.191664625307
20080607,0.369819584991
20080608,0.0576419163355
20080609,0.450615138767
20080610,0.257805807011
20080611,0.324601630952
20080612,0.982095587227
20080613,9.66459701794
20080614,2.03134700264
20080615,0.127872711998
20080616,5.41896630737
20080617,0.856452766372
20080618,0.0148702343343
20080619,0.0581568800115
20080620,0.0387559860092
20080621,14.804165363
20080622,1.28081182912
20080623,1.40572133678
20080624,1.47968693942
20080625,5.10479532389
20080626,0.977194959487
20080627,6.04071522595
20080628,11.2331089029
20080629,10.5079471725
20080630,5.23063955669
20080701,1.13058999124
20080702,1.85731537305
20080703,0.714448955435
20080704,9.69742240199
20080705,2.01511399622
20080706,0.0402940355171
20080707,0.0214338611445
20080708,10.4602188947
20080709,0.882635769887
20080710,0.189241926068
20080711,3.03231718007
20080712,0.929452099373
20080713,10.3406331017
20080714,0.39212052773
20080715,0.795436201854
20080716,2.20876523396
20080717,1.34914310125
20080718,0.292095706553
20080719,0.316097057275
20080720,13.37439171
20080721,10.5787668735
20080722,3.27421533831
20080723,3.54860604425
20080724,1.52958398742
20080725,3.07057051651
20080726,0.673077087184
20080727,0.686943183627
20080728,1.58264655457
20080729,2.48351928226
20080730,4.64997113276
20080731,4.41259048649
20080801,1.06162571278
20080802,0.409434936034
20080803,1.09902510347
20080804,3.8215943044
20080805,5.55432966485
20080806,0.997744382518
20080807,4.53877961118
20080808,5.51097419499
20080809,0.38190336273
20080810,0.648653569089
20080811,0.55196665814
20080812,0.559800158588
20080813,2.3055745231
20080814,0.43122121684
20080815,4.87099795566
20080816,0.470735214791
20080817,0.0647962449249
20080818,0.64187698774
20080819,6.21703021171
20080820,6.86330489477
20080821,5.76222919995
20080822,0.215065490438
20080823,2.8612437133
20080824,13.214229236
20080825,2.30384093585
20080826,0.15997787593
20080827,10.0611892824
20080828,5.4734378166
20080829,0.689726351212
20080830,3.73201826456
20080831,6.66055732542
20080901,0.268172746578
20080902,0.220702293791
20080903,16.4351516569
20080904,3.66576431772
20080905,0.575433054819
20080906,6.44891882015
20080907,0.15359149303
20080908,0.496756588386
20080909,13.0249983318
20080910,0.465240899052
20080911,0.0413264649322
20080912,0.10243819433
20080913,6.42982565187
20080914,1.68515319804
20080915,2.39131582866
20080916,0.624341064288
20080917,4.65864529547
20080918,1.35930102873
20080919,0.0431574572371
20080920,8.60899391691
20080921,1.72349768322
20080922,1.42166477744
20080923,0.579851170256
20080924,2.26448894457
20080925,7.16405047548
20080926,2.30131485627
20080927,2.87527874906
20080928,2.10446023711
20080929,0.105893408982
20080930,1.76658203122
20081001,0.737783163028
20081002,2.8351038156
20081003,1.5650977248
20081004,0.956066701098
20081005,0.317976369744
20081006,0.017172071949
20081007,4.1337945948
20081008,0.122548075259
20081009,0.0622349084793
20081010,0.16603146617
20081011,1.72163298379
20081012,0.28442932297
20081013,1.50331485593
20081014,0.231597699602
20081015,0.310832822795
20081016,0.807101511399
20081017,0.0659773259612
20081018,0.00230806117616
20081019,0.1390232866
20081020,3.90067785374
20081021,3.05676210345
20081022,0.0778842076986
20081023,0.207451543522
20081024,0.02772762084
20081025,0.160085770686
20081026,0.127572660048
20081027,0.0875544384857
20081028,0.0147313083124
20081029,0.0434191407911
20081030,0.00484881270121
20081031,0.0766188305762
20081101,0.361754318263
20081102,0.00878824317114
20081103,4.27688779648e-05
20081104,0.0
20081105,0.0
20081106,0.0
20081107,0.0
20081108,0.0
20081109,0.0
20081110,0.0
20081111,0.0
20081112,0.0
20081113,0.0
20081114,0.0456422946336
20081115,0.186570957335
20081116,0.30544012679
20081117,0.075686714578
20081118,0.00124290160584
20081119,0.0149946435155
20081120,0.193640752624
20081121,0.219663441619
20081122,0.030313925665
20081123,0.02242459085
20081124,0.177877872025
20081125,0.126397990557
20081126,0.00217777604313
20081127,0.0
20081128,0.000540865105702
20081129,9.55592079458e-06
20081130,0.0
20081201,0.0
20081202,0.0
20081203,0.00105561675634
20081204,0.0232523419456
20081205,0.000605142309351
20081206,0.0172644241794
20081207,0.000304964408105
20081208,0.0
20081209,0.337270993883
20081210,0.0739400725562
20081211,0.0375101733992
20081212,0.00669494620427
20081213,0.0310825316851
20081214,0.0465768983443
20081215,0.619015607505
20081216,0.0277782643004
20081217,0.140807298212
20081218,0.00248249976835
20081219,0.131027084732
20081220,0.0189925012783
20081221,0.0561819645605
20081222,0.000987408286469
20081223,0.000560939915303
20081224,9.91059870901e-06
20081225,0.224828901625
20081226,0.0890501341193
20081227,0.00150314293461
20081228,0.0
20081229,0.00186783542065
20081230,0.00052285093776
20081231,8.65459893348e-06
20090101,0.0
20090102,0.0225757400944
20090103,0.092043896913
20090104,0.00161917019074
20090105,0.0592065671358
20090106,0.00560925945095
20090107,8.06220277171e-05
20090108,0.0433787475115
20090109,0.0286174041858
20090110,0.00353507453495
20090111,5.3763380354e-05
20090112,0.171849184935
20090113,0.00373762844355
20090114,1.23926483352e-05
20090115,0.0112169516951
20090116,0.0192905614113
20090117,0.000402003170879
20090118,0.14245566662
20090119,0.247389428709
20090120,0.0132765755296
20090121,0.00193561854291
20090122,0.00278989998689
20090123,0.0380388371973
20090124,0.0705740893057
20090125,0.08238020001
20090126,0.411133652768
20090127,0.0144695202619
20090129,0.0
20090202,0.00667388471345
20090203,0.0
20090204,0.0
20090205,0.0
20090207,0.0437963272061
20090208,0.00778962542041
20090210,0.0
20090212,0.0
20090214,0.0
20090216,0.000955662845258
20090218,0.0
20090219,0.01761864624
20090220,1.52397456958
20090222,0.00208415778704
20090223,0.0
20090225,0.0
20090226,0.0
20090227,0.0
20090228,0.0
20090301,0.0
20090303,0.0
20090304,0.0
20090305,0.0
20090307,0.364082546226
20090309,0.0
20090310,0.0
20090312,0.00194370161526
20090313,3.08120115061e-05
20090314,0.000826444597155
20090315,0.0063872952752
20090316,0.000112591757807
20090317,0.000193062322396
20090318,3.410994338e-06
20090319,0.00830797570075
20090320,0.0700291745246
20090321,0.00240054941731
20090322,0.0250119452423
20090323,0.0679033920422
20090324,0.317633136607
20090325,0.0490669676523
20090326,0.479681486859
20090327,0.194762486379
20090328,0.219977771807
20090329,0.0904229344284
20090330,0.00159137570016
20090331,0.099831203994
20090401,0.161647068126
20090402,0.0100134657163
20090403,0.0057783129407
20090404,0.157870187192
20090405,0.00278746179175
20090406,0.0479398755796
20090407,0.00433989631666
20090408,0.0556480435265
20090409,0.00647457635861
20090410,9.70403794974e-05
20090411,0.0
20090412,0.0
20090413,0.0
20090414,0.0
20090415,0.00294102150054
20090416,5.19615052044e-05
20090417,0.20738287256
20090418,0.139893233745
20090419,0.163302727962
20090420,0.00284268289359
20090421,0.125112710377
20090422,0.0099060088247
20090423,0.0365526960772
20090424,0.0699150779269
20090425,0.00122388106388
20090426,0.0102546985062
20090427,0.0127370826333
20090428,0.0801633132902
20090429,0.384009708785
20090430,0.278405304271
20090501,0.00964728699195
20090502,0.201365839145
20090503,0.00355618718284
20090504,0.0
20090505,0.0
20090506,0.234994697826
20090507,0.190726943753
20090508,0.454383580572
20090509,1.36115464148
20090510,0.0246129268663
20090511,0.037491297191
20090512,1.3252127527
20090513,0.528260751914
20090514,0.229897890551
20090515,0.919135210291
20090516,0.0954929253987
20090517,0.60172067444
20090518,0.627145901894
20090519,0.439306756761
20090520,0.191806052523
20090521,0.313722749139
20090522,0.0623352947043
20090523,0.00110913333208
20090524,3.06090995183
20090525,0.198104780535
20090526,0.5905889936
20090527,0.330786344016
20090528,0.499377036076
20090529,0.733982647531
20090530,5.30984561459
20090531,0.385576358962
20090601,16.478080548
20090602,0.460693760438
20090603,0.533147541632
20090604,0.052344553116
20090605,0.0269800474405
20090606,1.6048218849
20090607,2.4452157427
20090608,0.786610994661
20090609,2.81334712226
20090610,0.100215367917
20090611,0.0814379469001
20090612,1.39673720713
20090613,1.81378790769
20090614,2.79761315945
20090615,7.72915988118
20090616,1.34968916855
20090617,0.292368827692
20090618,2.10548163315
20090619,1.62468893273
20090620,0.494510540569
20090621,0.0124965587262
20090622,1.59895681134
20090623,6.54556818709
20090624,2.47864090972
20090625,3.20079350151
20090626,4.37894184956
20090627,0.507807652361
20090628,1.47166324145
20090629,3.69994370168
20090630,1.86814532195
20090701,0.151104469985
20090702,5.66868821652
20090703,0.190462131446
20090704,0.0143432830966
20090705,4.44776897154
20090706,4.18427321804
20090707,0.257474056768
20090708,4.02436895539
20090709,1.06189722663
20090710,0.031389140152
20090711,2.51160522724
20090712,0.985573714493
20090713,10.6531212996
20090714,0.73156264143
20090715,9.78692363545
20090716,0.986270070165
20090717,0.0232061952237
20090718,0.053577976067
20090719,1.98201638509
20090720,2.4790960757
20090721,6.38643490076
20090722,5.23720858764
20090723,2.395036899
20090724,1.38811044992
20090725,3.3351019934
20090726,0.194778044739
20090727,5.37037740427
20090728,2.14885073957
20090729,12.1705109535
20090730,7.23806427195
20090731,4.52814867417
20090801,1.02587560419
20090802,0.421400382903
20090803,8.89544890322
20090804,8.01955797965
20090805,0.948788102058
20090806,3.58541616169
20090807,6.95125408894
20090808,8.05115920963
20090809,0.188423436466
20090810,9.43607804506
20090811,1.17951176651
20090812,7.0857071459
20090813,0.584842937597
20090814,1.12895552106
20090815,3.72435211289
20090816,3.54316033644
20090817,11.2117622316
20090818,1.75938302152
20090819,7.00608951799
20090820,2.82758676089
20090821,0.0761289512113
20090822,13.1987600106
20090823,0.846664437216
20090824,6.01643112809
20090825,3.64986757326
20090826,0.720803223064
20090827,2.06644308599
20090828,10.5244344405
20090829,3.65952098559
20090830,3.14364189121
20090831,1.92442213686
20090901,4.23790494112
20090902,1.34835317691
20090903,4.3027176328
20090904,0.678653570943
20090905,17.8833774627
20090906,5.51960316825
20090907,0.751479581371
20090908,19.6954104154
20090909,1.31885047368
20090910,2.99273364164
20090911,1.28958655624
20090912,0.282695034565
20090913,3.3366155002
20090914,1.97094596738
20090915,10.4955467721
20090916,1.51173472992
20090917,3.41573140309
20090918,9.55541556479
20090919,0.278114644074
20090920,0.0752875710707
20090921,1.07430757931
20090922,13.2364146256
20090923,4.81388974073
20090924,1.42665966163
20090925,2.82295704201
20090926,1.12448153747
20090927,3.19278913911
20090928,0.0579427756835
20090929,0.00540881626183
20090930,1.06369695434
20091001,2.09049831173
20091002,0.73273323752
20091003,0.651253939067
20091004,0.512792649389
20091005,0.347668192083
20091006,1.38345877363
20091007,0.713719424047
20091008,0.935307042574
20091009,0.0296726803662
20091010,0.00920297453315
20091011,0.251688723778
20091012,0.14466677423
20091013,0.0814832499401
20091014,0.471010098302
20091015,0.334986721916
20091016,0.91036948523
20091017,3.59996483823
20091018,8.49492276572
20091019,0.468682198509
20091020,0.34819784876
20091021,0.0995345631868
20091022,0.558790865955
20091023,0.142726929372
20091024,3.88303880894
20091025,3.20668599266
20091026,0.209976013211
20091027,0.0481932455007
20091028,0.0191770570648
20091029,0.444978493866
20091030,0.299308509554
20091031,0.281869577193
20091101,0.778860866797
20091102,2.37508606618
20091103,0.358086222486
20091104,0.253674174775
20091105,0.703048824261
20091106,0.121080231529
20091107,0.00192113629733
20091108,0.0
20091109,0.0
20091110,0.0
20091111,0.00145377599607
20091112,0.0250955401618
20091113,0.400552956905
20091114,0.0286942873069
20091115,0.0306111366185
20091116,0.00053408241279
20091117,0.0
20091118,0.0210331047611
20091119,0.269639048775
20091120,0.243188907396
20091121,0.00421257123622
20091122,0.0485633592601
20091123,0.00210239144236
20091124,2.19855381591e-05
20091125,0.0766600794216
20091126,0.00225405402385
20091127,0.20676342586
20091128,0.246891866989
20091129,0.826470817511
20091130,0.461877745024
20091201,0.719644394238
20091202,0.527187225626
20091203,0.88781842313
20091204,0.339753586033
20091205,0.0622872379204
20091206,0.00254001940308
20091207,0.01310547049
20091208,0.362491975742
20091209,3.23507357072
20091210,0.429771666323
20091211,0.577619734956
20091212,0.273319218073
20091213,0.704080841203
20091214,0.593820828578
20091215,0.144819598004
20091216,0.264999353773
20091217,0.00618794719358
20091218,2.73494415303e-05
20091219,0.0969524611984
20091220,0.394115734932
20091221,0.132830481874
20091222,0.261961012574
20091223,0.0531679560061
20091224,0.000858285656715
20091225,0.0
20091226,0.0
20091227,0.0
20091228,0.0
20091229,0.0
20091230,0.0
20091231,0.0
20100101,0.0
20100102,0.0
20100103,0.0
20100104,0.0101000948233
20100105,0.037413039738
20100106,0.00778569605261
20100107,0.000665357779525
20100108,0.154450320562
20100109,0.0267299199349
20100110,0.0821009948228
20100111,0.0499555318398
20100112,0.414129978202
20100113,0.693739333317
20100114,0.0907185011351
20100115,0.00138852697925
20100116,0.0
20100117,0.0
20100118,0.0
20100119,0.0
20100120,0.0
20100121,0.0
20100122,0.0534811147917
20100123,0.11285971684
20100124,0.0184968638167
20100125,0.0786967570775
20100126,0.0157841723261
20100127,0.000254397987455
20100128,0.237823709855
20100129,0.0168745389148
20100130,0.00855292062893
20100131,0.00576366494836
20100201,0.278766136693
20100202,0.422020245813
20100203,0.204436645176
20100204,0.0949100400224
20100205,0.0229834702187
20100206,0.0131902953907
20100207,0.000226373951544
20100208,0.0227836156466
20100209,0.000402537426646
20100210,0.000239152155531
20100211,0.00698868273723
20100212,0.000123400308573
20100213,0.0135411620875
20100214,0.0670607327211
20100215,0.00123588751019
20100216,9.76958423602e-07
20100217,0.0
20100218,0.0
20100219,0.00712839730469
20100220,0.000125943419934
20100221,0.0128890468569
20100222,0.000227721664262
20100223,0.0
20100224,0.0
20100225,0.0
20100226,0.0
20100227,0.00220461851505
20100228,3.89508531289e-05
20100301,0.0196856154634
20100302,0.112542983101
20100303,0.0125619203129
20100304,0.00018692003785
20100305,0.0
20100306,0.0
20100307,0.0552034379734
20100308,0.0639374878765
20100309,0.00962187093801
20100310,0.000357967298102
20100311,0.00699776980577
20100312,0.210364382604
20100313,0.0671443116962
20100314,0.00299764458485
20100315,3.31621285961e-05
20100316,0.0
20100317,0.0
20100318,0.0
20100319,0.0170736766339
20100320,0.227169560237
20100321,0.00400826679657
20100322,0.0
20100323,0.0
20100324,0.0
20100325,0.0
20100326,0.0
20100327,0.0306352007496
20100328,0.0124743667297
20100329,0.000210832291284
20100330,0.0
20100331,0.0
20100401,0.0
20100402,0.00866335804295
20100403,0.00474784211838
20100404,0.000642439945495
20100405,9.91625346783e-06
20100406,0.00124026280841
20100407,2.19127684258e-05
20100408,0.0
20100409,0.0
20100410,0.0245671737153
20100411,0.00398988774362
20100412,6.28240082724e-05
20100413,0.0191703763955
20100414,0.000799575897415
20100415,0.0464424641439
20100416,0.0814181347037
20100417,0.00194431279422
20100418,0.0128248762029
20100419,1.76602777221
20100420,0.243613617568
20100421,0.106153237892
20100422,0.081479009263
20100423,0.0125234131605
20100424,1.81595076601
20100425,1.9293427225
20100426,0.514307410672
20100427,0.133489117535
20100428,0.101321496873
20100429,0.400535239938
20100430,0.334680615299
20100501,0.0823963125836
20100502,0.570005982297
20100503,0.247865649639
20100504,0.0198930806594
20100505,0.00933312608148
20100506,0.358610116694
20100507,0.229995539021
20100508,1.19806772922
20100509,0.79605427636
20100510,0.143790307773
20100511,3.53954679735
20100512,0.157660295174
20100513,0.320958507645
20100514,0.0289971705229
20100515,0.34096276731
20100516,0.627201835015
20100517,0.0813048972698
20100518,0.883925199993
20100519,0.18278863464
20100520,0.137488772614
20100521,0.0321304063345
20100522,0.0649925638583
20100523,1.17309164812
20100524,5.82372305463
20100525,1.84173489673
20100526,0.249397448995
20100527,0.0436391948958
20100528,0.0845835569254
20100529,2.93070506949
20100530,2.02903666749
20100531,0.280748618059
20100601,5.06099113673
20100602,0.195039753608
20100603,2.08301564191
20100604,0.0809649189472
20100605,0.010550674819
20100606,0.182274874071
20100607,2.05966515568
20100608,9.93850399409
20100609,0.210543243497
20100610,0.210885947991
20100611,2.93916656341
20100612,0.059963542031
20100613,0.849901053654
20100614,2.82467451254
20100615,0.967768451292
20100616,0.524265386272
20100617,0.325854027918
20100618,1.01782400656
20100619,0.11005781675
20100620,0.0228341509799
20100621,3.75097499123
20100622,1.72615371249
20100623,0.727513196689
20100624,1.35390568801
20100625,7.67215516203
20100626,1.20900463716
20100627,0.0201054651304
20100628,11.5692453472
20100629,1.1718361538
20100630,7.96830009788
20100701,0.858705138819
20100702,0.0310484896288
20100703,6.10165476441
20100704,2.90484796745
20100705,0.0631934392981
20100706,0.0125185340505
20100707,1.15217704666
20100708,0.207786664211
20100709,15.9319787067
20100710,2.31257035044
20100711,5.55710699944
20100712,3.60973504995
20100713,10.1079409077
20100714,2.3733778483
20100715,1.9446683589
20100716,6.9820293675
20100717,0.396881780032
20100718,0.431478866735
20100719,0.032146854075
20100720,3.15033848911
20100721,5.68169205416
20100722,0.102565155599
20100723,0.607026289156
20100724,1.94429571011
20100725,1.23735584926
20100726,0.0498182312556
20100727,1.62591829789
20100728,3.891152921
20100729,0.553067197177
20100730,2.92487598594
20100731,0.43928238414
20100801,6.60266297089
20100802,0.365565574196
20100803,3.18178214647
20100804,2.84718642847
20100805,4.82081719866
20100806,0.220897205876
20100807,0.205043034125
20100808,3.23480629618
20100809,4.91440166952
20100810,5.83257004037
20100811,0.231659397869
20100812,6.68861156259
20100813,1.84867257511
20100814,10.864536112
20100815,1.8518597769
20100816,6.19589207951
20100817,0.954379449335
20100818,14.9167320582
20100819,6.89546921325
20100820,0.328204729566
20100821,0.549473634273
20100822,14.5225964712
20100823,0.375486594591
20100824,0.225805265577
20100825,12.5331770309
20100826,7.41723371783
20100827,1.47709342706
20100828,3.8499613523
20100829,0.068879981331
20100830,0.616984232374
20100831,1.27554001282
20100901,15.2384065714
20100902,4.37873909206
20100903,9.67209899578
20100904,2.22745486055
20100905,4.30458847364
20100906,3.62430464594
20100907,7.58204288767
20100908,6.91775373757
20100909,0.798043189321
20100910,8.96549030429
20100911,3.28770622704
20100912,1.22353649892
20100913,0.725150734688
20100914,4.38675867766
20100915,0.239334363301
20100916,2.6565244595
20100917,2.53270041288
20100918,2.23852615396
20100919,5.96296266682
20100920,3.78016393944
20100921,0.391894881602
20100922,3.92943457862
20100923,0.448618995923
20100924,1.38777768578
20100925,1.37286105808
20100926,0.106033638757
20100927,1.04910662755
20100928,1.39005396828
20100929,0.955673670982
20100930,0.740645961568
20101001,0.678918900283
20101002,1.02115569651
20101003,1.02080516278
20101004,0.018226694522
20101005,9.31849508964e-06
20101006,0.265930140607
20101007,1.38284703176
20101008,0.866976801353
20101009,0.456067526988
20101010,0.589683904277
20101011,0.770779125681
20101012,1.88392469517
20101013,0.742436273398
20101014,0.144141446615
20101015,3.73774769679
20101016,1.00936043148
20101017,1.71321970716
20101018,1.75606546108
20101019,1.97998237441
20101020,0.488868558109
20101021,1.54633852876
20101022,0.211517764889
20101023,0.00521636741513
20101024,0.171107029297
20101025,0.0446881629459
20101026,0.0298636340047
20101027,0.00652901323517
20101028,0.0251163124402
20101029,0.323303330611
20101030,0.252258080337
20101031,0.336660204157
20101101,0.0166231765716
20101102,0.0188799076688
20101103,0.238646334736
20101104,0.143520384252
20101105,0.00356775827841
20101106,0.253024396645
20101107,0.00856900573181
20101108,7.2419701776e-05
20101109,0.177132081289
20101110,0.278515802015
20101111,0.571664136178
20101112,0.0227770123994
20101113,0.00085020524798
20101114,7.77043155554e-05
20101115,0.0408153058679
20101116,0.0220508650396
20101117,0.253489822459
20101118,0.0196990240969
20101119,0.00111849117249
20101120,1.50081546766e-05
20101121,0.0
20101122,0.0295383114366
20101123,0.000521878276021
20101124,0.0
20101125,0.0
20101126,0.0
20101127,0.0
20101128,0.0
20101129,0.0
20101130,0.0
20101201,0.00651292728551
20101202,0.0217044488101
20101203,0.000381437774318
20101204,0.0
20101205,0.00902925288156
20101206,0.0023975590494
20101207,3.95411919839e-05
20101208,0.0
20101209,0.0486618168384
20101210,0.0239379800552
20101211,0.0174607799355
20101212,0.120375855944
20101213,0.0692366508689
20101214,0.0209066848801
20101215,0.000348425859168
20101216,0.154477905898
20101217,0.44628421385
20101218,0.0399939142945
20101219,0.00775401888623
20101220,0.000126958811141
20101221,0.000674024230613
20101222,1.19085572502e-05
20101223,0.0
20101224,0.0
20101225,0.0
20101226,0.0
20101227,0.129953047762
20101228,0.0158592929582
20101229,0.000239634294803
20101230,0.0122183171484
20101231,0.600077769743
20110101,0.326303839056
20110102,0.100652148206
20110103,0.001679758156
20110104,0.0
20110105,0.0
20110106,0.0
20110107,0.0
20110108,0.0
20110109,0.158829794785
20110110,0.118947330996
20110111,0.0380100026485
20110112,0.117627319443
20110113,0.117737008151
20110114,0.507488713711
20110115,0.154937144382
20110116,0.906207789164
20110117,0.869404200772
20110118,0.102298096694
20110119,0.357125062789
20110120,0.172303520611
20110121,0.041041917332
20110122,0.216612301753
20110123,0.0106514418656
20110124,0.0165491581504
20110125,0.0686137144744
20110126,0.0536381511122
20110127,0.0185300159895
20110128,0.0122327857302
20110129,0.0238733501711
20110130,0.00138487306732
20110131,1.70813410444e-05
20110201,0.0
20110202,0.0330982593314
20110203,0.01315228708
20110204,0.00085915916033
20110205,1.12565083448e-05
20110206,0.0
20110207,0.0
20110208,0.0
20110209,0.00918240900049
20110210,0.0566472636732
20110211,0.000997968716079
20110212,0.0
20110213,0.000170649980838
20110214,0.0404696954758
20110215,0.000714959040092
20110216,0.0
20110217,0.0
20110218,0.00153972542
20110219,0.00148475258356
20110220,2.5751746353e-05
20110221,0.0
20110222,0.0
20110223,0.0
20110224,0.0
20110225,0.0
20110226,0.0
20110227,0.0
20110228,0.0
20110301,0.0
20110302,0.0
20110303,0.00170531514246
20110304,3.01292372387e-05
20110305,0.0
20110306,0.0212184914524
20110307,0.105328094802
20110308,0.00546875613818
20110309,0.00182295008365
20110310,0.000887118449326
20110311,0.327843477591
20110312,0.0131102855452
20110313,0.000129297955838
20110314,0.0605332015751
20110315,0.0900999284347
20110316,0.0365115372913
20110317,0.00211961552155
20110318,2.65428680029e-05
20110319,0.0
20110320,0.0
20110321,0.0
20110322,0.0
20110323,0.0
20110324,0.00540107584803
20110325,0.00912690295559
20110326,0.000159566772355
20110327,0.000346919828372
20110328,0.0157760479894
20110329,0.636558298434
20110330,0.402542760817
20110331,0.200255436699
20110401,0.348802232395
20110402,0.360958474548
20110403,0.00718853878206
20110404,0.168502396393
20110405,0.0855870319747
20110406,0.0144892015876
20110407,0.415149451244
20110408,0.15663667786
20110409,0.0109004827785
20110410,0.000145981776193
20110411,0.000381491159902
20110412,0.160854345967
20110413,0.167562510479
20110414,0.0748218052801
20110415,0.00668212869971
20110416,0.00705968485297
20110417,0.00508105559137
20110418,0.00125367404538
20110419,0.00140495439314
20110420,0.0929953771537
20110421,0.917735900728
20110422,0.055914651064
20110423,0.000701930363128
20110424,0.0247843932881
20110425,0.0643083159735
20110426,0.345987900168
20110427,0.156061766937
20110428,0.0932340952356
20110429,0.233628697253
20110430,0.00654727505268
20110501,4.32479877942e-05
20110502,0.0
20110503,0.0511737653418
20110504,0.245765670878
20110505,0.143170201967
20110506,0.0624419429697
20110507,1.11884946993
20110508,1.56362373813
20110509,0.0603443700953
20110510,0.0142998765752
20110511,0.0290114123586
20110512,0.016548432015
20110513,0.576152944986
20110514,0.205064828623
20110515,4.70127723103
20110516,3.53433166571
20110517,0.149131886165
20110518,0.253636074156
20110519,0.301578966434
20110520,1.47157170524
20110521,1.21596134495
20110522,1.56651288453
20110523,0.0840585263269
20110524,0.136796012751
20110525,0.198316499934
20110526,0.0780178443189
20110527,0.00633045351139
20110528,0.0105953452152
20110529,0.0284957580395
20110530,0.248182028343
20110531,0.941373745094
20110601,3.15668770606
20110602,2.40957214498
20110603,0.286687205474
20110604,0.1274757513
20110605,0.341734545844
20110606,2.01958841608
20110607,0.294849907322
20110608,0.267258300306
20110609,0.114931070271
20110610,0.170982627994
20110611,0.12095173098
20110612,0.00941409572121
20110613,0.121839962862
20110614,3.51960157374
20110615,2.6694407758
20110616,1.11745280591
20110617,1.86823788396
20110618,0.0565757743557
20110619,1.42432071085
20110620,1.31625584296
20110621,2.53087882391
20110622,4.522657398
20110623,0.176350783236
20110624,0.822674314582
20110625,5.92564116442
20110626,1.74122911603
20110627,0.240801799505
20110628,8.6852669485
20110629,0.405670789147
20110630,0.142682188624
20110701,3.74897014409
20110702,0.771143603249
20110703,5.98029469232
20110704,4.07619308424
20110705,1.39055752561
20110706,0.239430845413
20110707,2.75414680266
20110708,0.507440527203
20110709,0.00833311144902
20110710,2.42464367423
20110711,2.01977398301
20110712,12.1272050206
20110713,11.2824660881
20110714,5.9201426954
20110715,2.81587026767
20110716,0.0906644763587
20110717,13.8567481872
20110718,1.46747522
20110719,2.17741892793
20110720,1.16517230346
20110721,1.48845355954
20110722,0.137122015423
20110723,0.0180757258904
20110724,0.26802187368
20110725,1.14902337198
20110726,8.31059370837
20110727,1.18167617566
20110728,2.71187656492
20110729,0.123501084235
20110730,1.90387215783
20110731,11.7901825862
20110801,0.909890259226
20110802,10.3078022899
20110803,2.90279865256
20110804,0.775374734174
20110805,3.41217036196
20110806,0.150987397805
20110807,0.766821010812
20110808,23.3009746497
20110809,1.18823976052
20110810,0.559211646905
20110811,0.264851596464
20110812,3.1868766076
20110813,0.340014779465
20110814,0.0712880831208
20110815,3.88052441692
20110816,0.521208061749
20110817,9.04234494331
20110818,3.74568912719
20110819,1.58205597606
20110820,17.7169582782
20110821,9.78622824605
20110822,8.82020166369
20110823,0.464912970418
20110824,6.43890508562
20110825,6.14153864148
20110826,0.379603880328
20110827,0.793933762514
20110828,1.72475133544
20110829,0.271435801297
20110830,7.92515397283
20110831,0.198507461222
20110901,1.96197926335
20110902,4.28709223994
20110903,0.889063411458
20110904,0.145887772982
20110905,0.546503998002
20110906,1.42417273497
20110907,1.2512958218
20110908,1.79427018567
20110909,0.209539857861
20110910,4.49386476049
20110911,0.23057711938
20110912,2.64291275111
20110913,4.1815938906
20110914,1.20886408769
20110915,0.248115187633
20110916,0.148909672915
20110917,2.7212676765
20110918,0.576739187286
20110919,2.34585201857
20110920,1.21869582764
20110921,2.75151011576
20110922,1.26952992293
20110923,1.85836253463
20110924,5.12749465998
20110925,4.18396605444
20110926,0.908147580866
20110927,0.278204354201
20110928,0.410898544325
20110929,2.36116150494
20110930,5.31114680551
20111001,4.85270248656
20111002,1.11387837114
20111003,0.575162911248
20111004,0.8244341259
20111005,0.0260280439743
20111006,0.00671413329503
20111007,0.000225547895651
20111008,0.000164507294187
20111009,0.00391310647536
20111010,0.0247709890105
20111011,0.0152193833775
20111012,0.0206088374748
20111013,0.891334638638
20111014,1.79933698421
20111015,0.748286489278
20111016,0.0267082072007
20111017,0.0190768066874
20111018,0.176973863172
20111019,0.15832748561
20111020,0.00274216633704
20111021,0.0
20111022,0.000723692860819
20111023,0.0624839633812
20111024,0.0172734177803
20111025,0.000337556253006
20111026,3.87670946922e-05
20111027,0.0716375900216
20111028,0.0573068554062
20111029,0.0735269185617
20111030,0.0945836324233
20111031,0.629543776778
20111101,0.0474465778855
20111102,0.128153301417
20111103,0.0643843400753
20111104,0.14856778587
20111105,0.251950887036
20111106,0.044399164407
20111107,0.000937184496791
20111108,4.07386326109e-06
20111109,0.0
20111110,0.0204265696978
20111111,0.00308738111641
20111112,0.000659162449215
20111113,0.00354131356002
20111114,0.00121844353716
20111115,0.0106920561351
20111116,0.00174874607241
20111117,0.000257982720984
20111118,7.49104740107e-05
20111119,1.25158147877e-06
20111120,0.0
20111121,0.0679928590638
20111122,0.282376173823
20111123,0.0768001159573
20111124,0.00126912296082
20111125,0.0
20111126,0.00247548372894
20111127,0.0166063787596
20111128,0.13734396147
20111129,0.216428266589
20111130,0.0955077092813
20111201,0.00162061252637
20111202,0.00635124234652
20111203,0.0106928045543
20111204,0.0163386866113
20111205,0.00544255156508
20111206,0.0012360067737
20111207,0.00566257989415
20111208,0.0511701932428
20111209,0.000902305738118
20111210,0.0
20111211,0.0230515158845
20111212,0.030641288323
20111213,0.126987573995
20111214,0.498475284935
20111215,0.0378563790966
20111216,0.00546815135338
20111217,0.0182298813724
20111218,0.0450706625485
20111219,0.126597339973
20111220,0.0083740176056
20111221,0.0301338313181
20111222,0.00378361212705
20111223,5.7475834991e-05
20111224,0.0
20111225,0.010796412592
20111226,0.00648811637933
20111227,0.0261094486004
20111228,0.0469083180128
20111229,0.144591533955
20111230,0.00514789832321
20111231,0.00426723845119
20120101,0.0275877369221
20120102,0.00672777011066
20120103,0.00621222097513
20120104,0.0061546475098
20120105,0.00635832967792
20120106,0.031860417916
20120107,0.00723788439091
20120108,0.0213569168108
20120109,0.000375246445618
20120110,0.00793150762434
20120111,0.0526360810034
20120112,0.0302854034461
20120113,0.0435867278237
20120114,0.000760919440395
20120115,0.05098382543
20120116,0.00396475229485
20120117,0.0380236641745
20120118,0.0412914536614
20120119,0.000717678678912
20120120,0.0
20120121,0.0
20120122,0.00262982809893
20120123,0.000127189511233
20120124,1.42625653397e-06
20120125,0.0110791314021
20120126,0.0688679173421
20120127,0.0532291349862
20120128,0.0369478631253
20120129,0.0158469193826
20120130,0.0222927927012
20120131,0.0240555370035
20120201,0.321043805342
20120202,0.0191188456988
20120203,0.177061022127
20120204,0.351771526085
20120205,0.229531322341
20120206,1.37018835129
20120207,1.11707641882
20120208,0.0404729663493
20120209,0.0885410771769
20120210,0.0546413102978
20120211,0.0235033086082
20120212,0.00597975480939
20120213,0.0215081766196
20120214,0.0596900865267
20120215,0.00923829183937
20120216,1.38215812388
20120217,0.0785243700815
20120218,0.000955957112218
20120219,0.0
20120220,0.0
20120221,0.0
20120222,0.0
20120223,0.0
20120224,0.0506308706986
20120225,0.00570677191413
20120226,8.50217854287e-05
20120227,0.000631493661753
20120228,1.11571277275e-05
20120229,0.0
20120301,0.000684230221381
20120302,1.20888722335e-05
20120303,0.0
20120304,0.0
20120305,0.0
20120306,0.0
20120307,0.0
20120308,0.000174791074838
20120309,0.000114960456151
20120310,0.0031961690396
20120311,0.000532014131931
20120312,8.40246787752e-06
20120313,0.0
20120314,0.00114785673009
20120315,0.00295960605725
20120316,0.000965029963126
20120317,0.0593019773441
20120318,0.040406524513
20120319,0.00125769452865
