20010102,0.095762968972
20010103,0.49021405051
20010104,0.0311965022081
20010105,0.000398672266667
20010106,0.0215790038819
20010107,0.000786765370223
20010108,0.0108701762966
20010109,0.0123366917764
20010110,0.00284541045375
20010111,0.000969857959942
20010112,1.63140765803e-05
20010113,0.0
20010114,0.0
20010115,0.0
20010116,0.00867845900006
20010117,0.00333335521707
20010118,5.61841983994e-05
20010119,0.0
20010120,0.000123778197532
20010121,2.18689454742e-06
20010122,0.0
20010123,0.0368841144064
20010124,0.0140061373567
20010125,0.0054069890068
20010126,9.13612004958e-05
20010127,0.0
20010128,0.0
20010129,0.0
20010130,0.0
20010131,0.0054059741449
20010201,0.0180103233327
20010202,0.00266919917086
20010203,0.00285061718675
20010204,0.11214069534
20010205,0.389959500798
20010206,0.0159617494356
20010207,0.0017795037841
20010208,0.0316397317991
20010209,0.00159395094411
20010210,0.00781013743436
20010211,0.0241441343452
20010212,0.212514488552
20010213,0.0522388534984
20010214,0.000856743341659
20010215,0.00476268367991
20010216,0.00204185542841
20010217,3.45885012254e-05
20010218,0.0
20010219,0.0109215772711
20010220,0.00204697857606
20010221,0.127136593463
20010222,0.0212091226752
20010223,0.108178273586
20010224,0.0206018243534
20010225,0.00622323983519
20010226,0.000104115076163
20010227,0.143285359232
20010228,0.0551192438356
20010301,0.124966151442
20010302,0.0963642227649
20010303,0.0763733197926
20010304,0.00131995560643
20010305,0.242522557646
20010306,0.0790421004553
20010307,0.145370281411
20010308,0.0117153626093
20010309,0.0340521662619
20010310,0.000680576569424
20010311,0.170497807363
20010312,0.0328762928681
20010313,0.137786957672
20010314,1.0527441397
20010315,0.337570878271
20010316,0.777802703953
20010317,0.449740318626
20010318,0.0144709268441
20010319,0.0469460889375
20010320,0.63989964096
20010321,0.101197706432
20010322,0.0125962591777
20010323,0.0319721930006
20010324,0.234364066183
20010325,0.710801010724
20010326,0.150735288448
20010327,0.661605322673
20010328,0.649006679635
20010329,0.68829049136
20010330,0.382792005263
20010331,1.30871616681
20010401,1.84965716188
20010402,1.93815311237
20010403,2.21660907189
20010404,2.21104537221
20010405,0.24220068664
20010406,4.61138008913
20010407,2.9849489943
20010408,0.51251750783
20010409,0.0636836686967
20010410,0.685526119695
20010411,0.907242094667
20010412,0.111573728456
20010413,1.20375182193
20010414,0.585396014981
20010415,0.857836348119
20010416,7.4965680683
20010417,7.75057782035
20010418,0.802636359855
20010419,3.79861418126
20010420,0.118968799704
20010421,0.620453055561
20010422,1.1093346474
20010423,0.0375627210515
20010424,0.100400083143
20010425,13.9098087099
20010426,2.85602747887
20010427,0.15892623404
20010428,0.105651904373
20010429,0.139174233515
20010430,1.58197919358
20010501,2.20841669955
20010502,1.16421946895
20010503,11.638085868
20010504,1.41217841137
20010505,0.331546036176
20010506,1.93572744216
20010507,11.7321008556
20010508,0.625203257631
20010509,1.34464048776
20010510,1.44972102831
20010511,0.950936549457
20010512,3.79980146591
20010513,3.85058275324
20010514,1.9503331273
20010515,0.878010084729
20010516,12.7565111554
20010517,0.259654403287
20010518,0.870314197749
20010519,1.88075318321
20010520,2.25187009873
20010521,1.58992844584
20010522,1.15922666218
20010523,0.215872637346
20010524,0.928296874637
20010525,9.91524513762
20010526,0.304250615296
20010527,0.819000073369
20010528,5.06622251573
20010529,0.280625921751
20010530,5.06342218038
20010531,0.592793383671
20010601,0.991078928344
20010602,4.84733280062
20010603,0.301741405488
20010604,0.730964513032
20010605,1.62014214287
20010606,0.590842918239
20010607,0.199504226113
20010608,4.26107598291
20010609,4.18729168053
20010610,1.86043861249
20010611,1.81286139059
20010612,1.54076370652
20010613,2.37043811142
20010614,1.61930820413
20010615,0.26904799015
20010616,0.978041800054
20010617,0.680854763176
20010618,3.05231270853
20010619,0.477706476257
20010620,1.66091640843
20010621,5.86505540512
20010622,5.43574259057
20010623,2.99405749727
20010624,14.021401055
20010625,1.76325183428
20010626,0.566372731976
20010627,0.601285647959
20010628,10.1181799757
20010629,0.595321432624
20010630,2.47825656733
20010701,6.54292016719
20010702,1.26362334146
20010703,3.57498347057
20010704,2.59035519125
20010705,0.548804501344
20010706,3.34482086818
20010707,1.70052259613
20010708,0.288881202719
20010709,0.405642300962
20010710,2.62783936707
20010711,8.54181019478
20010712,4.54322983102
20010713,2.46814082226
20010714,0.888326396023
20010715,0.635596590622
20010716,6.16017145581
20010717,7.49328184005
20010718,0.709210817783
20010719,0.0103604489927
20010720,2.56709483976
20010721,7.83247743831
20010722,1.38234071638
20010723,1.71155701161
20010724,0.354316473909
20010725,2.67765709326
20010726,5.13286381332
20010727,2.37678419194
20010728,0.39485427402
20010729,0.725672724723
20010730,11.7439616966
20010731,0.423500709456
20010801,0.0179043059934
20010802,7.26516412344
20010803,0.1299556705
20010804,0.099956196551
20010805,0.954307531043
20010806,0.0681877760012
20010807,0.850093549296
20010808,10.8061569348
20010809,0.247965305103
20010810,0.217552837757
20010811,0.404441281579
20010812,0.0361972088395
20010813,5.88680017826
20010814,2.54532263995
20010815,1.00425015593
20010816,1.20774129972
20010817,0.0302894182693
20010818,0.00016344962389
20010819,5.34015447009
20010820,3.00152516607
20010821,3.33685022442
20010822,13.5813794428
20010823,0.290590334359
20010824,0.011201583076
20010825,1.49768760959
20010826,3.09524784374
20010827,0.112405754421
20010828,9.20839234827
20010829,2.02539108293
20010830,0.420298617303
20010831,4.57788843379
20010901,1.63852599969
20010902,0.253824545332
20010903,1.64880805596
20010904,2.1621143416
20010905,0.0923200182228
20010906,0.9449074669
20010907,6.75239164236
20010908,0.120548439613
20010909,16.6434241782
20010910,4.06051935614
20010911,0.219360595489
20010912,0.499034691256
20010913,4.41609570725
20010914,0.182453362105
20010915,2.72301914171
20010916,1.82868077318
20010917,0.0554515248184
20010918,13.7473804854
20010919,15.6459575026
20010920,4.04814156853
20010921,0.152655868541
20010922,0.58144907717
20010923,6.61194690818
20010924,3.05579755543
20010925,0.570546839937
20010926,0.65266890864
20010927,0.189990538417
20010928,0.696565592678
20010929,0.574797509701
20010930,0.019080157193
20011001,2.66596667
20011002,4.41484344962
20011003,1.28589228087
20011004,1.00369231774
20011005,6.2713149479
20011006,0.285186977553
20011007,0.00510024728541
20011008,0.871488168396
20011009,0.874004052869
20011010,1.24174391544
20011011,2.28268281281
20011012,0.195882892979
20011013,0.149174286806
20011014,0.0503945411032
20011015,0.154123494236
20011016,0.263261640164
20011017,0.225088957525
20011018,0.703451325357
20011019,0.574772629005
20011020,0.0116274071562
20011021,0.0376295935274
20011022,0.000804254837049
20011023,0.291166824013
20011024,0.0547185566191
20011025,0.0644866721909
20011026,0.162226744723
20011027,0.173668909055
20011028,0.00755102335663
20011029,0.00236748300972
20011030,0.020509569222
20011031,0.0127280331689
20011101,0.0163038387719
20011102,0.000284537107614
20011103,0.00345547254564
20011104,6.10506373286e-05
20011105,0.00351969411826
20011106,0.00083006513232
20011107,0.0554653043498
20011108,0.000979712660158
20011109,0.121799635955
20011110,0.0664981562275
20011111,0.233329844908
20011112,0.981563639092
20011113,0.112065707926
20011114,0.158336015668
20011115,0.309968816362
20011116,0.0363742921764
20011117,0.0119238302735
20011118,0.00809245564489
20011119,0.000139424876522
20011120,0.00379227758768
20011121,7.07250624187e-05
20011122,0.0129305504116
20011123,0.659514668074
20011124,0.410636844025
20011125,0.612209005384
20011126,0.156354328498
20011127,1.10161373954
20011128,0.104772671621
20011129,0.0483442913282
20011130,0.000827495626409
20011201,0.00112551822282
20011202,3.09064511631
20011203,0.313499979255
20011204,0.184736302372
20011205,0.0075644549008
20011206,7.74094987936e-05
20011207,0.0
20011208,0.0
20011209,0.000731624273076
20011210,1.29262222891e-05
20011211,0.0227252408154
20011212,0.0813534288446
20011213,0.0394380750252
20011214,0.000671516398481
20011215,0.0
20011216,0.00264237858509
20011217,6.69443633842e-05
20011218,0.00292030008191
20011219,0.361770827989
20011220,0.00639079913715
20011221,0.0293906781757
20011222,0.172709924598
20011223,0.0104629877066
20011224,0.000131108655535
20011225,0.00406926536246
20011226,7.18951466992e-05
20011227,0.0
20011228,0.0
20011229,0.0
20011230,0.0291045984867
20011231,0.00051421549502
20020101,0.0894004142167
20020102,0.00444406886733
20020103,5.06105286347e-05
20020104,0.0
20020105,0.00157642560483
20020106,0.0449169862408
20020107,0.756190677554
20020108,0.0226045306643
20020109,0.405048231556
20020110,0.0118332558313
20020111,0.0341999326261
20020112,0.0136624616063
20020113,0.000759869595937
20020114,9.348643974e-06
20020115,0.0
20020116,0.0
20020117,0.0
20020118,0.0
20020119,0.00221293545947
20020120,3.90977913646e-05
20020121,0.0
20020122,0.0
20020123,0.0155450663121
20020124,0.000348136689397
20020125,0.0646308716156
20020126,0.00114775531583
20020127,1.04064068391e-07
20020128,0.0
20020129,0.000572173732844
20020130,1.01090758488e-05
20020131,0.0
20020201,0.000840313323392
20020202,0.00746429635027
20020203,0.000131615711095
20020204,0.0
20020205,0.0
20020206,0.00256715417027
20020207,0.0101548086756
20020208,0.000178612228689
20020209,0.00197213426487
20020210,3.48433628414e-05
20020211,0.00353750977997
20020212,0.0604363191066
20020213,0.0201936765318
20020214,0.00831460381588
20020215,0.000140930585778
20020216,0.0
20020217,0.0
20020218,0.00513294768346
20020219,0.0117841195379
20020220,0.000207722889292
20020221,0.000731552367741
20020222,0.00377545701177
20020223,0.0851330100322
20020224,0.226906179366
20020225,0.0169647545221
20020226,0.122662778644
20020227,0.168054723308
20020228,0.00470266991291
20020301,0.514583952051
20020302,0.100935295082
20020303,0.186864305675
20020304,0.0134316171363
20020305,0.0128123814325
20020306,0.000226128162254
20020307,0.00308078984849
20020308,1.7247753303
20020309,0.132441980796
20020310,0.938000998528
20020311,1.96431431211
20020312,0.141088088971
20020313,0.158403823378
20020314,0.0534334140248
20020315,0.000895195333202
20020316,0.318238964365
20020317,0.0558939155544
20020318,2.02145469746
20020319,0.100532123422
20020320,0.225393746757
20020321,0.302383720662
20020322,0.177144180643
20020323,0.127920226954
20020324,0.0472839521867
20020325,0.206648014802
20020326,0.0845865757252
20020327,0.383569053942
20020328,0.269663586816
20020329,0.502802877202
20020330,0.314920039676
20020331,0.00626781148722
20020401,0.0151545642012
20020402,0.0353951892107
20020403,1.12421113621
20020404,0.0988465494022
20020405,1.90790875322
20020406,0.724334008891
20020407,4.37265757859
20020408,9.58132052377
20020409,0.95969044441
20020410,0.0726334257494
20020411,0.353650352405
20020412,0.901722704799
20020413,1.38092656537
20020414,4.14616041859
20020415,0.138756372208
20020416,0.166734338576
20020417,0.0301450663856
20020418,0.0162663688558
20020419,0.743387918563
20020420,0.34152751946
20020421,0.0219961408524
20020422,0.0502507441628
20020423,4.28325631867
20020424,0.657601689004
20020425,0.0168205139418
20020426,0.867705688289
20020427,1.35056351372
20020428,0.0287979643446
20020429,0.811527442014
20020430,0.375552021943
20020501,0.224417012889
20020502,3.11531258961
20020503,5.46903501194
20020504,1.20395165281
20020505,5.20861345753
20020506,0.76780526141
20020507,0.986166280729
20020508,4.0570664455
20020509,10.7728088377
20020510,0.780040725524
20020511,0.390583695699
20020512,4.41530264178
20020513,0.363068122529
20020514,1.14884217993
20020515,0.33674221703
20020516,0.33475778846
20020517,1.10835268794
20020518,0.121148606496
20020519,6.31271021665
20020520,1.64571879606
20020521,0.0731283027278
20020522,0.208522863314
20020523,1.86429905327
20020524,0.561106751513
20020525,0.349952424422
20020526,0.0407304347017
20020527,0.618852843023
20020528,1.76819078309
20020529,0.209941234995
20020530,0.22689718452
20020531,0.0342013538332
20020601,8.16412750971
20020602,0.197932343365
20020603,0.105550073947
20020604,3.35227542866
20020605,1.43536241551
20020606,0.547396539891
20020607,1.80081325033
20020608,0.557519326964
20020609,0.00947283531657
20020610,5.83647513954
20020611,0.124742192131
20020612,0.102580063681
20020613,0.780943981207
20020614,1.07087647622
20020615,2.00468317652
20020616,0.762608086944
20020617,2.48379619409
20020618,0.852398511454
20020619,2.19869623076
20020620,0.90431390262
20020621,4.51278518588
20020622,0.090247135565
20020623,2.93081937741
20020624,0.907793221774
20020625,9.83174336546
20020626,1.238598267
20020627,1.27811926147
20020628,0.627777055498
20020629,2.07544872845
20020630,3.87694516571
20020701,0.0892694298909
20020702,2.20842577251
20020703,9.61126447936
20020704,1.5125391872
20020705,0.851426850034
20020706,0.142025565201
20020707,1.62812970161
20020708,0.299324536605
20020709,0.885644152061
20020710,6.72286781107
20020711,0.419342412932
20020712,7.35016217687
20020713,1.85876234156
20020714,0.509680650037
20020715,1.61350124643
20020716,0.95985517419
20020717,13.0471365581
20020718,1.00712081709
20020719,1.19388701672
20020720,0.578045506789
20020721,7.2077186788
20020722,5.32346295859
20020723,6.24909385823
20020724,4.48143067665
20020725,1.43286954421
20020726,0.89465495434
20020727,0.0845659685546
20020728,0.971412973123
20020729,1.78613393445
20020730,2.25950579425
20020731,0.292908857388
20020801,7.58129611007
20020802,3.23938522055
20020803,0.0928236998446
20020804,0.0319154642463
20020805,0.81621218321
20020806,7.3933913817
20020807,2.04165018809
20020808,0.216106533596
20020809,0.0788695828745
20020810,7.83046409579
20020811,0.299357776493
20020812,0.851119314632
20020813,4.49624184712
20020814,6.01515014938
20020815,14.215815742
20020816,0.250331723212
20020817,0.0402118382103
20020818,2.97238672013
20020819,0.122675766447
20020820,0.280783976419
20020821,0.870151611838
20020822,2.79464092941
20020823,0.144107584231
20020824,2.72918971192
20020825,0.203783897626
20020826,6.95147384733
20020827,16.259696957
20020828,1.09978706448
20020829,0.505014564875
20020830,4.45709081879
20020831,0.798508410024
20020901,0.565716965443
20020902,1.15591746717
20020903,1.08140378669
20020904,4.78764267264
20020905,4.12630064554
20020906,5.05834706599
20020907,2.61419824702
20020908,1.83352982503
20020909,0.416932974469
20020910,0.628545818814
20020911,2.89786144176
20020912,1.01927602331
20020913,4.09996426355
20020914,11.3004494563
20020915,0.692718551665
20020916,0.992323101118
20020917,0.0308392953899
20020918,7.35798570211
20020919,2.09555298199
20020920,0.705761983978
20020921,0.0269306446356
20020922,0.568409148689
20020923,0.425455315886
20020924,0.379928899413
20020925,5.58386664868
20020926,0.133767492241
20020927,0.715705304676
20020928,0.906348642515
20020929,0.144259287312
20020930,8.32156483665
20021001,2.09850490111
20021002,0.535358135163
20021003,3.20031282529
20021004,0.73988715749
20021005,2.7372147242
20021006,2.08217352922
20021007,1.90458729452
20021008,2.85399163248
20021009,1.95871675063
20021010,1.567844919
20021011,1.89869822105
20021012,0.186035034287
20021013,0.891044331058
20021014,5.44480613094
20021015,0.208238861317
20021016,3.48767126021
20021017,0.245414587147
20021018,3.40493428539
20021019,2.9821188636
20021020,3.15120027876
20021021,0.27218990603
20021022,0.508980638564
20021023,0.924091922822
20021024,0.175106471733
20021025,1.73338888708
20021026,0.255741634587
20021027,0.981213285536
20021028,0.0549689629431
20021029,0.0440686337502
20021030,0.0636760794074
20021031,0.001175073186
20021101,0.167099874764
20021102,0.0626530485757
20021103,0.0058526210612
20021104,0.045252039855
20021105,0.716834772064
20021106,1.15177391273
20021107,0.0675205969399
20021108,1.03007148249
20021109,0.575011395687
20021110,0.1280049123
20021111,0.0701006687009
20021112,0.0544463888575
20021113,0.00161998546959
20021114,1.2001156009e-05
20021115,0.00249511034174
20021116,0.000301397561137
20021117,0.00522905673182
20021118,0.000620824951311
20021119,0.0160939745552
20021120,0.0129123406222
20021121,0.00214600766862
20021122,0.00735105780811
20021123,0.0021163654568
20021124,0.00804801833954
20021125,0.000978201706043
20021126,0.00868843748852
20021127,0.00417193671774
20021128,0.0279944797878
20021129,0.00982036972094
20021130,0.00020058863648
20021201,0.0211162572454
20021202,0.00193726065416
20021203,2.76359202703e-05
20021204,0.0629866204393
20021205,0.286520490902
20021206,0.131897668301
20021207,0.150407670617
20021208,0.0979846714339
20021209,0.029960735167
20021210,0.46824492461
20021211,0.0816181493639
20021212,0.00251137089225
20021213,2.14728297531e-05
20021214,0.0
20021215,1.98973163525e-05
20021216,2.78737469839e-06
20021217,2.02260978041e-07
20021218,0.00021262107059
20021219,0.0226736178108
20021220,0.000400527574824
20021221,0.0
20021222,0.199145659901
20021223,0.00351847455291
20021224,0.0
20021225,0.0
20021226,0.00402459361485
20021227,7.11058950484e-05
20021228,0.0
20021229,0.0
20021230,0.0
20021231,0.0
20030101,0.00466422608293
20030102,8.24068200861e-05
20030103,0.0526286560477
20030104,0.000929834896667
20030105,0.0
20030106,0.0
20030107,0.0
20030108,0.0
20030109,0.00018502634153
20030110,0.0074657156872
20030111,0.00135769159396
20030112,0.188337791906
20030113,0.283948644223
20030114,0.0563696323249
20030115,0.0250120446668
20030116,0.00121448683094
20030117,0.00537346138969
20030118,0.224362907174
20030119,0.526347487907
20030120,0.166946247771
20030121,0.0251530455227
20030122,0.0300526833135
20030123,0.047537045839
20030124,0.293005483175
20030125,0.0474812446026
20030126,0.00392172830182
20030127,0.000239597125308
20030128,3.24237986443e-06
20030129,0.0
20030130,0.0
20030131,0.0
20030201,0.0
20030202,0.0
20030203,0.00769664246172
20030204,0.000135983078574
20030205,0.0
20030206,0.0
20030207,0.0
20030208,0.0
20030209,0.0
20030210,0.00188655786797
20030211,0.0883845131263
20030212,0.00833141761721
20030213,0.799926343672
20030214,4.22878766445
20030215,3.09934888908
20030216,0.0900885116535
20030217,5.47295527341
20030218,0.332928924746
20030219,0.00417394054339
20030220,0.0
20030221,0.0214632961783
20030222,0.116959916878
20030223,0.00319129931937
20030224,0.074467084838
20030225,0.0921063973818
20030226,0.226944669798
20030227,2.68764658619
20030228,0.0644942163814
20030301,0.0039858320374
20030302,0.11221137753
20030303,0.016729326767
20030304,0.0124649895321
20030305,0.00321648380057
20030306,0.0132132334722
20030307,0.0374867292881
20030308,0.278375223238
20030309,0.00705384784228
20030310,0.0284398382761
20030311,0.415359542445
20030312,0.20738083232
20030313,0.0606607250508
20030314,0.00447372339505
20030315,0.0279320682059
20030316,0.000492418000494
20030317,0.0
20030318,0.0
20030319,0.0407227247261
20030320,0.350025662637
20030321,0.238402368748
20030322,3.32941610658
20030323,12.8048752443
20030324,0.297873506319
20030325,0.0328414583742
20030326,0.211759496555
20030327,0.0197323430547
20030328,0.0696668860467
20030329,0.00406200953148
20030330,1.33250376976
20030331,0.0431138020396
20030401,0.00515562667009
20030402,0.0102155677569
20030403,0.0102995925476
20030404,0.961548131018
20030405,0.453595925895
20030406,3.1485634145
20030407,0.647954384124
20030408,0.126610091648
20030409,1.97116736634
20030410,0.273846597935
20030411,0.0301112172729
20030412,5.40900498799
20030413,0.81633355546
20030414,0.241889128717
20030415,0.347038332443
20030416,3.26809935544
20030417,0.0858143712207
20030418,4.39358833398
20030419,0.606064488476
20030420,1.22860723101
20030421,0.844240812319
20030422,0.191687405982
20030423,1.46878036433
20030424,10.3185570262
20030425,0.724259036165
20030426,3.17371290426
20030427,2.3600686415
20030428,0.494564651285
20030429,2.05240935995
20030430,3.54382847662
20030501,0.119662700636
20030502,0.444935125129
20030503,0.662197126858
20030504,0.943242898278
20030505,0.689725774082
20030506,0.192035991135
20030507,0.111368092768
20030508,1.94945160609
20030509,0.829405615997
20030510,1.35706085287
20030511,1.25707737217
20030512,3.26873372114
20030513,1.65344793346
20030514,0.831875736821
20030515,2.60149936169
20030516,23.3390077792
20030517,12.7975974012
20030518,0.298530239517
20030519,0.883866080639
20030520,0.646565858386
20030521,0.862845771321
20030522,1.60335289293
20030523,1.70557809025
20030524,2.12151483726
20030525,2.45999855399
20030526,0.842974348672
20030527,2.23217456278
20030528,11.6334798336
20030529,8.02619551737
20030530,1.01725206534
20030531,1.03124824535
20030601,0.911213654741
20030602,22.5992901318
20030603,1.47665171356
20030604,0.150773092755
20030605,3.63324244489
20030606,4.75231981782
20030607,0.335967455672
20030608,1.19120410627
20030609,1.15181302333
20030610,0.503845974027
20030611,1.17753443339
20030612,4.06043911911
20030613,2.43279262713
20030614,1.54336171338
20030615,0.0296676290405
20030616,0.717442974235
20030617,0.119116146342
20030618,7.97063100916
20030619,0.211794989944
20030620,3.6109859381
20030621,1.3333090622
20030622,3.29809860493
20030623,3.40724362451
20030624,0.708114732661
20030625,1.57437052675
20030626,5.60235378596
20030627,1.19430042616
20030628,0.577360616872
20030629,2.5064372936
20030630,7.48886759666
20030701,0.165563997543
20030702,1.23219798205
20030703,17.7543194779
20030704,3.67756878152
20030705,1.09513919865
20030706,0.034752647246
20030707,1.12105122736
20030708,3.72957892914
20030709,2.53555456844
20030710,0.05191825418
20030711,4.25121528835
20030712,0.177646303472
20030713,1.22995067208
20030714,3.29149171489
20030715,4.09529812557
20030716,0.126354824402
20030717,3.93488313053
20030718,3.50928676357
20030719,0.506130945685
20030720,2.47503789877
20030721,7.41232165354
20030722,2.32310839718
20030723,0.846643712864
20030724,1.35597034199
20030725,1.29269154689
20030726,0.267782040569
20030727,1.34356539239
20030728,3.72321507453
20030729,0.138203888074
20030730,4.13755452125
20030731,0.161057179975
20030801,5.57117813362
20030802,0.935670585144
20030803,1.26935422284
20030804,1.32462155677
20030805,1.4947253528
20030806,0.432339037565
20030807,12.5951599492
20030808,0.396189577769
20030809,1.6204446247
20030810,0.813120237564
20030811,7.3387540227
20030812,5.7967564244
20030813,1.93222818567
20030814,4.84474071617
20030815,1.41189416791
20030816,1.2383871405
20030817,2.61446763806
20030818,0.418505227948
20030819,1.85830488072
20030820,4.46182791567
20030821,2.21030641906
20030822,0.0649449991793
20030823,0.817968527317
20030824,12.5276552888
20030825,0.285485868368
20030826,0.0596710593718
20030827,0.611548379875
20030828,5.04427896861
20030829,1.96440411109
20030830,2.71791837699
20030831,0.73616036608
20030901,10.8300253035
20030902,0.692639034542
20030903,0.535165369702
20030904,0.899327768309
20030905,11.0001046782
20030906,2.6423978887
20030907,9.61627780074
20030908,4.2733411699
20030909,0.901459082639
20030910,2.38343408014
20030911,0.159262539866
20030912,0.552396019194
20030913,2.92520301888
20030914,0.372781542054
20030915,1.18095471377
20030916,1.87537161896
20030917,3.32482903865
20030918,0.54187637756
20030919,0.694048156452
20030920,2.79804725963
20030921,3.5091571272
20030922,0.585719692754
20030923,1.698133444
20030924,2.27973213952
20030925,0.274338952183
20030926,0.92430910639
20030927,0.104621633154
20030928,5.39630563245
20030929,2.01197709164
20030930,1.59535600163
20031001,0.31105538934
20031002,0.0104195318976
20031003,3.01422594476
20031004,0.122875426876
20031005,0.476448180511
20031006,4.62096030586
20031007,1.56454163822
20031008,0.802049594027
20031009,0.364137711014
20031010,0.117117223941
20031011,0.18057318663
20031012,2.30291318366
20031013,1.0876981885
20031014,2.00771134094
20031015,5.6565189164
20031016,4.24818015344
20031017,1.24831880489
20031018,1.56035080712
20031019,0.485981703995
20031020,0.338888371231
20031021,1.22143576632
20031022,1.12829741501
20031023,0.0751076511153
20031024,0.264168342573
20031025,0.842904999943
20031026,2.77834531925
20031027,4.62854688377
20031028,0.885279612959
20031029,0.981453129896
20031030,0.0170890762084
20031031,1.11191183769
20031101,0.331237886007
20031102,1.1295857191
20031103,0.829723709648
20031104,0.641554064101
20031105,0.115319263929
20031106,0.233486353382
20031107,1.58699172742
20031108,0.302916459918
20031109,0.300305932298
20031110,1.70251156428
20031111,0.32457990741
20031112,0.165271196006
20031113,0.433007599647
20031114,1.80072608808
20031115,0.570872487758
20031116,0.0111566227392
20031117,0.00171560820082
20031118,0.338056657459
20031119,0.0589250327603
20031120,0.00888074230778
20031121,0.361039102999
20031122,0.0120823081595
20031123,0.00568159074487
20031124,0.0047367439828
20031125,0.168210481544
20031126,0.0570857401881
20031127,0.0125574898786
20031128,0.0266569617724
20031129,0.000566553926485
20031130,0.00753953521696
20031201,0.0112024119643
20031202,0.0104449914282
20031203,0.31238629973
20031204,0.436498135373
20031205,0.148664392621
20031206,0.00249205270933
20031207,0.000241921190897
20031208,0.00571572868256
20031209,0.0579167429516
20031210,0.00102148104331
20031211,0.0
20031212,0.0
20031213,0.175855173067
20031214,0.725197200558
20031215,0.329766970482
20031216,0.0580626977646
20031217,0.0528051376289
20031218,0.0914816856453
20031219,0.00160009014671
20031220,0.0
20031221,0.0
20031222,0.0189847901013
20031223,0.000335420297687
20031224,6.15639389311e-05
20031225,0.246288849712
20031226,0.434428523205
20031227,0.00759853605568
20031228,0.0
20031229,0.0
20031230,0.0
20031231,0.00253739731709
20040101,0.027083363162
20040102,0.0012583809898
20040103,0.00509986297415
20040104,8.98598850335e-05
20040105,0.0
20040106,0.0
20040107,0.000287030085353
20040108,5.07120427867e-06
20040109,0.0305433126104
20040110,0.085433458574
20040111,0.00149989088338
20040112,0.0
20040113,0.0
20040114,0.0
20040115,0.0303882939664
20040116,0.0552876868008
20040117,0.292681194614
20040118,0.0879793745429
20040119,0.00146334663132
20040120,0.106948386081
20040121,6.25533327351
20040122,0.513569672673
20040123,0.154936722182
20040124,0.0221047165672
20040125,0.014112235578
20040126,0.0398752414084
20040127,0.0458696588148
20040128,0.0634588678773
20040129,0.00110724139166
20040130,2.82329664863e-09
20040131,0.0
20040201,0.0
20040202,0.170253118504
20040203,0.0447244897227
20040204,0.000737040387498
20040205,0.0
20040206,0.0
20040207,0.0
20040208,0.0
20040209,0.0
20040210,0.0
20040211,0.0
20040212,9.17214288945e-05
20040213,1.62052047274e-06
20040214,0.00118664605769
20040215,1.24326796134
20040216,1.29013396655
20040217,0.561577729389
20040218,0.0240119657288
20040219,0.178400253871
20040220,0.0842457203287
20040221,1.15394200789
20040222,0.3894588534
20040223,0.0479160512298
20040224,0.000735459980319
20040225,0.0106967777428
20040226,0.161495318327
20040227,0.123773312389
20040228,0.570291475987
20040229,1.06667321435
20040301,4.19644838919
20040302,6.00481857547
20040303,0.273728285461
20040304,0.496690648443
20040305,0.190659647845
20040306,0.00321443337052
20040307,0.0
20040308,0.0
20040309,0.0
20040310,0.0
20040311,0.0
20040312,0.0
20040313,0.0402370846936
20040314,0.00135352377128
20040315,0.00563840721321
20040316,0.236639498239
20040317,0.351111509758
20040318,0.994351138192
20040319,0.0723986029461
20040320,0.193508398167
20040321,0.071003247287
20040322,0.104591199082
20040323,0.876374734872
20040324,0.280234333154
20040325,0.132327509093
20040326,0.546101451119
20040327,0.0599078864393
20040328,0.634023273814
20040329,0.450982758488
20040330,3.10220381153
20040331,2.73124868331
20040401,0.629941512766
20040402,0.254262839438
20040403,0.914779976856
20040404,0.0484771696603
20040405,0.00680606520495
20040406,0.0169566470824
20040407,5.6025678483
20040408,0.147983977309
20040409,1.85225228032
20040410,0.353062088307
20040411,4.49763096925
20040412,3.09503127568
20040413,0.0587595361715
20040414,0.0723288975942
20040415,3.37214470439
20040416,2.11015306556
20040417,0.411892601238
20040418,0.060939605444
20040419,0.806823549908
20040420,0.636406684589
20040421,6.44403877996
20040422,1.66913196746
20040423,2.35944449844
20040424,0.243871903721
20040425,5.48823509373
20040426,0.926423702838
20040427,15.5455253415
20040428,1.88310620636
20040429,0.20369220731
20040430,4.8148343877
20040501,0.350161258358
20040502,0.601922020912
20040503,0.4341437375
20040504,0.284313940353
20040505,4.7668452643
20040506,8.81091552144
20040507,0.430913865561
20040508,0.00830047350061
20040509,0.000759509559796
20040510,1.23717608939e-05
20040511,0.640608804153
20040512,1.3317004906
20040513,1.09471012765
20040514,3.22058114663
20040515,0.620250146178
20040516,3.3412086663
20040517,0.245795613531
20040518,3.30861206737
20040519,2.25270646764
20040520,5.56608585137
20040521,0.551020846834
20040522,0.0572758120862
20040523,0.0256352043365
20040524,5.6209014168
20040525,0.118226321873
20040526,0.679633476182
20040527,4.79230287051
20040528,0.129042464931
20040529,1.80012003165
20040530,3.19827588632
20040531,0.0792920670619
20040601,0.367293151908
20040602,6.23280803851
20040603,8.14086884318
20040604,0.714450632011
20040605,0.15930776769
20040606,0.00394269720765
20040607,4.16672489617
20040608,9.03568329921
20040609,0.285298037955
20040610,2.63864632506
20040611,0.109310090667
20040612,5.89953053044
20040613,2.80281965433
20040614,0.841969023494
20040615,3.12949411812
20040616,7.07916875307
20040617,1.11365280891
20040618,1.94498816604
20040619,0.0442158137868
20040620,0.718375529821
20040621,6.90560574734
20040622,2.84387953883
20040623,0.0596345197014
20040624,0.248248574425
20040625,9.98224429506
20040626,0.704636653452
20040627,1.39473060424
20040628,1.56166635662
20040629,3.00003454453
20040630,0.23073094254
20040701,6.96313387693
20040702,0.128959857862
20040703,7.57662663021
20040704,2.94246557915
20040705,2.79414344721
20040706,0.970252311323
20040707,5.37918949324
20040708,6.31494749659
20040709,2.14120464172
20040710,11.9196183302
20040711,3.78570823715
20040712,4.50152564894
20040713,0.128375579096
20040714,17.3278796384
20040715,0.703351896489
20040716,0.1429637457
20040717,5.56154653769
20040718,6.60256588139
20040719,1.35648583095
20040720,0.560668355542
20040721,4.52708038182
20040722,2.1097189076
20040723,0.0452504844405
20040724,6.37096555117
20040725,0.402467517764
20040726,0.640253847735
20040727,0.0176763962706
20040728,2.29143137388
20040729,0.454714613569
20040730,2.06452075934
20040731,1.26620235535
20040801,4.34378455181
20040802,0.0913856865421
20040803,7.15827480167
20040804,0.806111866305
20040805,1.50684010776
20040806,0.90614467504
20040807,0.478725887308
20040808,0.167392167439
20040809,2.68912610117
20040810,0.112129320736
20040811,3.59823480408
20040812,2.03526884688
20040813,0.134289178212
20040814,9.47103854392
20040815,7.14100464292
20040816,0.918278202495
20040817,6.64700779639
20040818,0.127355184551
20040819,0.0857050303433
20040820,0.130104478084
20040821,1.33348057034
20040822,0.204531413692
20040823,3.20401848936
20040824,6.44946548767
20040825,1.00882634294
20040826,3.36821773289
20040827,3.58636500614
20040828,0.0808117893009
20040829,2.3445192487
20040830,0.495664784541
20040831,8.63191146765
20040901,0.333746289354
20040902,1.9938034064
20040903,4.81995760035
20040904,0.570701293285
20040905,6.64090095403
20040906,0.350238502955
20040907,7.03622502359
20040908,0.613394160046
20040909,0.677587294371
20040910,0.40656494482
20040911,1.43337308899
20040912,3.77114713586
20040913,0.248781045765
20040914,4.76213472509
20040915,3.22934485195
20040916,0.79714269378
20040917,0.219656204787
20040918,0.827517244078
20040919,0.714442229144
20040920,4.22176733495
20040921,1.77352909378
20040922,2.90577702255
20040923,3.47566138634
20040924,1.18072381733
20040925,0.0608447950341
20040926,1.11722487602
20040927,1.38183542958
20040928,0.150512505377
20040929,0.207079919963
20040930,4.07832056157
20041001,6.19304901575
20041002,1.14701126072
20041003,0.396946895353
20041004,2.16792872058
20041005,5.35185894431
20041006,0.173867381424
20041007,2.4229598158
20041008,0.154447993166
20041009,0.333020159267
20041010,0.313083914449
20041011,4.42649533728
20041012,1.33735448618
20041013,0.499118394137
20041014,0.739868192685
20041015,2.03562238391
20041016,0.765773777363
20041017,0.757538434676
20041018,0.117103943023
20041019,0.13669126218
20041020,0.0478800794247
20041021,1.18478626132
20041022,1.31789143173
20041023,0.507360650838
20041024,1.03345327898
20041025,0.576496870952
20041026,0.456937235946
20041027,0.853974256507
20041028,0.363521118852
20041029,0.47877329338
20041030,0.496237701118
20041031,1.85190413927
20041101,1.05397178809
20041102,1.5505696914
20041103,5.54065570192
20041104,1.53799877045
20041105,0.474908148441
20041106,1.99900735963
20041107,2.35296855573
20041108,0.164525504551
20041109,0.321630642217
20041110,0.0671737402609
20041111,0.0132432402933
20041112,0.732437509253
20041113,0.267399804977
20041114,2.47203239894
20041115,0.23048266813
20041116,0.00949749058998
20041117,0.0876397506136
20041118,0.173413445219
20041119,0.0624022954629
20041120,0.0249773833349
20041121,0.0488241150477
20041122,0.0636093704257
20041123,0.00110873182754
20041124,0.00578530561515
20041125,0.0294836363587
20041126,0.0654555874269
20041127,0.53881219621
20041128,0.0281316788934
20041129,0.00153151455944
20041130,0.000507292963188
20041201,8.58746516551e-06
20041202,0.0
20041203,0.0
20041204,0.0
20041205,8.20038258139e-05
20041206,0.000448184014803
20041207,7.89285052458e-06
20041208,0.0
20041209,0.157929472943
20041210,0.0289861516825
20041211,0.00278774587424
20041212,0.276745258363
20041213,0.476332127709
20041214,0.305899358081
20041215,0.00525741996813
20041216,0.03990554085
20041217,0.0906042517231
20041218,0.0736984682249
20041219,0.00316457091555
20041220,0.0247378238661
20041221,0.0116484470387
20041222,0.0160273572756
20041223,0.658239675956
20041224,0.4695369491
20041225,0.180627353255
20041226,0.480683198798
20041227,0.555704746485
20041228,0.355989095628
20041229,0.0175154861632
20041230,0.000201356110377
20041231,0.0552004972602
20050101,0.0485372623537
20050102,0.0881746557222
20050103,0.00154300952328
20050104,0.0
20050105,0.0
20050106,0.00710216615217
20050107,0.000125479968622
20050108,0.0
20050109,0.0
20050110,0.0
20050111,0.000199666624341
20050112,0.154247461748
20050113,0.0925778046687
20050114,0.00158750258037
20050115,0.207966095441
20050116,0.00376221029219
20050117,0.212370536775
20050118,0.00375210222221
20050119,0.0
20050120,0.0
20050121,0.0
20050122,0.0475704870465
20050123,0.0401323950463
20050124,0.000694203630479
20050125,0.0242998985711
20050126,0.547731319383
20050127,0.220418252054
20050128,0.852552461688
20050129,0.0681773493131
20050130,0.118405365334
20050131,0.0268363064495
20050201,0.0401744003361
20050202,0.000702065839832
20050203,0.0
20050204,0.0442130051874
20050205,0.0115886420303
20050206,0.000190945109431
20050207,0.161119844461
20050208,0.09964742168
20050209,0.00912564798224
20050210,0.023730409199
20050211,0.116738839451
20050212,0.0942452686983
20050213,0.00408033141531
20050214,0.000114115852868
20050215,0.161339757095
20050216,0.0327512630219
20050217,0.000528281946639
20050218,0.0019690851464
20050219,0.0640717852406
20050220,4.47563539419
20050221,0.1922018996
20050222,0.0835485348192
20050223,0.0349864554289
20050224,0.000592679384586
20050225,0.00136019828535
20050226,0.421145581205
20050227,0.194988191378
20050228,0.140250807159
20050301,0.771375014853
20050302,0.116385237925
20050303,1.41594809962
20050304,0.929485633983
20050305,0.262306332121
20050306,0.209749784037
20050307,0.412462240649
20050308,0.250329204377
20050309,0.355020411231
20050310,0.638821328713
20050311,0.0207715096051
20050312,0.058425866071
20050313,5.15924759701
20050314,2.31142742329
20050315,3.00829619521
20050316,0.196675743928
20050317,0.00479806117214
20050318,0.194728944021
20050319,0.0685332944639
20050320,1.2552627607
20050321,0.49283548444
20050322,0.0397746494051
20050323,0.113159190795
20050324,1.75077851769
20050325,0.0774411135518
20050326,0.000822328232021
20050327,0.0490830720347
20050328,0.0160355492015
20050329,0.00603531602805
20050330,0.0498281352782
20050331,0.0635908327903
20050401,0.0623419222694
20050402,0.517341447756
20050403,0.778511879175
20050404,0.704921740461
20050405,0.469130052491
20050406,0.080000410736
20050407,0.58292778634
20050408,1.34130603461
20050409,1.5961845059
20050410,0.635006454142
20050411,0.530233518907
20050412,1.11317100525
20050413,1.18030754647
20050414,4.9828445355
20050415,0.844699077958
20050416,0.385025337904
20050417,2.38424467738
20050418,0.616739265563
20050419,3.79022057781
20050420,1.361516827
20050421,0.306544257179
20050422,0.836309667024
20050423,1.13622266095
20050424,1.31743059569
20050425,1.68495497465
20050426,0.230641594747
20050427,1.96872478965
20050428,0.93032985768
20050429,9.06110490645
20050430,3.01391323528
20050501,0.0738991882125
20050502,3.45348869871
20050503,2.42693228374
20050504,7.7617352146
20050505,1.19285062891
20050506,4.77892997005
20050507,1.36374687427
20050508,1.11999209773
20050509,2.01249729668
20050510,7.57520015717
20050511,1.18784171207
20050512,0.21331473279
20050513,0.206332430936
20050514,0.0823782934259
20050515,0.702833624852
20050516,1.02891182908
20050517,6.22180376994
20050518,0.779153497345
20050519,1.01254160996
20050520,0.394623906559
20050521,0.624544705204
20050522,2.9992192646
20050523,1.54253201385
20050524,0.910708844588
20050525,0.313099341754
20050526,3.64543098149
20050527,2.29375004416
20050528,1.17346291651
20050529,1.8350969691
20050530,1.6014934502
20050531,3.0945562905
20050601,1.85808561021
20050602,1.87261537054
20050603,1.29608587999
20050604,1.35208331357
20050605,7.9671295959
20050606,0.371546507967
20050607,0.894029336371
20050608,4.1570809538
20050609,1.08999431511
20050610,0.594475862734
20050611,0.192519115204
20050612,1.05739895649
20050613,0.478986566537
20050614,0.0764114542517
20050615,1.50427005966
20050616,2.7169733342
20050617,0.253518018937
20050618,10.2885626441
20050619,1.02227140755
20050620,1.2969913964
20050621,3.96703502577
20050622,0.415623080791
20050623,0.947629609787
20050624,0.0862471768719
20050625,8.11692301623
20050626,0.64765612985
20050627,3.46303488808
20050628,1.19179946221
20050629,1.74204686867
20050630,4.14738215442
20050701,2.71517375458
20050702,5.27631956204
20050703,3.35634053161
20050704,0.330974578463
20050705,0.0895106421405
20050706,0.786244064102
20050707,1.26940214172
20050708,0.424140035574
20050709,11.1733699949
20050710,1.72823779585
20050711,4.00540727814
20050712,0.0801737042863
20050713,0.180728359148
20050714,3.24259057781
20050715,5.18392499418
20050716,0.846662218999
20050717,1.72753321308
20050718,6.72731968884
20050719,0.678372072705
20050720,0.0977215144585
20050721,6.28103836649
20050722,3.14999323461
20050723,0.443602300151
20050724,0.414325988111
20050725,1.99477720128
20050726,5.62538706031
20050727,0.0987694988417
20050728,0.180047796294
20050729,2.7166432632
20050730,1.63968975626
20050731,0.799014578858
20050801,1.37422865397
20050802,0.375547886289
20050803,0.294778602008
20050804,0.0672107094562
20050805,3.72484044017
20050806,0.900866103734
20050807,0.21554303497
20050808,4.67342748074
20050809,0.920628240213
20050810,0.0803284097154
20050811,1.02883810347
20050812,0.251217690224
20050813,2.31384884577
20050814,0.329782670612
20050815,0.29780451813
20050816,3.02166408503
20050817,3.16891382943
20050818,1.87349815254
20050819,0.116993728413
20050820,0.181957621218
20050821,3.46175590037
20050822,0.614735907845
20050823,0.545643570065
20050824,9.05964094754
20050825,0.195189353949
20050826,0.525581236051
20050827,2.09140508273
20050828,0.433396606723
20050829,6.29362235351
20050830,4.08182374601
20050831,0.217705672595
20050901,0.0329598165993
20050902,31.5696447344
20050903,1.19872918094
20050904,11.1628349363
20050905,0.418762140826
20050906,6.12077221741
20050907,0.35464066593
20050908,0.403213568266
20050909,2.29546014555
20050910,0.064938496359
20050911,0.829751664636
20050912,1.658698358
20050913,1.54340136989
20050914,1.08885002833
20050915,1.21236158428
20050916,1.51338714318
20050917,1.12457438269
20050918,0.448210788519
20050919,0.89170581506
20050920,4.76740234495
20050921,3.875703679
20050922,0.19729070387
20050923,0.313122543336
20050924,2.46915987382
20050925,2.91764998608
20050926,3.000516469
20050927,7.31545179372
20050928,0.247807716141
20050929,0.0858227603697
20050930,0.198666898859
20051001,0.181147561301
20051002,0.61413160032
20051003,6.84501668953
20051004,0.731332197147
20051005,0.728518429842
20051006,0.235826521964
20051007,8.12000157167
20051008,0.21832449127
20051009,2.35913296477
20051010,1.90069101652
20051011,0.666197346562
20051012,0.108141760254
20051013,0.363726018778
20051014,4.47371065303
20051015,0.567860592247
20051016,2.43000941196
20051017,1.19461435065
20051018,0.040907177742
20051019,0.346862143425
20051020,0.0864097003041
20051021,0.391787710073
20051022,0.194841617819
20051023,1.63535302283
20051024,0.200187472615
20051025,0.183266679109
20051026,0.009642754378
20051027,0.177918265039
20051028,0.0743247234981
20051029,0.405952967883
20051030,0.101959985851
20051031,0.0423809747139
20051101,0.2936136983
20051102,2.22274191317
20051103,0.647750458504
20051104,0.138186117142
20051105,1.71157757995
20051106,1.0447158985
20051107,0.195635815418
20051108,0.0269131726173
20051109,0.000420024596071
20051110,0.00821880090179
20051111,0.0177961069637
20051112,0.252302732266
20051113,0.0498115257902
20051114,0.0128919023088
20051115,0.0664928258855
20051116,0.00120161992257
20051117,0.00541420839267
20051118,0.200779350821
20051119,0.00380489399192
20051120,0.000771489118739
20051121,0.0151483585811
20051122,0.0345737227038
20051123,0.00782917831698
20051124,0.000212455801939
20051125,0.00369659047343
20051126,0.000487302869367
20051127,0.0349391710901
20051128,0.108295494206
20051129,0.336836206463
20051130,0.128189009554
20051201,0.0678075985561
20051202,0.426174031161
20051203,0.48443940895
20051204,0.0409916418787
20051205,0.00349716409979
20051206,0.00387373749789
20051207,0.0621349063543
20051208,0.140115220687
20051209,0.00273459896234
20051210,1.01266980555e-05
20051211,0.134674665786
20051212,1.60484367906
20051213,0.182327436646
20051214,0.0431766272648
20051215,0.000714761626054
20051216,0.0
20051217,0.0
20051218,0.0
20051219,0.0
20051220,0.0
20051221,0.0
20051222,0.0
20051223,0.00822972467595
20051224,0.0127668908721
20051225,0.524390346392
20051226,0.011345575035
20051227,3.68315874696e-05
20051228,0.0094224560902
20051229,0.000166474496474
20051230,0.0191749980542
20051231,0.00113494000018
20060101,0.00561174553026
20060102,9.88989217455e-05
20060103,0.0850738824672
20060104,0.0116110471248
20060105,0.0168133764098
20060106,0.0200363983636
20060107,0.0588305597982
20060108,0.161634481558
20060109,0.332383602581
20060110,0.00582292079987
20060111,0.000415462067587
20060112,1.34343156827e-05
20060113,0.00577694813204
20060114,0.0200584101777
20060115,0.0108346901963
20060116,0.000185196184877
20060117,0.0278691219777
20060118,0.000492387308856
20060119,0.236410788516
20060120,0.022530843176
20060121,0.00367462723077
20060122,0.00690763474752
20060123,0.000120997177299
20060124,0.0
20060125,0.0
20060126,0.190522681945
20060127,0.0239495884912
20060128,0.0565792908675
20060129,5.03005961351
20060130,2.03704256335
20060131,0.235637014996
20060201,0.00928780761442
20060202,0.000110445395933
20060203,0.00569171282954
20060204,0.173851077529
20060205,0.0783110165995
20060206,0.00132935019807
20060207,0.116502730212
20060208,0.0113329420551
20060209,0.00365550031739
20060210,0.111726937689
20060211,0.013240541783
20060212,0.0513991379291
20060213,0.00545611338891
20060214,0.0562052664555
20060215,1.62083096804
20060216,0.957216586823
20060217,0.491111370274
20060218,0.20738856951
20060219,0.170247899023
20060220,0.00840981645362
20060221,0.000529498188781
20060222,0.0411959097655
20060223,0.137938224271
20060224,0.00706795754826
20060225,0.00388597919088
20060226,0.0385543227415
20060227,0.0138822986005
20060228,0.000233256454851
20060301,0.641339656998
20060302,1.10085537057
20060303,0.518034991955
20060304,0.949257671964
20060305,0.394401088278
20060306,0.180973432187
20060307,0.0544646946006
20060308,0.806868104843
20060309,0.0239410184589
20060310,0.100303603674
20060311,0.206990703806
20060312,0.0106246112158
20060313,0.176504703646
20060314,0.0245891718644
20060315,1.35978606196
20060316,0.16415428095
20060317,0.0573806413268
20060318,0.00941523150651
20060319,0.206419571694
20060320,0.604033644687
20060321,1.75501970072
20060322,0.140228714438
20060323,0.948664516027
20060324,0.496478998329
20060325,0.141215159775
20060326,0.0698587410205
20060327,1.31350149274
20060328,2.24872358666
20060329,0.737396853922
20060330,0.0926029555758
20060331,0.416812899511
20060401,0.422723530368
20060402,0.0236769686378
20060403,0.306446619056
20060404,0.361811725727
20060405,0.680184327147
20060406,0.572065989592
20060407,1.83493744751
20060408,0.544781459029
20060409,0.157396186632
20060410,0.163781318674
20060411,0.00705436527827
20060412,0.150293023536
20060413,0.0942787964696
20060414,0.234337714194
20060415,0.484895727671
20060416,0.278968034725
20060417,0.849684276207
20060418,0.746950403674
20060419,1.05141943319
20060420,5.21727775131
20060421,0.782651906739
20060422,0.957659938734
20060423,1.56466063996
20060424,30.5418821566
20060425,2.08682005114
20060426,1.07056381365
20060427,0.600462838554
20060428,1.24180395455
20060429,0.0652997215287
20060430,0.0686594962374
20060501,1.27861907611
20060502,0.206830212808
20060503,2.43203045582
20060504,0.175471298884
20060505,6.11804060016
20060506,0.783507817233
20060507,0.491695630133
20060508,0.66184825342
20060509,2.57608165641
20060510,0.204838838157
20060511,2.42309129886
20060512,0.420442798604
20060513,1.41495079515
20060514,2.88383365865
20060515,1.08366289424
20060516,6.46819138641
20060517,1.23554446178
20060518,0.217912177406
20060519,2.07433378118
20060520,1.20937043938
20060521,3.40446354293
20060522,1.29960943893
20060523,1.11357939963
20060524,0.819121269207
20060525,0.352096283876
20060526,1.8727190318
20060527,0.169429630526
20060528,0.751691206126
20060529,4.24548396918
20060530,0.273884526374
20060531,2.45503943799
20060601,0.368130339368
20060602,0.297906735389
20060603,3.33556619519
20060604,0.450371887357
20060605,0.113921199405
20060606,5.78559509383
20060607,0.126656320646
20060608,5.46758171208
20060609,3.12696983909
20060610,1.95981257443
20060611,0.113624467725
20060612,13.256678696
20060613,0.465616140756
20060614,0.772350543312
20060615,3.68708319552
20060616,0.823853752177
20060617,0.282853080118
20060618,4.32206682116
20060619,1.59993493824
20060620,0.0377976556135
20060621,1.45602840486
20060622,14.0077493487
20060623,1.09068907184
20060624,0.980531942749
20060625,0.564668035266
20060626,2.51594194755
20060627,1.23530227457
20060628,0.141287751961
20060629,2.02806291464
20060630,1.81512904355
20060701,5.98427001613
20060702,0.152200731864
20060703,5.74128479324
20060704,1.6759654689
20060705,1.00937770215
20060706,5.83417032602
20060707,0.342509281975
20060708,0.457987597375
20060709,2.04575542212
20060710,1.77592809296
20060711,0.418226249512
20060712,0.499351620813
20060713,5.10905150517
20060714,6.85357888511
20060715,4.75446314249
20060716,2.75649920175
20060717,0.120132703429
20060718,2.53254298079
20060719,0.992958354852
20060720,10.8860469338
20060721,6.894849989
20060722,2.28104313051
20060723,3.92865124529
20060724,0.0788921580739
20060725,0.504175574128
20060726,10.4272801398
20060727,0.185848561582
20060728,0.403122572517
20060729,3.59294586881
20060730,0.714694062441
20060731,2.57338813226
20060801,4.96070337034
20060802,1.17540266692
20060803,2.66904918498
20060804,8.17783740737
20060805,2.92396012809
20060806,0.218874614925
20060807,1.13719359942
20060808,0.29931420092
20060809,0.118701527706
20060810,1.84427841595
20060811,2.09150256729
20060812,5.13513537984
20060813,1.1111231229
20060814,0.0635847102614
20060815,9.81515764874
20060816,1.04014083875
20060817,2.39816242529
20060818,0.796635720292
20060819,3.59135056852
20060820,0.181562324679
20060821,0.00211296419356
20060822,0.20193743061
20060823,9.73867196393
20060824,1.51881294483
20060825,0.0256639394919
20060826,0.0283334872173
20060827,3.6270419928
20060828,0.24110864052
20060829,0.531170193039
20060830,1.00140395614
20060831,0.274950204414
20060901,13.2171560748
20060902,0.927552421784
20060903,0.106460391722
20060904,4.91748031526
20060905,1.61731483865
20060906,2.09134497575
20060907,0.942923471855
20060908,1.07520053168
20060909,4.66110293829
20060910,2.03445516785
20060911,1.07067959883
20060912,1.28949986598
20060913,5.12259856463
20060914,0.315492460974
20060915,0.074979447242
20060916,6.03662140435
20060917,0.336474463024
20060918,0.475447506907
20060919,4.59240231473
20060920,0.775341306203
20060921,1.13794231228
20060922,1.08669651997
20060923,3.84766051861
20060924,4.14084731641
20060925,1.46860259606
20060926,2.60275621335
20060927,0.860598115807
20060928,7.07931948635
20060929,8.21089199558
20060930,0.809841312662
20061001,6.16230915462
20061002,0.917421578179
20061003,2.78855048835
20061004,0.108078233041
20061005,0.420701843288
20061006,1.8193969845
20061007,4.44686352567
20061008,2.69738577788
20061009,4.91131821969
20061010,0.978193304998
20061011,4.33546520788
20061012,1.59510178263
20061013,0.83793790201
20061014,1.03644997946
20061015,0.181885779107
20061016,0.0960660187244
20061017,0.0624958191475
20061018,0.0162527146546
20061019,15.061662022
20061020,1.25707560562
20061021,0.269920598024
20061022,0.345709147503
20061023,1.59452566657
20061024,0.123302843038
20061025,0.829989352231
20061026,0.39029304937
20061027,1.30259305328
20061028,2.27172552701
20061029,0.734672643417
20061030,0.428507150058
20061031,0.108565313249
20061101,0.0332803592556
20061102,0.454095986116
20061103,0.404412544001
20061104,0.050471829325
20061105,0.197770108108
20061106,0.0263912530411
20061107,0.0216355366918
20061108,0.452652895469
20061109,0.0636255957046
20061110,0.000982947400594
20061111,0.0956418553829
20061112,0.0451006689884
20061113,0.00136348764513
20061114,0.00133638253917
20061115,0.0207282514387
20061116,0.124970104597
20061117,0.00220148918767
20061118,0.0
20061119,0.0
20061120,0.0
20061121,0.0
20061122,0.0325918454691
20061123,0.0201983915882
20061124,0.00197118384282
20061125,2.87013312193e-05
20061126,0.0
20061127,0.0717738816205
20061128,0.0121019891906
20061129,0.104172679688
20061130,0.00362605923359
20061201,3.16066130116e-05
20061202,0.284287219992
20061203,0.593889029244
20061204,0.0861490450177
20061205,0.0612262470625
20061206,0.0301936393195
20061207,0.0365493409607
20061208,0.000636653304303
20061209,0.0
20061210,0.00237113035962
20061211,0.00311148233386
20061212,0.00691712775433
20061213,0.00436356170996
20061214,0.0311410188784
20061215,0.00503904172494
20061216,0.030395299682
20061217,0.0189308959084
20061218,0.000392249497116
20061219,0.0195571063822
20061220,0.000804095235844
20061221,0.0123288891261
20061222,0.000217681754957
20061223,0.0
20061224,0.0197249629563
20061225,0.000348497567827
20061226,0.0
20061227,0.0
20061228,0.0
20061229,0.0025014213978
20061230,4.41947107341e-05
20061231,0.069982625311
20070101,0.069859290093
20070102,0.0302671106278
20070103,0.114919725478
20070104,0.085200606703
20070105,0.211691405491
20070106,0.00371416615668
20070107,0.0
20070108,0.0
20070109,0.0
20070110,0.0
20070111,0.0
20070112,0.0
20070113,0.0
20070114,0.0
20070115,0.0
20070116,0.0
20070117,0.0
20070118,0.0
20070119,0.0
20070120,0.0
20070121,0.00948279389473
20070122,0.000167540529558
20070123,0.0
20070124,0.0
20070125,0.0
20070126,0.000404888679792
20070127,0.0944378041531
20070128,0.00166838596589
20070129,0.0920891277234
20070130,0.352161534265
20070131,0.00661775482452
20070201,0.00822331950647
20070202,0.000145155791383
20070203,0.00828478321068
20070204,0.0397030813223
20070205,0.0180331518051
20070206,0.213664741138
20070207,0.0601494557886
20070208,0.0536247960925
20070209,1.0996422676
20070210,0.135786580486
20070211,0.00592954916198
20070212,0.0251059716854
20070213,0.000510304622778
20070214,1.20044772222e-06
20070215,0.0
20070216,0.0
20070217,0.0
20070218,0.000632652613553
20070219,1.11776059226e-05
20070220,0.00595977803637
20070221,0.474813013036
20070222,0.0562433168771
20070223,0.0716897980405
20070224,0.00244887395733
20070225,0.000294331165641
20070226,0.00913549610951
20070227,0.0273538120007
20070228,0.015276911682
20070301,0.000261421871269
20070302,0.0012705625853
20070303,2.24481006921e-05
20070304,0.0
20070305,0.0
20070306,0.0
20070307,0.0232212830464
20070308,0.00292891639712
20070309,0.297173822305
20070310,0.00922966883722
20070311,0.0265725272413
20070312,0.000468267752705
20070313,0.014014009002
20070314,0.00653711286999
20070315,0.000511971843632
20070316,0.775129616872
20070317,0.599887756785
20070318,0.196861337771
20070319,0.568655712
20070320,0.029494440924
20070321,0.00130082131903
20070322,1.48729767935
20070323,0.328798751066
20070324,0.2689770147
20070325,0.322922139321
20070326,0.244695656775
20070327,0.366369269946
20070328,0.139168075528
20070329,0.388721486827
20070330,3.3146288779
20070331,0.970634070888
20070401,2.26798504869
20070402,1.62328126947
20070403,1.56165353749
20070404,0.0278711697614
20070405,4.31266395683
20070406,3.53150550281
20070407,1.19542569533
20070408,1.17218968812
20070409,0.331907182022
20070410,0.00733315720161
20070411,0.165062246462
20070412,1.88385481572
20070413,9.50132517773
20070414,0.844989835593
20070415,0.562687181815
20070416,0.524911538456
20070417,0.757389577764
20070418,5.33659976681
20070419,1.02707788926
20070420,0.2002320073
20070421,2.1637161833
20070422,0.499054078733
20070423,2.70475233204
20070424,0.12230393727
20070425,0.630426309236
20070426,0.409580091752
20070427,5.93959135825
20070428,3.5428258308
20070429,0.328342166573
20070430,6.84932829435
20070501,5.81821571811
20070502,1.18080173737
20070503,1.76889009162
20070504,0.918477808341
20070505,0.78457898629
20070506,0.73026000865
20070507,1.01376276856
20070508,2.96335603563
20070509,1.48863289885
20070510,0.883965020597
20070511,1.75302906528
20070512,1.19819652695
20070513,0.434781581644
20070514,14.0992176
20070515,7.33169570567
20070516,0.213198625932
20070517,0.606306600596
20070518,0.936802479594
20070519,2.94805021155
20070520,0.703894713507
20070521,1.29346905447
20070522,1.22105600396
20070523,0.951714029718
20070524,3.60124732422
20070525,0.26021127908
20070526,1.76569156971
20070527,9.4007159281
20070528,2.8267554139
20070529,0.664749724302
20070530,0.671582847179
20070531,4.26489708845
20070601,0.0751453088187
20070602,1.38805155322
20070603,3.60374509413
20070604,0.182025444244
20070605,0.159597116306
20070606,1.25360117172
20070607,13.6950083376
20070608,1.44269409861
20070609,0.0429082493608
20070610,0.191871038689
20070611,1.47397921604
20070612,0.988834692931
20070613,0.0574507562174
20070614,1.18106819479
20070615,1.23176507393
20070616,0.0371522963041
20070617,6.89712987487
20070618,0.547289131712
20070619,0.13146200008
20070620,0.842026571302
20070621,3.49736916981
20070622,1.71050667165
20070623,0.52392245313
20070624,6.73459539847
20070625,0.810246744352
20070626,0.52891305913
20070627,1.93965128116
20070628,1.16185363719
20070629,2.25193018978
20070630,0.38703603522
20070701,2.16514320315
20070702,3.30130112043
20070703,0.158095424835
20070704,0.0497175144785
20070705,9.08705516928
20070706,0.2779280241
20070707,0.488950887995
20070708,4.3812835665
20070709,0.189607284789
20070710,7.32223646814
20070711,0.193804564987
20070712,4.62494257403
20070713,4.38212656178
20070714,0.473009246493
20070715,10.2562048002
20070716,0.335449168982
20070717,2.08286212738
20070718,3.05142124744
20070719,0.756579341706
20070720,0.0477208345299
20070721,12.9202762189
20070722,2.00037313929
20070723,9.40655947694
20070724,0.465883233833
20070725,0.0651011513142
20070726,20.8406114097
20070727,3.72141024441
20070728,4.8981823894
20070729,2.11657797537
20070730,0.918725494193
20070731,0.27685911372
20070801,5.36338312544
20070802,0.676971182852
20070803,2.35671009885
20070804,0.0920489598686
20070805,8.60593669669
20070806,14.8370214702
20070807,0.318596862406
20070808,0.0244442924563
20070809,11.9954150313
20070810,0.8577665911
20070811,1.27930575761
20070812,2.96872729007
20070813,1.24152586812
20070814,6.17172208633
20070815,4.21826496928
20070816,0.0820450007123
20070817,0.279540114597
20070818,10.9660208282
20070819,0.267224677991
20070820,0.199977828161
20070821,12.8751772064
20070822,0.549723578193
20070823,0.00786184679963
20070824,5.54028176238
20070825,6.63578445662
20070826,1.30150820912
20070827,5.2415547156
20070828,4.64641141937
20070829,0.97472244842
20070830,2.50419817969
20070831,2.29721099672
20070901,8.87580052023
20070902,2.56042646735
20070903,0.284866112263
20070904,2.82284616987
20070905,3.87320504101
20070906,2.86005125149
20070907,1.80509371626
20070908,0.0858636056993
20070909,1.13289455035
20070910,11.8070185444
20070911,2.55278316529
20070912,2.96003873093
20070913,0.762570855706
20070914,0.729708964857
20070915,2.16693170474
20070916,1.62555712186
20070917,4.15783495705
20070918,0.752289980758
20070919,7.94293329587
20070920,1.54770039297
20070921,1.27647770764
20070922,2.50121003015
20070923,1.1980247754
20070924,0.890801166584
20070925,0.502389905039
20070926,1.29064312473
20070927,4.97090589279
20070928,4.64096222944
20070929,0.878944656805
20070930,0.460685763737
20071001,0.124495137337
20071002,0.0472855369276
20071003,0.495045554994
20071004,0.171997975538
20071005,0.7947566875
20071006,1.24634330938
20071007,0.41217121575
20071008,1.27919856936
20071009,1.63873729419
20071010,1.0378939124
20071011,2.57144269394
20071012,0.595342335326
20071013,0.197773647366
20071014,0.204195185813
20071015,0.186455316026
20071016,0.178180263677
20071017,0.0408946095692
20071018,0.141236107841
20071019,0.554274067669
20071020,2.53554191248
20071021,1.10618084537
20071022,1.89847320583
20071023,0.342942239129
20071024,0.789352590491
20071025,1.92400501485
20071026,0.716839930832
20071027,6.56682117979
20071028,2.25084953544
20071029,2.40574730711
20071030,1.52116706966
20071031,1.63654518268
20071101,0.579609473118
20071102,0.0120224022539
20071103,0.535371015666
20071104,0.371056775558
20071105,0.483815446073
20071106,0.660234447813
20071107,0.108059615015
20071108,1.06006012429
20071109,0.26593468714
20071110,1.13655345179
20071111,0.0978929697833
20071112,0.0701879368391
20071113,0.0238427191785
20071114,0.0229673987766
20071115,0.237283944694
20071116,0.884154204496
20071117,3.77522087659
20071118,3.10375366894
20071119,0.118109614681
20071120,0.529939278948
20071121,1.07929781528
20071122,0.227515339829
20071123,0.0731689064383
20071124,0.0396532010591
20071125,0.47791924064
20071126,0.35955275523
20071127,0.0909670415021
20071128,0.0580385311331
20071129,0.240895589428
20071130,0.0639262862181
20071201,0.00661018821627
20071202,0.0354606018229
20071203,0.546525591983
20071204,0.762280041638
20071205,0.395902118063
20071206,0.089032285251
20071207,0.0257765960794
20071208,0.000429735305505
20071209,0.0
20071210,0.0
20071211,0.0
20071212,0.00218707232666
20071213,3.86408503525e-05
20071214,0.0
20071215,0.0
20071216,0.000881013365813
20071217,0.0111659126964
20071218,0.123808790727
20071219,0.0387791097876
20071220,0.0188951691918
20071221,0.03909132224
20071222,0.000684963101722
20071223,0.000200468852343
20071224,3.5418508286e-06
20071225,0.0
20071226,0.0
20071227,0.0
20071228,0.0
20071229,0.00296654336207
20071230,0.00339118787732
20071231,5.89889669353e-05
20080101,0.0
20080102,0.00267308131479
20080103,0.0880114915503
20080104,0.014590641621
20080105,0.108133152902
20080106,0.00964882837066
20080107,0.0153256805843
20080108,0.0793230681031
20080109,0.0120725367629
20080110,0.0194425982538
20080111,0.151964626934
20080112,0.072034246354
20080113,0.00122535986613
20080114,0.0
20080115,0.00890568903461
20080116,0.0133631685621
20080117,0.0056557126398
20080118,9.58020150873e-05
20080119,0.00870791522451
20080120,28.0016970651
20080121,5.77402249454
20080122,0.0932737808038
20080123,0.0
20080124,0.0
20080125,0.0
20080126,0.0
20080127,0.0
20080128,0.0056219129195
20080129,9.93270836039e-05
20080130,0.0
20080131,0.0
20080201,0.0
20080202,0.0
20080203,0.0
20080204,0.0
20080205,0.0
20080206,0.0
20080207,0.030734342693
20080208,0.180568441473
20080209,0.0983420703898
20080210,0.115295272314
20080211,0.00200731394474
20080212,0.0
20080213,0.000405972567378
20080214,0.0217321509283
20080215,0.00971888659088
20080216,0.000164930263288
20080217,0.0
20080218,0.0
20080219,0.000482388589163
20080220,8.52276739507e-06
20080221,0.0
20080222,0.0
20080223,0.0
20080224,0.0
20080225,0.0
20080226,0.0340719584985
20080227,0.148523949545
20080228,0.0261635408595
20080229,0.151528363747
20080301,0.407748395663
20080302,0.0135355621985
20080303,1.17723819445
20080304,0.392325638022
20080305,3.1005649505
20080306,0.170059643481
20080307,0.491143501378
20080308,0.0791481845761
20080309,0.0143990669754
20080310,0.0199197167976
20080311,0.116244598184
20080312,4.34203131128
20080313,4.95445246669
20080314,0.099678610819
20080315,0.000238495687001
20080316,0.376709499481
20080317,0.334176469698
20080318,0.839370360573
20080319,0.246053888901
20080320,0.173862425888
20080321,0.688026116336
20080322,2.75245322512
20080323,4.63456813262
20080324,0.695233250993
20080325,0.030039630432
20080326,0.235825090415
20080327,0.0125334760584
20080328,0.0173184028693
20080329,0.150503438728
20080330,0.120461579515
20080331,0.505972894424
20080401,0.700830844527
20080402,0.0150312515543
20080403,2.2008978231
20080404,1.50572669953
20080405,0.0523144487872
20080406,0.15274723046
20080407,0.216889150377
20080408,0.463186063927
20080409,0.437622439538
20080410,0.028801875419
20080411,0.00379697557119
20080412,0.0808232270905
20080413,0.00771425680988
20080414,0.518340794664
20080415,0.484941836415
20080416,0.141358355078
20080417,3.71167438585
20080418,0.719859407525
20080419,3.44467156041
20080420,0.41096624891
20080421,0.258765131816
20080422,4.91370455784
20080423,2.27701355451
20080424,1.16390822761
20080425,3.26965549666
20080426,1.9003587806
20080427,1.75140323871
20080428,0.847639929117
20080429,0.134476357364
20080430,1.25050425573
20080501,0.411947349932
20080502,0.824255155327
20080503,0.560460496262
20080504,0.940341780696
20080505,0.41844972386
20080506,1.56334425269
20080507,0.254541640138
20080508,0.581649866093
20080509,7.53646413695
20080510,0.529245837559
20080511,0.49827261588
20080512,11.1852145258
20080513,2.9103828262
20080514,2.13479942235
20080515,0.0507999038667
20080516,1.4546253286
20080517,3.67614985519
20080518,13.5037109317
20080519,8.16026008029
20080520,2.21631421986
20080521,14.7960090518
20080522,2.59446928278
20080523,0.333732145192
20080524,6.642533994
20080525,0.831766780658
20080526,1.41329164432
20080527,0.0350949999666
20080528,0.137164092835
20080529,5.6323948485
20080530,0.99116383471
20080531,4.47530876214
20080601,1.16564643412
20080602,2.03582695503
20080603,0.49888699776
20080604,4.1412260279
20080605,0.157108076931
20080606,0.203004796667
20080607,0.969825732867
20080608,1.82476034742
20080609,1.35430056396
20080610,0.650151508773
20080611,1.3600083219
20080612,0.25256604931
20080613,8.98605850169
20080614,1.76637543589
20080615,0.142029573023
20080616,0.203117551196
20080617,0.408988414012
20080618,6.45223754486
20080619,2.96249452561
20080620,0.0895182860479
20080621,0.724161942652
20080622,0.65405488501
20080623,0.895422227844
20080624,15.4815548139
20080625,5.74954405185
20080626,1.43208903037
20080627,0.534760165805
20080628,1.65304917945
20080629,10.2825384873
20080630,6.48322841604
20080701,0.960553801796
20080702,0.491512766104
20080703,0.911164803668
20080704,0.302598418086
20080705,17.5573214394
20080706,0.320543401769
20080707,7.62094384275
20080708,6.86543780003
20080709,0.244586221384
20080710,4.60339921438
20080711,0.101800700231
20080712,10.5567169616
20080713,0.547255885966
20080714,0.187950835366
20080715,0.409939338441
20080716,14.329688106
20080717,0.399362419823
20080718,1.38691236317
20080719,7.62574726752
20080720,18.4317743191
20080721,0.659125331641
20080722,7.31482881306
20080723,6.39000428224
20080724,0.749353042049
20080725,0.0850894006888
20080726,0.36893924802
20080727,9.64334725183
20080728,5.3440652856
20080729,0.0929170146636
20080730,1.93143500561
20080731,7.2430390958
20080801,6.19627600061
20080802,3.62442838842
20080803,1.73564573343
20080804,3.79454171566
20080805,0.228918004619
20080806,1.13877524486
20080807,0.962170025431
20080808,7.09815449961
20080809,2.30006185689
20080810,0.891044283698
20080811,0.112734836569
20080812,8.91407868574
20080813,4.03208506491
20080814,2.35177464425
20080815,2.08357158942
20080816,1.498523761
20080817,5.63736193756
20080818,0.301888799931
20080819,5.58274796501
20080820,6.26636600228
20080821,0.231234422686
20080822,2.32537726459
20080823,9.7450099559
20080824,0.666752412406
20080825,1.05757844184
20080826,11.8171591929
20080827,1.82798481979
20080828,0.944918001883
20080829,11.5553700725
20080830,3.89686588946
20080831,0.218695282005
20080901,0.999584042671
20080902,4.89668076558
20080903,9.2756265475
20080904,0.167562330512
20080905,3.71338631373
20080906,0.351358360298
20080907,0.0450180856389
20080908,0.840306186205
20080909,9.13862474821
20080910,0.162018882958
20080911,0.514217781639
20080912,7.77881014878
20080913,3.97089795094
20080914,2.88557110228
20080915,1.41813163908
20080916,9.66678859215
20080917,0.22162304288
20080918,2.32742379642
20080919,1.66231708671
20080920,1.72830998361
20080921,1.10779471751
20080922,0.209936877506
20080923,0.6457488314
20080924,4.51437046842
20080925,0.877182450054
20080926,3.98179010379
20080927,5.50891904511
20080928,5.24589596941
20080929,2.8190658548
20080930,0.104037755433
20081001,4.0766444195
20081002,0.841320667615
20081003,0.313765110918
20081004,5.32201877312
20081005,0.147990990247
20081006,1.41715185557
20081007,0.893651257553
20081008,0.294537880227
20081009,0.215739726979
20081010,1.55594975637
20081011,6.82597366053
20081012,6.81290371602
20081013,1.19125377263
20081014,2.63187573517
20081015,0.26929856889
20081016,0.0809059108837
20081017,5.61502502631
20081018,0.283959647645
20081019,0.647171415397
20081020,0.208844230591
20081021,2.5910444444
20081022,0.228650248285
20081023,0.0284103080168
20081024,0.000677928126108
20081025,4.11806616189e-06
20081026,0.0104929410439
20081027,0.000185387640747
20081028,0.0421843041065
20081029,0.149763990442
20081030,0.805039746894
20081031,0.153715723092
20081101,0.111310409997
20081102,0.418423918303
20081103,0.324689007403
20081104,0.028788100061
20081105,0.106682660301
20081106,0.00187761639179
20081107,0.0256639556942
20081108,0.0860316293506
20081109,0.0143942959945
20081110,0.0794742339372
20081111,0.189204679261
20081112,0.266101747565
20081113,0.0202509693856
20081114,0.000275762328486
20081115,0.0
20081116,0.123946493104
20081117,0.0379003356145
20081118,0.0006309270034
20081119,0.00446751649712
20081120,0.0505992588357
20081121,0.883915342239
20081122,0.0917562364036
20081123,0.0108510001433
20081124,0.0416878018157
20081125,0.000733566405612
20081126,0.0211567977586
20081127,0.00786309727257
20081128,0.00533228023616
20081129,0.00669895932327
20081130,0.0105201827665
20081201,0.116137250716
20081202,0.0143968591661
20081203,0.466663580855
20081204,0.27099897804
20081205,0.052696944445
20081206,0.0250399765341
20081207,0.0163150756716
20081208,0.0907720928743
20081209,0.0255609344458
20081210,0.000423359413846
20081211,0.0
20081212,0.109506987823
20081213,0.00945095686276
20081214,0.131328017294
20081215,0.179902977097
20081216,0.299505739901
20081217,0.153730908332
20081218,0.989507602815
20081219,0.0174361126745
20081220,0.00178595187876
20081221,3.15539140998e-05
20081222,0.0
20081223,0.00442671689313
20081224,7.82105355744e-05
20081225,0.0
20081226,0.0
20081227,0.0
20081228,0.0
20081229,0.00017083266273
20081230,3.01824497985e-06
20081231,0.0
20090101,0.0
20090102,0.000117519664597
20090103,0.514900186173
20090104,0.035057594794
20090105,0.000698364695252
20090106,0.00023523897985
20090107,0.00328189206595
20090108,0.00385081515398
20090109,0.369709110712
20090110,0.122542468904
20090111,0.00970282643975
20090112,0.000135214656643
20090113,0.00231579331555
20090114,0.000322713829447
20090115,4.97877630247e-06
20090116,0.0
20090117,0.00742640077675
20090118,0.151066874345
20090119,0.0314963387559
20090120,0.236714781278
20090121,0.223525913295
20090122,0.0763482929763
20090123,0.0461096212335
20090124,0.0484947994412
20090125,0.000842804991881
20090126,0.0
20090127,0.00388231477657
20090129,0.0
20090202,0.368111760814
20090203,0.0
20090204,0.0
20090205,0.0
20090207,0.0539893487701
20090208,0.220130286845
20090210,0.0718574370018
20090212,0.0
20090214,0.0
20090216,0.186912557432
20090218,0.0
20090219,0.0730269888694
20090220,0.0722849019866
20090222,0.542837732123
20090223,0.0
20090225,0.0
20090226,0.0
20090227,0.0
20090228,0.0
20090301,0.0
20090303,0.0271841882514
20090304,0.0
20090305,0.0
20090307,0.0093564025269
20090309,0.0
20090310,0.00754776212262
20090312,1.88360321557
20090313,0.362216789377
20090314,0.38781407396
20090315,0.00898782822543
20090316,1.06479658108
20090317,0.70311296007
20090318,1.70963735904
20090319,1.10307644683
20090320,0.745129285699
20090321,0.212965214176
20090322,0.151531553146
20090323,0.210844575821
20090324,3.49985069744
20090325,0.302079828772
20090326,6.19670744032
20090327,0.309777681747
20090328,7.13149308934
20090329,1.2915721825
20090330,1.39367756213
20090331,0.0368723097097
20090401,0.86627638014
20090402,7.98468483476
20090403,0.837917608591
20090404,0.0137015143435
20090405,3.07915563018
20090406,0.117009034386
20090407,1.30900267768
20090408,2.15051979842
20090409,0.255771985265
20090410,0.461392632735
20090411,0.360997147191
20090412,0.829959907385
20090413,1.78340959553
20090414,8.63451237567
20090415,0.423956285756
20090416,6.35821665926
20090417,2.75204411947
20090418,0.0472300956554
20090419,1.37562474649
20090420,0.404044001483
20090421,1.67492242937
20090422,1.49781132714
20090423,0.0381556843956
20090424,0.754956485396
20090425,3.46551858631
20090426,0.0729022793459
20090427,1.38370774694
20090428,3.32735000556
20090429,0.203612445303
20090430,3.91163641681
20090501,2.24164801119
20090502,1.6000181266
20090503,0.951299811369
20090504,1.30112299646
20090505,1.43730332497
20090506,7.16319526111
20090507,0.420026329693
20090508,5.50154754106
20090509,1.35902992097
20090510,3.28538873925
20090511,1.49610048216
20090512,0.843097728336
20090513,1.41333081724
20090514,1.6717898013
20090515,1.32200786301
20090516,0.421489211709
20090517,2.72179852527
20090518,6.36832764166
20090519,0.665054665038
20090520,2.1199749118
20090521,0.192189510203
20090522,4.84450587298
20090523,0.649676067358
20090524,4.67399477246
20090525,2.17588568597
20090526,0.416237791308
20090527,0.806186016216
20090528,5.96833165213
20090529,2.33464288115
20090530,0.679365213608
20090531,0.629617472835
20090601,0.774691141163
20090602,1.24487674184
20090603,0.834757228055
20090604,3.26249041731
20090605,2.26858353414
20090606,3.09478676017
20090607,0.48867768941
20090608,5.15370113975
20090609,5.00432077035
20090610,0.537966023044
20090611,6.99005510979
20090612,3.40119037972
20090613,2.99178265351
20090614,1.85041393069
20090615,2.08876771809
20090616,7.83324584582
20090617,1.92832570687
20090618,0.113812141872
20090619,3.41620924772
20090620,1.21547897357
20090621,11.0483515239
20090622,4.14945987202
20090623,0.0901335651201
20090624,0.00499787109365
20090625,0.674136650439
20090626,0.0573972345674
20090627,15.9614064793
20090628,0.291061008759
20090629,0.0162215243865
20090630,13.6137839573
20090701,5.56991963455
20090702,6.11856221302
20090703,0.190746201315
20090704,2.63927008805
20090705,1.94211939184
20090706,0.890133696334
20090707,1.01358219772
20090708,4.64871554547
20090709,2.22710618991
20090710,13.1217261296
20090711,6.41709422655
20090712,3.8876863951
20090713,0.0810896747284
20090714,0.690434622166
20090715,6.71087167659
20090716,0.123891646628
20090717,4.04879508748
20090718,4.87462990051
20090719,0.982338495038
20090720,0.0694588573992
20090721,2.34097194539
20090722,7.12824328543
20090723,0.309902439921
20090724,0.0558072573137
20090725,7.06575969663
20090726,1.74702005787
20090727,0.347188028275
20090728,14.8103782488
20090729,2.77642580122
20090730,0.0445217032126
20090731,7.84820741235
20090801,9.13057067434
20090802,0.184875212877
20090803,0.598532030119
20090804,1.72297528564
20090805,3.30524238664
20090806,1.65703596828
20090807,2.4586806848
20090808,0.122331016073
20090809,1.60619390262
20090810,3.57985538864
20090811,2.60943889213
20090812,0.845319364978
20090813,5.88826545746
20090814,1.9964415503
20090815,2.19462702269
20090816,0.342018877509
20090817,9.87468384798
20090818,0.774637267747
20090819,5.91767826838
20090820,0.479064064781
20090821,4.79188665664
20090822,1.71372137196
20090823,10.3924851481
20090824,0.327093052709
20090825,0.0907010969173
20090826,3.56211456594
20090827,0.210187021822
20090828,0.0174425487822
20090829,4.26912323728
20090830,1.53623524007
20090831,0.035406767198
20090901,4.08557335407
20090902,4.57789699061
20090903,0.198299163688
20090904,4.80204278875
20090905,0.224146688187
20090906,11.1032244438
20090907,3.44311941775
20090908,3.3092072671
20090909,4.69602361232
20090910,2.3102502068
20090911,5.0184633332
20090912,0.790319996368
20090913,1.73948171309
20090914,5.19883101293
20090915,2.04142702899
20090916,2.42211346759
20090917,3.23989780012
20090918,0.0799301838293
20090919,0.438869995526
20090920,3.66673905813
20090921,2.53268428888
20090922,0.119469922507
20090923,0.447316334332
20090924,0.869290165271
20090925,2.60753188132
20090926,4.48985662332
20090927,1.92183266322
20090928,0.48046700046
20090929,2.80788896062
20090930,0.147775847447
20091001,2.21021464114
20091002,1.4737700106
20091003,1.09804293788
20091004,1.38436417104
20091005,1.28161381322
20091006,1.089606372
20091007,1.00613911486
20091008,1.68453942848
20091009,1.09544807466
20091010,1.44032676425
20091011,0.227790598739
20091012,5.40246890886
20091013,0.646327494706
20091014,3.26269046303
20091015,5.77029767957
20091016,0.464653731537
20091017,0.456911946666
20091018,0.204555870323
20091019,0.418481825875
20091020,0.555104204282
20091021,1.96426994515
20091022,4.51244076429
20091023,1.04146614713
20091024,2.3957896433
20091025,1.7292127462
20091026,0.415284921912
20091027,0.776696417188
20091028,3.75098690272
20091029,2.46413069316
20091030,4.29385978532
20091031,0.81826174821
20091101,9.14459667603
20091102,0.421907170364
20091103,0.168223159214
20091104,0.42088734988
20091105,0.190336978531
20091106,0.0570386190033
20091107,0.0976089743147
20091108,0.647711662867
20091109,1.07700544869
20091110,0.965224794256
20091111,0.299985629598
20091112,0.897917656382
20091113,0.132104858598
20091114,1.84883376318
20091115,1.19203789904
20091116,0.117293954116
20091117,0.00171041844527
20091118,0.0
20091119,0.0
20091120,0.0
20091121,0.0
20091122,0.0
20091123,0.0
20091124,0.000239051905778
20091125,0.00171563198668
20091126,3.0236903703e-05
20091127,0.0
20091128,0.000148394139693
20091129,2.62180446343e-06
20091130,0.000164423053932
20091201,2.90500119888e-06
20091202,0.0
20091203,0.0
20091204,0.0
20091205,0.00118100554667
20091206,0.0218732502154
20091207,0.000386084524664
20091208,0.0
20091209,0.0
20091210,0.0079395922825
20091211,0.123050679791
20091212,0.100433447569
20091213,0.350470925702
20091214,0.967717752539
20091215,0.302147150658
20091216,0.0837739775315
20091217,0.0363221851737
20091218,0.0586618273883
20091219,0.00102563642433
20091220,0.00109231384833
20091221,0.000245217439774
20091222,0.762338714044
20091223,0.0554053913431
20091224,0.000740928957267
20091225,0.0
20091226,0.0172886043721
20091227,0.0112611716067
20091228,0.000193563944844
20091229,0.0
20091230,0.0
20091231,0.0
20100101,0.00711122569271
20100102,0.031443567514
20100103,0.00055332023545
20100104,0.0
20100105,0.0
20100106,2.11758204328e-05
20100107,3.74131105589e-07
20100108,0.00051459349001
20100109,9.09175923614e-06
20100110,0.0444683144931
20100111,0.223238839268
20100112,0.00739693437443
20100113,6.12485215838e-05
20100114,0.00212860072914
20100115,3.76077852758e-05
20100116,0.146310426468
20100117,0.0357304656733
20100118,0.000585609078952
20100119,0.0
20100120,0.0
20100121,0.0
20100122,0.0
20100123,0.0
20100124,0.0
20100125,0.0
20100126,0.195207142334
20100127,0.0840266168671
20100128,0.00474065215027
20100129,0.12500819214
20100130,0.0334793745166
20100131,0.000552505006211
20100201,0.0
20100202,0.0259578411986
20100203,0.000458619094653
20100204,0.04972071551
20100205,0.00597239077197
20100206,0.0746251216618
20100207,0.00131687486188
20100208,0.0
20100209,0.0
20100210,0.0
20100211,0.0299115907455
20100212,0.233335434632
20100213,1.92020994059
20100214,0.368853184451
20100215,0.557356287995
20100216,0.16950886552
20100217,12.4243127751
20100218,1.64731244279
20100219,0.454067606148
20100220,0.376625944704
20100221,0.390620864692
20100222,0.890037437084
20100223,1.59199939653
20100224,0.152258672929
20100225,0.00593116216469
20100226,0.15831655807
20100227,0.520009908422
20100228,0.117820599569
20100301,0.544296118961
20100302,0.0856162556542
20100303,0.294507988523
20100304,0.132486842001
20100305,0.0335279802563
20100306,0.0755379356406
20100307,0.0250246782389
20100308,0.59273944933
20100309,1.12906780645
20100310,3.18110266297
20100311,1.54439272824
20100312,3.37900634155
20100313,0.400715800615
20100314,0.0904367913059
20100315,0.393110061421
20100316,1.62708962204
20100317,0.538382307621
20100318,3.62536926364
20100319,0.471255413027
20100320,0.646799517521
20100321,0.265259775768
20100322,0.0160561131302
20100323,0.00020440278896
20100324,0.0
20100325,0.0
20100326,0.134472626871
20100327,0.00415705351311
20100328,0.043886743539
20100329,0.644913263693
20100330,0.0161119050009
20100331,0.341935934377
20100401,0.179506885779
20100402,0.427190940118
20100403,0.209809903882
20100404,0.324643878222
20100405,1.10988125742
20100406,2.70645747757
20100407,0.36682061212
20100408,0.00905232474876
20100409,2.39446846154
20100410,0.359802982605
20100411,0.936457416615
20100412,0.124110263702
20100413,1.39311645039
20100414,5.53556308866
20100415,0.685591941564
20100416,0.966926201916
20100417,1.03811017368
20100418,1.93824382307
20100419,0.140305301942
20100420,1.49644189967
20100421,3.25768840553
20100422,0.420545875141
20100423,8.78042865848
20100424,1.45454898965
20100425,2.99036409895
20100426,0.292517535917
20100427,8.00434629873
20100428,4.26775177075
20100429,0.139066707396
20100430,10.7667119548
20100501,0.933297987426
20100502,4.7744837919
20100503,0.448553453369
20100504,3.34118689264
20100505,1.6194332004
20100506,2.81889009363
20100507,0.692444146707
20100508,20.6729743076
20100509,0.435451099762
20100510,1.12764496805
20100511,0.961457617914
20100512,5.22996444633
20100513,1.35081035538
20100514,0.222434418772
20100515,2.56397477582
20100516,1.29734836831
20100517,0.292276615617
20100518,1.84080703772
20100519,0.107352045247
20100520,7.78019922465
20100521,7.53273785741
20100522,1.67105701015
20100523,0.399322276228
20100524,1.8036687212
20100525,8.70788352495
20100526,4.36086193847
20100527,2.26018776712
20100528,0.665855847571
20100529,0.791400346413
20100530,10.5754451947
20100531,0.733356189371
20100601,18.0360681994
20100602,5.02289402414
20100603,1.26380082163
20100604,19.4269749907
20100605,7.61263449649
20100606,0.423111219772
20100607,4.13418372068
20100608,0.49937936358
20100609,0.0989004709774
20100610,16.7849151456
20100611,10.4112044077
20100612,0.565611135322
20100613,4.5697227757
20100614,0.665365164621
20100615,1.92461809773
20100616,1.53857510747
20100617,11.3368693639
20100618,0.731864031409
20100619,0.0411247179699
20100620,0.455110429599
20100621,3.29579236619
20100622,0.327364585376
20100623,3.1616440366
20100624,2.91535532025
20100625,1.74199933468
20100626,2.24962152266
20100627,3.93293439976
20100628,0.303883917155
20100629,0.205516595076
20100630,1.1422971785
20100701,3.90711219571
20100702,4.27682175777
20100703,3.64197972046
20100704,0.10059913041
20100705,0.523476105014
20100706,8.43326652324
20100707,0.195744714546
20100708,8.43185400286
20100709,1.89843713819
20100710,2.34013384495
20100711,4.02358844348
20100712,2.87917377117
20100713,0.0613037955889
20100714,0.486901369708
20100715,0.326845490412
20100716,2.16266976863
20100717,10.537277467
20100718,0.352587803952
20100719,0.0128475353202
20100720,1.80599665207
20100721,0.528638486923
20100722,0.373019786152
20100723,10.6540360272
20100724,2.54735092831
20100725,0.107266479143
20100726,0.0643447514652
20100727,0.713722131865
20100728,1.10799649277
20100729,2.84789658825
20100730,0.745368990427
20100731,4.64740730854
20100801,1.24007578421
20100802,0.366691938046
20100803,0.740516629483
20100804,0.589596783554
20100805,0.372280107705
20100806,0.233480929067
20100807,4.71806652607
20100808,9.47813793878
20100809,1.23963088882
20100810,0.0652812852221
20100811,7.91429831998
20100812,4.55357710296
20100813,1.10828274037
20100814,2.90507930995
20100815,4.66529161879
20100816,0.30584219998
20100817,2.81479854424
20100818,2.82195263264
20100819,0.315306125236
20100820,0.147881050491
20100821,16.7632493765
20100822,6.32052890829
20100823,0.144135285684
20100824,1.56114996475
20100825,3.75769779587
20100826,0.689743399368
20100827,2.87967022432
20100828,0.46254304077
20100829,5.43604272936
20100830,0.1340292242
20100831,2.81325345178
20100901,3.81892940299
20100902,0.380352195724
20100903,1.29305044434
20100904,1.01213838649
20100905,0.753908404544
20100906,6.65438010463
20100907,0.839261896479
20100908,1.05962381444
20100909,7.34835306701
20100910,0.623031325459
20100911,1.14776290432
20100912,0.0923442131001
20100913,4.23003891829
20100914,4.17826608997
20100915,2.40802034139
20100916,1.47796020936
20100917,0.719934265948
20100918,2.12786356998
20100919,3.51910148862
20100920,1.79437216845
20100921,8.41103403962
20100922,0.273323251932
20100923,2.88134594966
20100924,2.66885416717
20100925,2.22928180265
20100926,0.346690968672
20100927,0.10575157189
20100928,6.66910105507
20100929,2.09909451401
20100930,0.158102312746
20101001,2.49725409734
20101002,4.6608388544
20101003,1.42387379246
20101004,5.63620276032
20101005,5.28851477361
20101006,1.37132927997
20101007,3.95333361148
20101008,1.44260047116
20101009,0.0632259722068
20101010,0.597712756449
20101011,1.44282334285
20101012,0.339301771171
20101013,4.74056304548
20101014,1.42210799353
20101015,1.50768876195
20101016,0.0560810206236
20101017,0.997502072153
20101018,0.77056545883
20101019,1.808184013
20101020,2.6255201683
20101021,7.22503091972
20101022,0.780519504048
20101023,1.35352270488
20101024,0.508188305799
20101025,3.90055435733
20101026,0.519352566757
20101027,1.54576974774
20101028,1.23626651655
20101029,0.201149845468
20101030,0.34969375448
20101031,0.607714073293
20101101,2.06078798997
20101102,0.246283941215
20101103,0.257399399722
20101104,0.133760281671
20101105,0.0637907382913
20101106,0.195958789834
20101107,0.509997766685
20101108,3.78656684374
20101109,0.085957578749
20101110,0.00154242566347
20101111,0.0423142363539
20101112,0.0707117137132
20101113,0.145771983331
20101114,0.333050119215
20101115,0.135265373306
20101116,0.132172356817
20101117,0.0555784102291
20101118,0.187336449798
20101119,0.0726266964971
20101120,0.0452350393139
20101121,0.171177377175
20101122,0.0067119691293
20101123,0.198866945573
20101124,0.205801025426
20101125,0.00357400421539
20101126,0.0
20101127,0.000176301255111
20101128,0.0119242961963
20101129,0.00959346959042
20101130,0.000246202657997
20101201,1.42098858663e-06
20101202,3.74640272021e-05
20101203,3.15672695923e-06
20101204,9.46407974156e-05
20101205,0.0104013667496
20101206,0.26626175846
20101207,0.134872801543
20101208,0.0608097993952
20101209,0.00408191614524
20101210,5.3854624363e-05
20101211,0.0
20101212,0.000397697823122
20101213,0.011085515028
20101214,0.000195732995273
20101215,0.0
20101216,0.0
20101217,0.0
20101218,0.0
20101219,0.0
20101220,0.000191700826137
20101221,0.000223950408471
20101222,0.00150068868079
20101223,0.0205138859085
20101224,0.00396048944442
20101225,0.00375297375092
20101226,0.124353014507
20101227,0.016047309378
20101228,0.0243078014748
20101229,0.00722166471836
20101230,0.0452457807144
20101231,0.106580436489
20110101,0.104913232521
20110102,0.0342027623476
20110103,0.0921573453369
20110104,0.00161811339322
20110105,0.0
20110106,0.0
20110107,0.000417795832386
20110108,0.0189354551801
20110109,0.00248765771353
20110110,0.231437258949
20110111,0.00408832531596
20110112,0.0
20110113,0.0279181053444
20110114,0.0138458098884
20110115,0.000235910894018
20110116,0.0
20110117,0.0902249870632
20110118,0.0133306478499
20110119,0.00192127735338
20110120,3.02812253655e-05
20110121,0.0
20110122,0.0
20110123,0.0
20110124,0.0300280676188
20110125,0.0713754573777
20110126,0.0410346035709
20110127,0.0202172415751
20110128,0.111567519137
20110129,0.0025337624014
20110130,0.00197699418346
20110131,0.189291879366
20110201,0.0260534265873
20110202,0.0778686465052
20110203,1.38038739512
20110204,1.03528567355
20110205,0.0757543650328
20110206,0.0209332945344
20110207,0.0404292698077
20110208,0.000708082936399
20110209,0.0
20110210,0.00131927075545
20110211,0.169632706069
20110212,0.00299663247464
20110213,2.66215818225
20110214,2.66431494364
20110215,0.539144089048
20110216,0.032099876904
20110217,0.0101947390891
20110218,0.0148749478313
20110219,0.549115742055
20110220,0.0159256917812
20110221,0.00300476959663
20110222,0.723015241917
20110223,0.30867888823
20110224,0.311752617036
20110225,0.0518492743969
20110226,3.96021344705
20110227,0.137100738978
20110228,0.474227987053
20110301,0.067889466088
20110302,0.00909697199359
20110303,0.2312905282
20110304,7.82987593389
20110305,0.514606560755
20110306,0.196822047222
20110307,0.850801229835
20110308,5.8694335614
20110309,0.819965688552
20110310,0.195220564409
20110311,0.136455547775
20110312,0.673225622033
20110313,2.20221869816
20110314,0.772795222508
20110315,5.0314518924
20110316,2.98266056369
20110317,0.816320373051
20110318,0.603876462879
20110319,1.72713221618
20110320,2.06815203848
20110321,0.697176808918
20110322,5.77156315392
20110323,0.673020481196
20110324,1.71949695018
20110325,0.615119336592
20110326,0.0854965270041
20110327,1.63686186564
20110328,1.63276268326
20110329,0.344690639487
20110330,1.33044381882
20110331,0.150259335489
20110401,0.0800687226208
20110402,0.505061414998
20110403,0.656288905568
20110404,3.07831364311
20110405,5.43953402988
20110406,0.601590373139
20110407,0.567028289052
20110408,0.162819466136
20110409,0.00400754501555
20110410,2.4144907352
20110411,0.713314642749
20110412,1.13459543489
20110413,3.70898586758
20110414,0.939894981109
20110415,0.298713897923
20110416,0.00556955615113
20110417,0.0405966643516
20110418,4.51732128098
20110419,0.429344077757
20110420,8.18980928892
20110421,1.37468598904
20110422,0.910979408613
20110423,1.86360160041
20110424,7.13952882582
20110425,1.12077946562
20110426,2.70476450671
20110427,0.250185495788
20110428,0.136506753049
20110429,0.715417740371
20110430,1.0855687298
20110501,4.28664064216
20110502,1.43491736854
20110503,1.82894086423
20110504,1.48727635032
20110505,0.328469834335
20110506,0.163629465855
20110507,5.25095892007
20110508,2.73314392493
20110509,5.07678834299
20110510,2.97325949439
20110511,0.518637877204
20110512,14.3910507358
20110513,1.20521038476
20110514,0.632869074047
20110515,3.41064899462
20110516,0.264641046479
20110517,0.423766582575
20110518,6.58754146608
20110519,1.1694964668
20110520,0.504333836645
20110521,5.90527439954
20110522,1.12254426447
20110523,3.84835691396
20110524,5.12694990675
20110525,0.158442506566
20110526,0.420082740594
20110527,6.3143447226
20110528,0.525236214589
20110529,2.93641733582
20110530,0.38234769592
20110531,0.666393867106
20110601,1.68239339128
20110602,0.253537772127
20110603,0.808223072129
20110604,2.40089522823
20110605,2.06037580584
20110606,0.353698895907
20110607,1.095278913
20110608,3.15988053545
20110609,0.925882913712
20110610,0.0973463762192
20110611,0.096509635382
20110612,8.24703248971
20110613,2.52476496883
20110614,3.5624899725
20110615,1.42752119859
20110616,2.78790328641
20110617,7.4302949122
20110618,5.56758317921
20110619,0.395946083609
20110620,1.17612281586
20110621,5.30704751084
20110622,0.952920616101
20110623,3.56885843641
20110624,1.5055977828
20110625,2.9511109184
20110626,1.2708314879
20110627,1.05928413472
20110628,1.38789587887
20110629,3.23506036331
20110630,7.45243801339
20110701,1.39871133613
20110702,1.97005579411
20110703,0.473665888128
20110704,2.10323305257
20110705,0.266925155196
20110706,10.7530376722
20110707,2.36286676964
20110708,0.641681584281
20110709,0.691210231256
20110710,24.0563116081
20110711,3.66342429047
20110712,0.866176991008
20110713,0.477881724747
20110714,5.13250031278
20110715,0.475998403426
20110716,10.0091031624
20110717,1.14210961619
20110718,6.25917371371
20110719,1.82063752913
20110720,0.0307995748762
20110721,8.11036886107
20110722,0.501576071426
20110723,0.247652128576
20110724,0.39481750007
20110725,1.13499481948
20110726,3.35321656317
20110727,0.11883816998
20110728,0.192109652301
20110729,2.86962399129
20110730,9.84727996925
20110731,0.836837615395
20110801,0.0878984688565
20110802,1.04990627493
20110803,2.3064314778
20110804,4.26642832175
20110805,0.136189622039
20110806,0.309702931961
20110807,5.43626329135
20110808,0.864424023944
20110809,0.873849791126
20110810,0.606660605796
20110811,0.232714359024
20110812,0.857919597418
20110813,2.0099627466
20110814,8.67198689799
20110815,0.265849255952
20110816,7.22898465748
20110817,0.370024762875
20110818,0.031218471704
20110819,0.656782122969
20110820,0.601790302534
20110821,2.24600716488
20110822,3.52752935569
20110823,0.567900179408
20110824,1.1811366315
20110825,0.908994566509
20110826,3.67815043449
20110827,4.26517505997
20110828,4.55266361787
20110829,3.062581626
20110830,0.454734845832
20110831,6.43312627576
20110901,1.46493605437
20110902,0.416080673155
20110903,2.35915303184
20110904,0.748863995422
20110905,0.423274479107
20110906,4.90372836829
20110907,1.40042569872
20110908,0.729269219905
20110909,7.73995435222
20110910,1.08868541276
20110911,0.535032126487
20110912,1.33731575822
20110913,0.386840099409
20110914,4.62580967108
20110915,1.88146383444
20110916,2.73740541377
20110917,6.51576615593
20110918,2.5996283798
20110919,1.00490852357
20110920,1.7531129433
20110921,3.7877042718
20110922,8.45214979531
20110923,1.61505211267
20110924,1.62017600766
20110925,2.64945014248
20110926,1.44733517784
20110927,3.59712467094
20110928,3.12300918911
20110929,1.51189504695
20110930,0.456597795782
20111001,3.24723315294
20111002,0.240288649531
20111003,0.624648116745
20111004,2.3904915827
20111005,1.83066762044
20111006,2.23483482581
20111007,3.63936338902
20111008,1.15942165689
20111009,0.644045706619
20111010,2.09599179913
20111011,4.47976378239
20111012,1.25758931139
20111013,1.42748433996
20111014,1.04355907495
20111015,1.44947699891
20111016,0.947293249483
20111017,0.733588471367
20111018,0.54787366567
20111019,1.264114586
20111020,0.915280921633
20111021,2.21432404691
20111022,1.00478468085
20111023,1.22305214772
20111024,0.0465222854257
20111025,0.722693290077
20111026,0.881364452517
20111027,0.152266611155
20111028,0.0456473257495
20111029,0.0471568176376
20111030,0.0232623168318
20111031,0.0510751269584
20111101,0.298425795939
20111102,0.356352999209
20111103,0.254962190709
20111104,0.0562634814915
20111105,0.0979800952609
20111106,0.0370453894106
20111107,0.0161860001357
20111108,0.0140848471739
20111109,0.00850600878107
20111110,0.0060570916801
20111111,0.106509798244
20111112,0.104136637248
20111113,0.0655253252175
20111114,0.0030679809457
20111115,0.00123922861587
20111116,0.00809484173443
20111117,0.000308902631541
20111118,2.9374620628e-06
20111119,0.0
20111120,0.0160698489637
20111121,0.0109818834278
20111122,0.00963538558875
20111123,0.236484412873
20111124,0.115967582511
20111125,0.00557029273993
20111126,0.00034309075791
20111127,0.00175615897123
20111128,0.00456319411898
20111129,0.000482720175645
20111130,0.000292285368961
20111201,5.03836559734e-06
20111202,0.0
20111203,0.0
20111204,0.0
20111205,0.0
20111206,0.0
20111207,0.0
20111208,0.0
20111209,0.0
20111210,0.0
20111211,0.0
20111212,0.0
20111213,0.0
20111214,0.0
20111215,0.0
20111216,0.0
20111217,0.00281379533857
20111218,0.00608343307453
20111219,0.0001066028146
20111220,0.0
20111221,0.000120480949977
20111222,0.00467494231242
20111223,8.2558535005e-05
20111224,0.0
20111225,0.0
20111226,0.0148491094719
20111227,0.00160110480396
20111228,2.36528783833e-05
20111229,7.48593639426e-05
20111230,0.000168973184019
20111231,2.96202501215e-06
20120101,0.0
20120102,0.00492606762886
20120103,8.70329931779e-05
20120104,0.0
20120105,0.0
20120106,0.0
20120107,0.0
20120108,0.0
20120109,0.0
20120110,0.0
20120111,0.0
20120112,0.0
20120113,0.0
20120114,0.0
20120115,0.0
20120116,0.0
20120117,0.0
20120118,0.0
20120119,0.0
20120120,0.0
20120121,0.0266973085628
20120122,0.0483453040344
20120123,0.158243867427
20120124,0.0715622427321
20120125,0.00121521832557
20120126,8.26585273194e-05
20120127,1.46039738037e-06
20120128,0.0
20120129,0.0
20120130,0.0
20120131,0.00220102324757
20120201,3.88873346024e-05
20120202,0.0
20120203,0.0083008458641
20120204,0.0782536973334
20120205,0.384389461164
20120206,0.20305905379
20120207,0.369837358074
20120208,0.0474983931077
20120209,0.00337372024629
20120210,4.68001624387e-05
20120211,0.0
20120212,0.0
20120213,0.000137533428799
20120214,0.00823268273407
20120215,0.0155266171353
20120216,0.000271752743285
20120217,0.0
20120218,0.0506497009913
20120219,1.39869508362
20120220,0.82986424864
20120221,8.33166811844
20120222,0.869668213833
20120223,0.113009809933
20120224,0.535930562883
20120225,0.00943744760933
20120226,0.0
20120227,0.0
20120228,0.060364982222
20120229,1.33193237832
20120301,0.353947700506
20120302,0.429806107548
20120303,0.883148380184
20120304,0.148827061775
20120305,2.78219045402
20120306,1.46978559343
20120307,0.881725154788
20120308,0.121642267743
20120309,0.0412676936355
20120310,3.44153793327
20120311,0.291459366552
20120312,0.00407812373306
20120313,4.82887573147e-08
20120314,0.0
20120315,0.0
20120316,0.000250018313673
20120317,4.41728495379e-06
20120318,0.00131133040016
20120319,0.100204863819
